19 0.1268960 0.4493925 0.0269295 0.0152857
31 0.0583482 0.2725150 0.0269295 0.0152857
32 0.2597074 0.4188211 0.4957476 0.4192652
27 0.1268960 0.2725150 0.0269295 0.0152857
19 0.2639916 0.2725150 0.0269295 0.0152857
2 0.3325394 0.2725150 0.0269295 0.0152857
5 0.4010872 0.2725150 0.0269295 0.0152857
7 0.4696350 0.2725150 0.0269295 0.0152857
1 0.0583482 0.3314742 0.0269295 0.0152857
26 0.1268960 0.3314742 0.0269295 0.0152857
13 0.2639916 0.3314742 0.0269295 0.0152857
21 0.3325394 0.3314742 0.0269295 0.0152857
14 0.4010872 0.3314742 0.0269295 0.0152857
20 0.4696350 0.3314742 0.0269295 0.0152857
11 0.0583482 0.3904333 0.0269295 0.0152857
10 0.2639916 0.3904333 0.0269295 0.0152857
22 0.0583482 0.4493925 0.0269295 0.0152857
31 0.1954438 0.4493925 0.0269295 0.0152857
9 0.2639916 0.4493925 0.0269295 0.0152857
28 0.3325394 0.4493925 0.0269295 0.0152857
15 0.4010872 0.4493925 0.0269295 0.0152857
25 0.4696350 0.4493925 0.0269295 0.0152857
18 0.0583482 0.5083517 0.0269295 0.0152857
33 0.1268960 0.5083517 0.0636515 0.0589592
15 0.1268960 0.5083517 0.0269295 0.0152857
24 0.3325394 0.5083517 0.0269295 0.0152857
12 0.4010872 0.5083517 0.0269295 0.0152857
30 0.4696350 0.5083517 0.0269295 0.0152857
27 0.1268960 0.3904333 0.0269295 0.0152857
11 0.1954438 0.3314742 0.0269295 0.0152857
3 0.1954438 0.2725150 0.0269295 0.0152857
12 0.1954438 0.5083517 0.0269295 0.0152857
11 0.3325394 0.3904333 0.0269295 0.0152857
9 0.1954438 0.3904333 0.0269295 0.0152857
5 0.2639916 0.5083517 0.0269295 0.0152857
16 0.4696350 0.3904333 0.0269295 0.0152857
16 0.4010872 0.3904333 0.0269295 0.0152857
