5 0.7641678 0.6348332 0.0284852 0.0172925
7 0.6191522 0.6348332 0.0284852 0.0172925
32 0.6197996 0.5351128 0.5243867 0.4426889
19 0.4016288 0.3858207 0.0284852 0.0172925
7 0.4741366 0.3858207 0.0284852 0.0172925
20 0.6191522 0.3858207 0.0284852 0.0172925
33 0.6916599 0.3852442 0.0673286 0.0622531
8 0.6916600 0.3858207 0.0284852 0.0172925
28 0.7641678 0.3858207 0.0284852 0.0172925
31 0.8366756 0.3858207 0.0284852 0.0172925
14 0.4741366 0.4474974 0.0284852 0.0161397
10 0.6191522 0.4474974 0.0284852 0.0161397
12 0.6916600 0.4474974 0.0284852 0.0161397
2 0.7641678 0.4474974 0.0284852 0.0161397
16 0.8366756 0.4474974 0.0284852 0.0161397
11 0.4016288 0.5103269 0.0284852 0.0172925
21 0.4741366 0.5103269 0.0284852 0.0172925
26 0.5466444 0.5103269 0.0284852 0.0172925
27 0.6191522 0.5103269 0.0284852 0.0172925
13 0.4016288 0.5725800 0.0284852 0.0172925
23 0.4741366 0.5725800 0.0284852 0.0172925
29 0.5466444 0.5725800 0.0284852 0.0172925
8 0.7641678 0.5725800 0.0284852 0.0172925
25 0.8366756 0.5725800 0.0284852 0.0172925
18 0.4016288 0.6348332 0.0284852 0.0172925
6 0.4741366 0.6348332 0.0284852 0.0172925
30 0.6916600 0.6348332 0.0284852 0.0172925
22 0.8366756 0.6348332 0.0284852 0.0172925
4 0.5466444 0.3858207 0.0284852 0.0172925
18 0.5466444 0.6348332 0.0284852 0.0172925
4 0.5466444 0.4474974 0.0284852 0.0161397
6 0.6916600 0.5103269 0.0284852 0.0172925
18 0.7641678 0.5103269 0.0284852 0.0172925
3 0.4016288 0.4474974 0.0284852 0.0161397
19 0.8366756 0.5103269 0.0284852 0.0172925
8 0.6191522 0.5725800 0.0284852 0.0172925
30 0.6916600 0.5725800 0.0284852 0.0172925
