20 0.4414299 0.4230050 0.0272906 0.0155680
25 0.3719627 0.5431006 0.0272906 0.0155680
32 0.5065553 0.5720125 0.5023962 0.4270066
19 0.3024956 0.4230050 0.0272907 0.0155680
6 0.5108970 0.4230050 0.0272906 0.0155680
24 0.5803642 0.4230050 0.0272906 0.0155680
16 0.6498313 0.4230050 0.0272906 0.0155680
8 0.7192984 0.4230050 0.0272907 0.0155680
10 0.3024956 0.4830528 0.0272907 0.0155680
23 0.3719627 0.4830528 0.0272906 0.0155680
18 0.4414299 0.4830528 0.0272906 0.0155680
27 0.5803642 0.4830528 0.0272906 0.0155680
33 0.6498313 0.4830528 0.0645052 0.0600478
31 0.6498313 0.4830528 0.0272906 0.0155680
4 0.3024956 0.5431006 0.0272907 0.0155680
5 0.4414299 0.5431006 0.0272906 0.0155680
7 0.5108970 0.5431006 0.0272906 0.0155680
26 0.3024956 0.6031483 0.0272907 0.0155680
13 0.3719627 0.6031483 0.0272906 0.0155680
22 0.4414299 0.6031483 0.0272906 0.0155680
31 0.5108970 0.6031483 0.0272906 0.0155680
17 0.5803642 0.6031483 0.0272906 0.0155680
11 0.7192984 0.6031483 0.0272907 0.0155680
2 0.3024956 0.6631962 0.0272907 0.0155680
15 0.3719627 0.6631962 0.0272906 0.0155680
20 0.4414299 0.6631962 0.0272906 0.0155680
21 0.5108970 0.6631962 0.0272906 0.0155680
12 0.6498313 0.6631962 0.0272906 0.0155680
7 0.6498313 0.5431006 0.0272906 0.0155680
25 0.3719627 0.4230050 0.0272906 0.0155680
2 0.5803642 0.6631962 0.0272906 0.0155680
29 0.7192984 0.4830528 0.0272907 0.0155680
18 0.6498313 0.6031483 0.0272906 0.0155680
4 0.7192984 0.5431006 0.0272907 0.0155680
24 0.5803642 0.5431006 0.0272906 0.0155680
28 0.5108970 0.4830528 0.0272906 0.0155680
12 0.7192984 0.6631962 0.0272907 0.0155680
