5 0.3674624 0.5176320 0.0283538 0.0160945
16 0.2231159 0.5176320 0.0283538 0.0160945
32 0.2907783 0.3612857 0.5219672 0.4414484
10 0.1509427 0.2072386 0.0283538 0.0160945
4 0.2231159 0.2072386 0.0283538 0.0160945
17 0.2952892 0.2072386 0.0283538 0.0160945
22 0.3674624 0.2072386 0.0283538 0.0160945
13 0.5118089 0.2072386 0.0283538 0.0160945
21 0.1509427 0.2693173 0.0283538 0.0160945
1 0.2231159 0.2693173 0.0283538 0.0160945
11 0.2952892 0.2693173 0.0283538 0.0160945
18 0.3674624 0.2693173 0.0283538 0.0160945
3 0.4396356 0.2693173 0.0283538 0.0160945
29 0.5118089 0.2693173 0.0283538 0.0160945
19 0.0787694 0.3313959 0.0283538 0.0160944
2 0.1509427 0.3313959 0.0283538 0.0160944
16 0.2231159 0.3313959 0.0283538 0.0160944
12 0.3674624 0.3313959 0.0283538 0.0160944
6 0.4396356 0.3313959 0.0283538 0.0160944
26 0.2231159 0.3934746 0.0283538 0.0160945
15 0.2952892 0.3934746 0.0283538 0.0160945
20 0.3674624 0.3934746 0.0283538 0.0160945
31 0.4396356 0.3934746 0.0283538 0.0160945
33 0.5118089 0.3934746 0.0670180 0.0620787
9 0.5118089 0.3934746 0.0283538 0.0160945
9 0.1509427 0.4555533 0.0283538 0.0160944
14 0.2231159 0.4555533 0.0283538 0.0160944
24 0.2952892 0.4555533 0.0283538 0.0160944
8 0.3674624 0.4555533 0.0283538 0.0160944
30 0.5118089 0.4555533 0.0283538 0.0160944
7 0.0787694 0.5176320 0.0283538 0.0160945
5 0.1509427 0.5176320 0.0283538 0.0160945
23 0.2952892 0.5176320 0.0283538 0.0160945
25 0.4396356 0.5176320 0.0283538 0.0160945
27 0.5118089 0.5176320 0.0283538 0.0160945
28 0.0787694 0.2693173 0.0283538 0.0160945
24 0.4396356 0.2072386 0.0283538 0.0160945
7 0.0787694 0.3934746 0.0283538 0.0160945
28 0.5118089 0.3313959 0.0283538 0.0160944
11 0.2952892 0.3313959 0.0283538 0.0160944
19 0.0787694 0.2072386 0.0283538 0.0160945
3 0.1509427 0.3934746 0.0283538 0.0160945
27 0.4396356 0.4555533 0.0283538 0.0160944
31 0.0787694 0.4555533 0.0283538 0.0160944
