24 0.1526716 0.5097022 0.0284659 0.0160142
30 0.3700480 0.5673533 0.0284660 0.0160142
32 0.2982362 0.4750047 0.5240323 0.4099634
19 0.0802128 0.3367489 0.0284659 0.0160142
26 0.2251304 0.3367489 0.0284660 0.0160142
31 0.2975892 0.3367489 0.0284660 0.0160142
15 0.3700480 0.3367489 0.0284660 0.0160142
21 0.5149656 0.3367489 0.0284660 0.0160142
9 0.0802128 0.3938662 0.0284659 0.0149466
4 0.2251304 0.3938662 0.0284660 0.0149466
22 0.2975892 0.3938662 0.0284660 0.0149466
17 0.3700480 0.3938662 0.0284660 0.0149466
30 0.4425068 0.3938662 0.0284659 0.0149466
24 0.5149656 0.3938662 0.0284660 0.0149466
29 0.0802128 0.4520511 0.0284659 0.0160142
12 0.1526716 0.4520511 0.0284659 0.0160142
3 0.3700480 0.4520511 0.0284660 0.0160142
1 0.4425068 0.4520511 0.0284659 0.0160142
14 0.0802128 0.5097022 0.0284659 0.0160142
7 0.3700480 0.5097022 0.0284660 0.0160142
10 0.4425068 0.5097022 0.0284659 0.0160142
28 0.5149656 0.5097022 0.0284660 0.0160142
8 0.0802128 0.5673533 0.0284659 0.0160142
16 0.1526716 0.5673533 0.0284659 0.0160142
25 0.2251304 0.5673533 0.0284660 0.0160142
2 0.2975892 0.5673533 0.0284660 0.0160142
33 0.4425068 0.5668195 0.0672831 0.0576511
16 0.4425068 0.5673533 0.0284659 0.0160142
3 0.2975892 0.5097022 0.0284660 0.0160142
28 0.1526716 0.3938662 0.0284659 0.0149466
12 0.5149656 0.4520511 0.0284660 0.0160142
26 0.2251304 0.4520511 0.0284660 0.0160142
25 0.2251304 0.5097022 0.0284660 0.0160142
22 0.1526716 0.3367489 0.0284659 0.0160142
8 0.2975892 0.4520511 0.0284660 0.0160142
10 0.4425068 0.3367489 0.0284659 0.0160142
28 0.5149656 0.5673533 0.0284660 0.0160142
