29 0.8030061 0.6099615 0.0276875 0.0160651
25 0.5210958 0.6719267 0.0276876 0.0160651
32 0.5871685 0.6397965 0.5097039 0.4406413
2 0.3801406 0.4860311 0.0276876 0.0160651
31 0.4506182 0.4860311 0.0276876 0.0160651
8 0.5210958 0.4860311 0.0276876 0.0160651
12 0.5915733 0.4860311 0.0276876 0.0160651
9 0.6620509 0.4860311 0.0276876 0.0160651
21 0.3801406 0.5479963 0.0276876 0.0160651
1 0.5210958 0.5479963 0.0276876 0.0160651
25 0.5915733 0.5479963 0.0276876 0.0160651
33 0.7325285 0.5479963 0.0654435 0.0619652
29 0.7325285 0.5479963 0.0276876 0.0160651
19 0.8030061 0.5479963 0.0276875 0.0160651
11 0.3801406 0.6099615 0.0276876 0.0160651
17 0.4506182 0.6099615 0.0276876 0.0160651
30 0.5210958 0.6099615 0.0276876 0.0160651
26 0.5915733 0.6099615 0.0276876 0.0160651
3 0.6620509 0.6099615 0.0276876 0.0160651
6 0.7325285 0.6099615 0.0276876 0.0160651
13 0.3801406 0.6719267 0.0276876 0.0160651
7 0.5915733 0.6719267 0.0276876 0.0160651
24 0.6620509 0.6719267 0.0276876 0.0160651
15 0.7325285 0.6719267 0.0276876 0.0160651
10 0.3801406 0.7338919 0.0276876 0.0160650
20 0.4506182 0.7338919 0.0276876 0.0160650
14 0.5210958 0.7338919 0.0276876 0.0160650
22 0.7325285 0.7338919 0.0276876 0.0160650
5 0.8030061 0.7338919 0.0276875 0.0160650
23 0.3801406 0.7958571 0.0276876 0.0160651
29 0.5210958 0.7958571 0.0276876 0.0160651
18 0.5915733 0.7958571 0.0276876 0.0160651
4 0.6620509 0.7958571 0.0276876 0.0160651
27 0.7325285 0.7958571 0.0276876 0.0160651
16 0.8030061 0.7958571 0.0276875 0.0160651
28 0.7325285 0.4860311 0.0276876 0.0160651
6 0.6620509 0.5479963 0.0276876 0.0160651
21 0.4506182 0.6719267 0.0276876 0.0160651
5 0.5915733 0.7338919 0.0276876 0.0160650
15 0.6620509 0.7338919 0.0276876 0.0160650
31 0.4506182 0.7958571 0.0276876 0.0160651
21 0.4506182 0.5479963 0.0276876 0.0160651
29 0.8030061 0.6719267 0.0276875 0.0160651
16 0.8030061 0.4860311 0.0276875 0.0160651
