4 0.5281918 0.4847340 0.0272395 0.0153794
21 0.1121696 0.4847340 0.0272396 0.0153794
32 0.3158472 0.5726162 0.5014554 0.4218349
2 0.1815067 0.4254134 0.0272395 0.0153794
33 0.2508437 0.4254134 0.0643844 0.0593205
16 0.2508437 0.4254134 0.0272396 0.0153794
1 0.3201807 0.4254134 0.0272396 0.0153794
10 0.3895177 0.4254134 0.0272396 0.0153794
25 0.4588548 0.4254134 0.0272396 0.0153794
3 0.5281918 0.4254134 0.0272395 0.0153794
23 0.2508437 0.4847340 0.0272396 0.0153794
22 0.3895177 0.4847340 0.0272396 0.0153794
11 0.4588548 0.4847340 0.0272396 0.0153794
26 0.1121696 0.5440545 0.0272396 0.0153794
29 0.1815067 0.5440545 0.0272395 0.0153794
19 0.2508437 0.5440545 0.0272396 0.0153794
28 0.3201807 0.5440545 0.0272396 0.0153794
5 0.4588548 0.5440545 0.0272396 0.0153794
6 0.1121696 0.6033750 0.0272396 0.0153794
8 0.2508437 0.6033750 0.0272396 0.0153794
20 0.3201807 0.6033750 0.0272396 0.0153794
12 0.3895177 0.6033750 0.0272396 0.0153794
27 0.1121696 0.6626955 0.0272396 0.0153794
14 0.1815067 0.6626955 0.0272395 0.0153794
7 0.2508437 0.6626955 0.0272396 0.0153794
16 0.3895177 0.6626955 0.0272396 0.0153794
15 0.4588548 0.6626955 0.0272396 0.0153794
9 0.5281918 0.6626955 0.0272395 0.0153794
7 0.1121696 0.4254134 0.0272396 0.0153794
25 0.5281918 0.5440545 0.0272395 0.0153794
14 0.3201807 0.6626955 0.0272396 0.0153794
15 0.1815067 0.6033750 0.0272395 0.0153794
30 0.3201807 0.4847340 0.0272396 0.0153794
13 0.1815067 0.4847340 0.0272395 0.0153794
26 0.5281918 0.6033750 0.0272395 0.0153794
19 0.4588548 0.6033750 0.0272396 0.0153794
6 0.3895177 0.5440545 0.0272396 0.0153794
