16 0.8347610 0.4310902 0.0272778 0.0148106
1 0.7653269 0.5453435 0.0272777 0.0148107
32 0.6221190 0.5728489 0.5021576 0.4062341
9 0.4181562 0.4310902 0.0272777 0.0148106
18 0.4875903 0.4310902 0.0272777 0.0148106
2 0.5570245 0.4310902 0.0272777 0.0148106
14 0.6264587 0.4310902 0.0272777 0.0148106
22 0.6958928 0.4310902 0.0272777 0.0148106
8 0.7653269 0.4310902 0.0272777 0.0148106
16 0.4875903 0.4882168 0.0272777 0.0148106
23 0.5570245 0.4882168 0.0272777 0.0148106
31 0.6264587 0.4882168 0.0272777 0.0148106
15 0.6958928 0.4882168 0.0272777 0.0148106
33 0.7653269 0.4882168 0.0644746 0.0571267
3 0.7653269 0.4882168 0.0272777 0.0148106
30 0.4875903 0.5453435 0.0272777 0.0148107
13 0.5570245 0.5453435 0.0272777 0.0148107
4 0.6958928 0.5453435 0.0272777 0.0148107
1 0.8347610 0.5453435 0.0272778 0.0148107
25 0.4181562 0.6024702 0.0272777 0.0148107
7 0.4875903 0.6024702 0.0272777 0.0148107
29 0.5570245 0.6024702 0.0272777 0.0148107
17 0.6264587 0.6024702 0.0272777 0.0148107
3 0.6958928 0.6024702 0.0272777 0.0148107
26 0.7653269 0.6024702 0.0272777 0.0148107
24 0.4181562 0.6595968 0.0272777 0.0148107
6 0.4875903 0.6595968 0.0272777 0.0148107
5 0.5570245 0.6595968 0.0272777 0.0148107
12 0.7653269 0.6595968 0.0272777 0.0148107
21 0.4181562 0.7167235 0.0272777 0.0148107
20 0.5570245 0.7167235 0.0272777 0.0148107
27 0.6264587 0.7167235 0.0272777 0.0148107
19 0.6958928 0.7167235 0.0272777 0.0148107
11 0.7653269 0.7167235 0.0272777 0.0148107
10 0.8347610 0.7167235 0.0272778 0.0148107
21 0.4181562 0.5453435 0.0272777 0.0148107
15 0.6264587 0.5453435 0.0272777 0.0148107
17 0.4181562 0.4882168 0.0272777 0.0148106
24 0.8347610 0.4882168 0.0272778 0.0148106
28 0.4875903 0.7167235 0.0272777 0.0148107
28 0.8347610 0.6024702 0.0272778 0.0148107
26 0.6958928 0.6595968 0.0272777 0.0148107
11 0.6264587 0.6595968 0.0272777 0.0148107
11 0.8347610 0.6595968 0.0272778 0.0148107
