23 0.1912124 0.4930868 0.0287538 0.0156754
6 0.5571700 0.4326245 0.0287538 0.0156754
32 0.3330209 0.5221982 0.5293315 0.4299538
13 0.1180209 0.3721623 0.0287538 0.0156754
23 0.1912124 0.3721623 0.0287538 0.0156754
6 0.2644039 0.3721623 0.0287538 0.0156754
25 0.3375954 0.3721623 0.0287538 0.0156754
33 0.4107869 0.3721623 0.0679636 0.0604623
7 0.4107869 0.3721623 0.0287538 0.0156754
11 0.4839784 0.3721623 0.0287538 0.0156754
3 0.5571700 0.3721623 0.0287538 0.0156754
21 0.1180209 0.4326245 0.0287538 0.0156754
26 0.2644039 0.4326245 0.0287538 0.0156754
20 0.4839784 0.4326245 0.0287538 0.0156754
2 0.3375954 0.4930868 0.0287538 0.0156754
7 0.4107869 0.4930868 0.0287538 0.0156754
22 0.4839784 0.4930868 0.0287538 0.0156754
29 0.5571700 0.4930868 0.0287538 0.0156754
4 0.1180209 0.5535491 0.0287538 0.0156755
1 0.1912124 0.5535491 0.0287538 0.0156755
14 0.3375954 0.5535491 0.0287538 0.0156755
27 0.4107869 0.5535491 0.0287538 0.0156755
12 0.4839784 0.5535491 0.0287538 0.0156755
28 0.5571700 0.5535491 0.0287538 0.0156755
18 0.2644039 0.6140114 0.0287538 0.0156754
8 0.3375954 0.6140114 0.0287538 0.0156754
30 0.4839784 0.6140114 0.0287538 0.0156754
15 0.5571700 0.6140114 0.0287538 0.0156754
20 0.1912124 0.4326245 0.0287538 0.0156754
30 0.1912124 0.6140114 0.0287538 0.0156754
20 0.4107869 0.6140114 0.0287538 0.0156754
11 0.3375954 0.4326245 0.0287538 0.0156754
3 0.1180209 0.4930868 0.0287538 0.0156754
6 0.2644039 0.5535491 0.0287538 0.0156755
27 0.4107869 0.4326245 0.0287538 0.0156754
17 0.2644039 0.4930868 0.0287538 0.0156754
25 0.1180209 0.6140114 0.0287538 0.0156754
