31 0.5154579 0.5018319 0.0281038 0.0159932
13 0.1577736 0.3167670 0.0281038 0.0159932
32 0.2963763 0.4698454 0.5173647 0.4386724
19 0.0862368 0.3167670 0.0281038 0.0159932
18 0.2293105 0.3167670 0.0281038 0.0159932
24 0.3008474 0.3167670 0.0281038 0.0159932
7 0.3723842 0.3167670 0.0281038 0.0159932
30 0.4439211 0.3167670 0.0281038 0.0159932
9 0.5154579 0.3167670 0.0281038 0.0159932
5 0.1577736 0.3784553 0.0281038 0.0159933
29 0.3008474 0.3784553 0.0281038 0.0159933
33 0.3723842 0.3784553 0.0664271 0.0616883
12 0.3723842 0.3784553 0.0281038 0.0159933
28 0.4439211 0.3784553 0.0281038 0.0159933
27 0.3008474 0.4401436 0.0281038 0.0159932
8 0.4439211 0.4401436 0.0281038 0.0159932
13 0.5154579 0.4401436 0.0281038 0.0159932
4 0.0862368 0.5018319 0.0281038 0.0159932
23 0.1577736 0.5018319 0.0281038 0.0159932
14 0.2293105 0.5018319 0.0281038 0.0159932
17 0.3008474 0.5018319 0.0281038 0.0159932
21 0.3723842 0.5018319 0.0281038 0.0159932
12 0.4439211 0.5018319 0.0281038 0.0159932
10 0.0862368 0.5635202 0.0281038 0.0159932
16 0.1577736 0.5635202 0.0281038 0.0159932
26 0.2293105 0.5635202 0.0281038 0.0159932
22 0.3723842 0.5635202 0.0281038 0.0159932
3 0.4439211 0.5635202 0.0281038 0.0159932
31 0.5154579 0.5635202 0.0281038 0.0159932
25 0.0862368 0.6252085 0.0281038 0.0159932
11 0.1577736 0.6252085 0.0281038 0.0159932
20 0.2293105 0.6252085 0.0281038 0.0159932
1 0.3723842 0.6252085 0.0281038 0.0159932
2 0.4439211 0.6252085 0.0281038 0.0159932
6 0.5154579 0.6252085 0.0281038 0.0159932
17 0.2293105 0.3784553 0.0281038 0.0159933
4 0.0862368 0.3784553 0.0281038 0.0159933
16 0.3008474 0.5635202 0.0281038 0.0159932
14 0.5154579 0.3784553 0.0281038 0.0159933
1 0.2293105 0.4401436 0.0281038 0.0159932
24 0.3723842 0.4401436 0.0281038 0.0159932
30 0.3008474 0.6252085 0.0281038 0.0159932
19 0.0862368 0.4401436 0.0281038 0.0159932
5 0.1577736 0.4401436 0.0281038 0.0159932
