27 0.2921938 0.4772170 0.0272409 0.0154083
16 0.2921938 0.2989210 0.0272409 0.0154083
32 0.3572005 0.3869685 0.5014803 0.4226277
14 0.1535128 0.2394890 0.0272409 0.0154083
15 0.2921938 0.2394890 0.0272409 0.0154083
13 0.4308748 0.2394890 0.0272409 0.0154083
29 0.5695557 0.2394890 0.0272409 0.0154083
8 0.1535128 0.2989210 0.0272409 0.0154083
3 0.4308748 0.2989210 0.0272409 0.0154083
31 0.5002153 0.2989210 0.0272409 0.0154083
6 0.5695557 0.2989210 0.0272409 0.0154083
20 0.2921938 0.3583530 0.0272409 0.0154083
2 0.3615343 0.3583530 0.0272409 0.0154083
22 0.4308748 0.3583530 0.0272409 0.0154083
11 0.5002153 0.3583530 0.0272409 0.0154083
21 0.5695557 0.3583530 0.0272409 0.0154083
25 0.1535128 0.4177850 0.0272409 0.0154083
18 0.2228533 0.4177850 0.0272409 0.0154083
4 0.2921938 0.4177850 0.0272409 0.0154083
17 0.3615343 0.4177850 0.0272409 0.0154083
30 0.4308748 0.4177850 0.0272409 0.0154083
12 0.5695557 0.4177850 0.0272409 0.0154083
10 0.1535128 0.4772170 0.0272409 0.0154083
7 0.3615343 0.4772170 0.0272409 0.0154083
33 0.4308748 0.4772170 0.0643876 0.0594320
11 0.4308748 0.4772170 0.0272409 0.0154083
24 0.5002153 0.4772170 0.0272409 0.0154083
26 0.5695557 0.4772170 0.0272409 0.0154083
30 0.5002153 0.4177850 0.0272409 0.0154083
15 0.3615343 0.2394890 0.0272409 0.0154083
17 0.2228533 0.4772170 0.0272409 0.0154083
5 0.2228533 0.3583530 0.0272409 0.0154083
5 0.2228533 0.2989210 0.0272409 0.0154083
24 0.3615343 0.2989210 0.0272409 0.0154083
3 0.2228533 0.2394890 0.0272409 0.0154083
1 0.1535128 0.3583530 0.0272409 0.0154083
3 0.5002153 0.2394890 0.0272409 0.0154083
