18 0.2850747 0.6657746 0.0264855 0.0158259
7 0.3524924 0.4216027 0.0264856 0.0158259
32 0.4831142 0.5730797 0.4875746 0.4340833
33 0.2850747 0.4216027 0.0626022 0.0610430
16 0.2850747 0.4216027 0.0264855 0.0158259
28 0.4199102 0.4216027 0.0264855 0.0158259
7 0.5547456 0.4216027 0.0264855 0.0158259
14 0.6221633 0.4216027 0.0264855 0.0158259
5 0.2850747 0.4826457 0.0264855 0.0158259
24 0.3524924 0.4826457 0.0264856 0.0158259
27 0.6221633 0.4826457 0.0264855 0.0158259
12 0.6895810 0.4826457 0.0264855 0.0158259
3 0.2850747 0.5436887 0.0264855 0.0158259
6 0.3524924 0.5436887 0.0264856 0.0158259
2 0.4873279 0.5436887 0.0264856 0.0158259
25 0.5547456 0.5436887 0.0264855 0.0158259
8 0.6221633 0.5436887 0.0264855 0.0158259
22 0.6895810 0.5436887 0.0264855 0.0158259
29 0.2850747 0.6047316 0.0264855 0.0158259
21 0.3524924 0.6047316 0.0264856 0.0158259
26 0.4873279 0.6047316 0.0264856 0.0158259
11 0.5547456 0.6047316 0.0264855 0.0158259
4 0.6221633 0.6047316 0.0264855 0.0158259
23 0.6895810 0.6047316 0.0264855 0.0158259
15 0.3524924 0.6657746 0.0264856 0.0158259
10 0.4873279 0.6657746 0.0264856 0.0158259
20 0.6221633 0.6657746 0.0264855 0.0158259
16 0.6895810 0.6657746 0.0264855 0.0158259
11 0.4199102 0.5436887 0.0264855 0.0158259
13 0.4199102 0.6047316 0.0264855 0.0158259
6 0.4873279 0.4216027 0.0264856 0.0158259
9 0.4199102 0.6657746 0.0264855 0.0158259
20 0.4199102 0.4826457 0.0264855 0.0158259
3 0.5547456 0.6657746 0.0264855 0.0158259
27 0.5547456 0.4826457 0.0264855 0.0158259
29 0.4873279 0.4826457 0.0264856 0.0158259
28 0.6895810 0.4216027 0.0264855 0.0158259
