10 0.4588796 0.1967332 0.0269159 0.0163060
19 0.5273928 0.3141366 0.0269159 0.0163060
32 0.3224648 0.3375085 0.4954976 0.4174343
8 0.1163134 0.1967332 0.0269159 0.0163060
7 0.1848266 0.1967332 0.0269159 0.0163060
15 0.2533398 0.1967332 0.0269159 0.0163060
22 0.3903664 0.1967332 0.0269159 0.0163060
6 0.5273928 0.1967332 0.0269159 0.0163060
33 0.1163134 0.2548913 0.0636194 0.0587017
17 0.1163134 0.2548913 0.0269159 0.0152189
16 0.3218531 0.2548913 0.0269159 0.0152189
19 0.4588796 0.2548913 0.0269159 0.0152189
28 0.5273928 0.2548913 0.0269159 0.0152189
9 0.1163134 0.3141366 0.0269159 0.0163060
31 0.1848266 0.3141366 0.0269159 0.0163060
24 0.2533398 0.3141366 0.0269159 0.0163060
29 0.3218531 0.3141366 0.0269159 0.0163060
12 0.3903664 0.3141366 0.0269159 0.0163060
20 0.4588796 0.3141366 0.0269159 0.0163060
10 0.1163134 0.3728383 0.0269159 0.0163060
5 0.3903664 0.3728383 0.0269159 0.0163060
3 0.4588796 0.3728383 0.0269159 0.0163060
27 0.5273928 0.3728383 0.0269159 0.0163060
26 0.1163134 0.4315400 0.0269159 0.0163060
17 0.1848266 0.4315400 0.0269159 0.0163060
1 0.2533398 0.4315400 0.0269159 0.0163060
13 0.3903664 0.4315400 0.0269159 0.0163060
23 0.5273928 0.4315400 0.0269159 0.0163060
18 0.3218531 0.3728383 0.0269159 0.0163060
20 0.2533398 0.2548913 0.0269159 0.0152189
7 0.1848266 0.3728383 0.0269159 0.0163060
24 0.3218531 0.1967332 0.0269159 0.0163060
21 0.3903664 0.2548913 0.0269159 0.0152189
2 0.3218531 0.4315400 0.0269159 0.0163060
5 0.1848266 0.2548913 0.0269159 0.0152189
13 0.2533398 0.3728383 0.0269159 0.0163060
14 0.4588796 0.4315400 0.0269159 0.0163060
