2 0.2589866 0.4419210 0.0285269 0.0149155
6 0.6946700 0.3843896 0.0285269 0.0149155
32 0.4722899 0.5271526 0.5251540 0.4091116
11 0.2589866 0.3843896 0.0285269 0.0149155
19 0.4042144 0.3843896 0.0285269 0.0149155
31 0.4768283 0.3843896 0.0285269 0.0149155
14 0.5494422 0.3843896 0.0285269 0.0149155
27 0.6220561 0.3843896 0.0285269 0.0149155
17 0.3316005 0.4419210 0.0285269 0.0149155
20 0.4042144 0.4419210 0.0285269 0.0149155
2 0.4768283 0.4419210 0.0285269 0.0149155
16 0.2589866 0.4994523 0.0285269 0.0149156
30 0.3316005 0.4994523 0.0285269 0.0149156
3 0.4768283 0.4994523 0.0285269 0.0149156
10 0.5494422 0.4994523 0.0285269 0.0149156
25 0.6220561 0.4994523 0.0285269 0.0149156
9 0.6946700 0.4994523 0.0285269 0.0149156
8 0.2589866 0.5569836 0.0285269 0.0149156
33 0.3316005 0.5569836 0.0674272 0.0575313
2 0.3316005 0.5569836 0.0285269 0.0149156
1 0.4768283 0.5569836 0.0285269 0.0149156
15 0.5494422 0.5569836 0.0285269 0.0149156
29 0.2589866 0.6145149 0.0285269 0.0149155
7 0.3316005 0.6145149 0.0285269 0.0149155
23 0.4042144 0.6145149 0.0285269 0.0149155
12 0.5494422 0.6145149 0.0285269 0.0149155
24 0.6220561 0.6145149 0.0285269 0.0149155
5 0.6946700 0.6145149 0.0285269 0.0149155
18 0.4768283 0.6145149 0.0285269 0.0149155
23 0.6946700 0.4419210 0.0285269 0.0149155
1 0.6220561 0.4419210 0.0285269 0.0149155
23 0.4042144 0.4994523 0.0285269 0.0149156
25 0.5494422 0.4419210 0.0285269 0.0149155
17 0.3316005 0.3843896 0.0285269 0.0149155
2 0.6946700 0.5569836 0.0285269 0.0149156
5 0.6220561 0.5569836 0.0285269 0.0149156
28 0.4042144 0.5569836 0.0285269 0.0149156
