31 0.2805958 0.5716219 0.0269670 0.0149151
31 0.4178822 0.5140922 0.0269670 0.0149151
32 0.4822351 0.4842620 0.4964371 0.4091000
27 0.2805958 0.3415032 0.0269670 0.0149151
7 0.3492390 0.3415032 0.0269670 0.0149151
8 0.5551685 0.3415032 0.0269669 0.0149151
1 0.6924548 0.3415032 0.0269670 0.0149151
30 0.2805958 0.3990329 0.0269670 0.0149151
6 0.4178822 0.3990329 0.0269670 0.0149151
29 0.4865253 0.3990329 0.0269669 0.0149151
13 0.5551685 0.3990329 0.0269669 0.0149151
26 0.6924548 0.3990329 0.0269670 0.0149151
23 0.2805958 0.4565625 0.0269670 0.0149151
2 0.4178822 0.4565625 0.0269670 0.0149151
15 0.4865253 0.4565625 0.0269669 0.0149151
5 0.6238116 0.4565625 0.0269670 0.0149151
31 0.2805958 0.5140922 0.0269670 0.0149151
33 0.3492390 0.5140922 0.0637401 0.0575297
11 0.3492390 0.5140922 0.0269670 0.0149151
24 0.4865253 0.5140922 0.0269669 0.0149151
16 0.5551685 0.5140922 0.0269669 0.0149151
11 0.6238116 0.5140922 0.0269670 0.0149151
12 0.6924548 0.5140922 0.0269670 0.0149151
19 0.3492390 0.5716219 0.0269670 0.0149151
18 0.4178822 0.5716219 0.0269670 0.0149151
21 0.4865253 0.5716219 0.0269669 0.0149151
22 0.5551685 0.5716219 0.0269669 0.0149151
25 0.6238116 0.5716219 0.0269670 0.0149151
30 0.3492390 0.4565625 0.0269670 0.0149151
1 0.5551685 0.4565625 0.0269669 0.0149151
16 0.4178822 0.3415032 0.0269670 0.0149151
17 0.4865253 0.3415032 0.0269669 0.0149151
17 0.6924548 0.4565625 0.0269670 0.0149151
17 0.6924548 0.5716219 0.0269670 0.0149151
16 0.3492390 0.3990329 0.0269670 0.0149151
7 0.6238116 0.3990329 0.0269670 0.0149151
1 0.6238116 0.3415032 0.0269670 0.0149151
