29 0.4780627 0.4641001 0.0278600 0.0153621
8 0.5489790 0.5826085 0.0278600 0.0153622
32 0.4027141 0.4333757 0.5128772 0.4213632
3 0.1943973 0.2863375 0.0278600 0.0153622
5 0.4071463 0.2863375 0.0278600 0.0153622
17 0.4780627 0.2863375 0.0278600 0.0153622
1 0.5489790 0.2863375 0.0278600 0.0153622
24 0.6198954 0.2863375 0.0278600 0.0153622
16 0.1943973 0.3455917 0.0278600 0.0153622
26 0.3362300 0.3455917 0.0278600 0.0153622
2 0.4071463 0.3455917 0.0278600 0.0153622
14 0.4780627 0.3455917 0.0278600 0.0153622
9 0.6198954 0.3455917 0.0278600 0.0153622
22 0.1943973 0.4048459 0.0278600 0.0153622
28 0.2653136 0.4048459 0.0278600 0.0153622
20 0.3362300 0.4048459 0.0278600 0.0153622
25 0.4071463 0.4048459 0.0278600 0.0153622
8 0.5489790 0.4048459 0.0278600 0.0153622
21 0.6198954 0.4048459 0.0278600 0.0153622
19 0.1943973 0.4641001 0.0278600 0.0153621
10 0.2653136 0.4641001 0.0278600 0.0153621
4 0.3362300 0.4641001 0.0278600 0.0153621
15 0.4071463 0.4641001 0.0278600 0.0153621
11 0.5489790 0.4641001 0.0278600 0.0153621
33 0.6198954 0.4641001 0.0658509 0.0592542
4 0.6198954 0.4641001 0.0278600 0.0153621
12 0.1943973 0.5233543 0.0278600 0.0153622
30 0.3362300 0.5233543 0.0278600 0.0153622
23 0.4071463 0.5233543 0.0278600 0.0153622
27 0.4780627 0.5233543 0.0278600 0.0153622
13 0.5489790 0.5233543 0.0278600 0.0153622
31 0.6198954 0.5233543 0.0278600 0.0153622
29 0.2653136 0.5826085 0.0278600 0.0153622
18 0.3362300 0.5826085 0.0278600 0.0153622
6 0.4780627 0.5826085 0.0278600 0.0153622
8 0.6198954 0.5826085 0.0278600 0.0153622
28 0.2653136 0.5233543 0.0278600 0.0153622
21 0.5489790 0.3455917 0.0278600 0.0153622
3 0.2653136 0.3455917 0.0278600 0.0153622
25 0.4071463 0.5826085 0.0278600 0.0153622
4 0.1943973 0.5826085 0.0278600 0.0153622
26 0.2653136 0.2863375 0.0278600 0.0153622
10 0.4780627 0.4048459 0.0278600 0.0153622
25 0.3362300 0.2863375 0.0278600 0.0153622
