12 0.4830493 0.5206720 0.0283546 0.0162064
7 0.6995749 0.2706304 0.0283545 0.0162064
32 0.6228888 0.4257488 0.5219814 0.4445185
3 0.4108741 0.2706304 0.0283545 0.0162064
23 0.4830493 0.2706304 0.0283546 0.0162064
9 0.6273997 0.2706304 0.0283546 0.0162064
12 0.8439253 0.2706304 0.0283545 0.0162064
7 0.4108741 0.3331408 0.0283545 0.0162064
29 0.4830493 0.3331408 0.0283546 0.0162064
5 0.5552245 0.3331408 0.0283546 0.0162064
24 0.6273997 0.3331408 0.0283546 0.0162064
22 0.6995749 0.3331408 0.0283545 0.0162064
6 0.4108741 0.3956512 0.0283545 0.0162064
18 0.5552245 0.3956512 0.0283546 0.0162064
30 0.6273997 0.3956512 0.0283546 0.0162064
14 0.6995749 0.3956512 0.0283545 0.0162064
8 0.7717502 0.3956512 0.0283546 0.0162064
4 0.8439253 0.3956512 0.0283545 0.0162064
13 0.4108741 0.4581616 0.0283545 0.0162064
31 0.4830493 0.4581616 0.0283546 0.0162064
33 0.6995749 0.4581616 0.0670199 0.0625104
1 0.6995749 0.4581616 0.0283545 0.0162064
19 0.7717502 0.4581616 0.0283546 0.0162064
10 0.8439253 0.4581616 0.0283545 0.0162064
27 0.4108741 0.5206720 0.0283545 0.0162064
26 0.5552245 0.5206720 0.0283546 0.0162064
20 0.6995749 0.5206720 0.0283545 0.0162064
28 0.8439253 0.5206720 0.0283545 0.0162064
15 0.7717502 0.3331408 0.0283546 0.0162064
28 0.5552245 0.2706304 0.0283546 0.0162064
1 0.5552245 0.4581616 0.0283546 0.0162064
22 0.6273997 0.5206720 0.0283546 0.0162064
3 0.7717502 0.5206720 0.0283546 0.0162064
21 0.6273997 0.4581616 0.0283546 0.0162064
20 0.4830493 0.3956512 0.0283546 0.0162064
19 0.8439253 0.3331408 0.0283545 0.0162064
2 0.7717502 0.2706304 0.0283546 0.0162064
