3 0.1709764 0.3632344 0.0278174 0.0157039
31 0.3834007 0.4849394 0.0278175 0.0168256
32 0.3132248 0.4484840 0.5120941 0.4307351
12 0.1001684 0.3032231 0.0278174 0.0168256
8 0.1709764 0.3032231 0.0278174 0.0168256
11 0.2417845 0.3032231 0.0278175 0.0168256
17 0.3834007 0.3032231 0.0278175 0.0168256
30 0.4542088 0.3032231 0.0278175 0.0168256
29 0.5250168 0.3032231 0.0278175 0.0168256
10 0.1001684 0.3632344 0.0278174 0.0157039
23 0.3125926 0.3632344 0.0278174 0.0157039
19 0.4542088 0.3632344 0.0278175 0.0157039
28 0.5250168 0.3632344 0.0278175 0.0157039
5 0.2417845 0.4243673 0.0278175 0.0168256
2 0.3125926 0.4243673 0.0278174 0.0168256
26 0.3834007 0.4243673 0.0278175 0.0168256
3 0.4542088 0.4243673 0.0278175 0.0168256
33 0.5250168 0.4238065 0.0657504 0.0605722
3 0.5250168 0.4243673 0.0278175 0.0168256
25 0.1709764 0.4849394 0.0278174 0.0168256
14 0.2417845 0.4849394 0.0278175 0.0168256
15 0.3125926 0.4849394 0.0278174 0.0168256
27 0.4542088 0.4849394 0.0278175 0.0168256
16 0.1001684 0.5455115 0.0278174 0.0168256
24 0.1709764 0.5455115 0.0278174 0.0168256
9 0.2417845 0.5455115 0.0278175 0.0168256
21 0.3834007 0.5455115 0.0278175 0.0168256
6 0.4542088 0.5455115 0.0278175 0.0168256
24 0.3834007 0.3632344 0.0278175 0.0157039
12 0.3125926 0.3032231 0.0278174 0.0168256
12 0.3125926 0.5455115 0.0278174 0.0168256
10 0.5250168 0.5455115 0.0278175 0.0168256
6 0.5250168 0.4849394 0.0278175 0.0168256
22 0.2417845 0.3632344 0.0278175 0.0157039
15 0.1709764 0.4243673 0.0278174 0.0168256
19 0.1001684 0.4849394 0.0278174 0.0168256
4 0.1001684 0.4243673 0.0278174 0.0168256
