12 0.3670123 0.6017353 0.0288457 0.0162609
12 0.6607137 0.6644560 0.0288457 0.0162610
32 0.5826993 0.6319342 0.5310225 0.4460139
24 0.3670123 0.4762939 0.0288457 0.0162609
9 0.5138630 0.4762939 0.0288457 0.0162609
30 0.5872884 0.4762939 0.0288457 0.0162609
31 0.6607137 0.4762939 0.0288457 0.0162609
26 0.7341390 0.4762939 0.0288457 0.0162609
6 0.4404377 0.5390146 0.0288457 0.0162609
3 0.5872884 0.5390146 0.0288457 0.0162609
33 0.6607137 0.5390146 0.0681807 0.0627208
15 0.6607137 0.5390146 0.0288457 0.0162609
7 0.7341390 0.5390146 0.0288457 0.0162609
11 0.8075643 0.5390146 0.0288457 0.0162609
10 0.5138630 0.6017353 0.0288457 0.0162609
21 0.5872884 0.6017353 0.0288457 0.0162609
1 0.6607137 0.6017353 0.0288457 0.0162609
2 0.7341390 0.6017353 0.0288457 0.0162609
4 0.8075643 0.6017353 0.0288457 0.0162609
25 0.4404377 0.6644560 0.0288457 0.0162610
15 0.5138630 0.6644560 0.0288457 0.0162610
22 0.5872884 0.6644560 0.0288457 0.0162610
12 0.7341390 0.6644560 0.0288457 0.0162610
18 0.8075643 0.6644560 0.0288457 0.0162610
17 0.5138630 0.7271767 0.0288457 0.0162610
29 0.5872884 0.7271767 0.0288457 0.0162610
27 0.6607137 0.7271767 0.0288457 0.0162610
19 0.7341390 0.7271767 0.0288457 0.0162610
20 0.8075643 0.7271767 0.0288457 0.0162610
23 0.3670123 0.7898974 0.0288457 0.0162610
16 0.4404377 0.7898974 0.0288457 0.0162610
14 0.5138630 0.7898974 0.0288457 0.0162610
8 0.5872884 0.7898974 0.0288457 0.0162610
5 0.6607137 0.7898974 0.0288457 0.0162610
13 0.8075643 0.7898974 0.0288457 0.0162610
14 0.4404377 0.4762939 0.0288457 0.0162609
12 0.8075643 0.4762939 0.0288457 0.0162609
9 0.7341390 0.7898974 0.0288457 0.0162610
28 0.3670123 0.7271767 0.0288457 0.0162610
7 0.3670123 0.5390146 0.0288457 0.0162609
16 0.4404377 0.7271767 0.0288457 0.0162610
5 0.4404377 0.6017353 0.0288457 0.0162609
3 0.5138630 0.5390146 0.0288457 0.0162609
13 0.3670123 0.6644560 0.0288457 0.0162610
