21 0.2476363 0.2117854 0.0273021 0.0158015
29 0.3866290 0.3336829 0.0273021 0.0158015
32 0.4517818 0.3630286 0.5026073 0.4334132
5 0.3866290 0.2117854 0.0273021 0.0158015
18 0.4561253 0.2117854 0.0273021 0.0158015
27 0.5256216 0.2117854 0.0273021 0.0158015
11 0.5951179 0.2117854 0.0273021 0.0158015
15 0.2476363 0.2727341 0.0273021 0.0158015
1 0.4561253 0.2727341 0.0273021 0.0158015
3 0.5256216 0.2727341 0.0273021 0.0158015
8 0.5951179 0.2727341 0.0273021 0.0158015
24 0.6646142 0.2727341 0.0273021 0.0158015
26 0.2476363 0.3336829 0.0273021 0.0158015
12 0.5256216 0.3336829 0.0273021 0.0158015
4 0.5951179 0.3336829 0.0273021 0.0158015
22 0.2476363 0.3946316 0.0273021 0.0158015
17 0.3171326 0.3946316 0.0273021 0.0158015
23 0.3866290 0.3946316 0.0273021 0.0158015
7 0.4561253 0.3946316 0.0273021 0.0158015
13 0.5256216 0.3946316 0.0273021 0.0158015
16 0.5951179 0.3946316 0.0273021 0.0158015
31 0.2476363 0.4555803 0.0273021 0.0158015
30 0.3171326 0.4555803 0.0273021 0.0158015
29 0.3866290 0.4555803 0.0273021 0.0158015
6 0.4561253 0.4555803 0.0273021 0.0158015
10 0.5256216 0.4555803 0.0273021 0.0158015
21 0.5951179 0.4555803 0.0273021 0.0158015
33 0.6646142 0.4555804 0.0645323 0.0609488
6 0.6646142 0.4555803 0.0273021 0.0158015
2 0.2476363 0.5165291 0.0273021 0.0158015
20 0.3171326 0.5165291 0.0273021 0.0158015
14 0.4561253 0.5165291 0.0273021 0.0158015
25 0.5256216 0.5165291 0.0273021 0.0158015
9 0.5951179 0.5165291 0.0273021 0.0158015
19 0.6646142 0.5165291 0.0273021 0.0158015
14 0.6646142 0.3946316 0.0273021 0.0158015
17 0.6646142 0.2117854 0.0273021 0.0158015
3 0.6646142 0.3336829 0.0273021 0.0158015
9 0.3171326 0.2117854 0.0273021 0.0158015
25 0.3866290 0.5165291 0.0273021 0.0158015
9 0.3171326 0.3336829 0.0273021 0.0158015
11 0.3866290 0.2727341 0.0273021 0.0158015
19 0.4561253 0.3336829 0.0273021 0.0158015
2 0.3171326 0.2727341 0.0273021 0.0158015
