10 0.4986724 0.5655030 0.0268491 0.0160750
3 0.4986724 0.6275067 0.0268491 0.0160750
32 0.2893711 0.5953566 0.4942682 0.4409152
17 0.0886128 0.4414956 0.0268491 0.0160750
6 0.2252994 0.4414956 0.0268491 0.0160750
12 0.2936426 0.4414956 0.0268492 0.0160750
1 0.4303291 0.4414956 0.0268491 0.0160750
18 0.0886128 0.5034993 0.0268491 0.0160750
9 0.1569561 0.5034993 0.0268491 0.0160750
4 0.2252994 0.5034993 0.0268491 0.0160750
24 0.2936426 0.5034993 0.0268492 0.0160750
30 0.3619859 0.5034993 0.0268491 0.0160750
29 0.4303291 0.5034993 0.0268491 0.0160750
28 0.4986724 0.5034993 0.0268491 0.0160750
19 0.0886128 0.5655030 0.0268491 0.0160750
13 0.2936426 0.5655030 0.0268492 0.0160750
7 0.3619859 0.5655030 0.0268491 0.0160750
25 0.0886128 0.6275067 0.0268491 0.0160750
14 0.1569561 0.6275067 0.0268491 0.0160750
33 0.2252993 0.6275066 0.0634616 0.0620036
5 0.2252994 0.6275067 0.0268491 0.0160750
20 0.2936426 0.6275067 0.0268492 0.0160750
11 0.3619859 0.6275067 0.0268491 0.0160750
21 0.4303291 0.6275067 0.0268491 0.0160750
31 0.0886128 0.6895104 0.0268491 0.0160750
8 0.1569561 0.6895104 0.0268491 0.0160750
23 0.2936426 0.6895104 0.0268492 0.0160750
16 0.4986724 0.6895104 0.0268491 0.0160750
7 0.3619859 0.6895104 0.0268491 0.0160750
31 0.3619859 0.4414956 0.0268491 0.0160750
18 0.1569561 0.5655030 0.0268491 0.0160750
18 0.2252994 0.6895104 0.0268491 0.0160750
2 0.4303291 0.6895104 0.0268491 0.0160750
3 0.4986724 0.4414956 0.0268491 0.0160750
27 0.1569561 0.4414956 0.0268491 0.0160750
5 0.2252994 0.5655030 0.0268491 0.0160750
14 0.4303291 0.5655030 0.0268491 0.0160750
