30 0.5101333 0.4588562 0.0264783 0.0153129
9 0.5775328 0.6365945 0.0264783 0.0164066
32 0.6455339 0.5419831 0.4874422 0.4200094
31 0.4427339 0.4003393 0.0264783 0.0164066
10 0.5101333 0.4003393 0.0264783 0.0164066
8 0.5775328 0.4003393 0.0264783 0.0164066
15 0.6449322 0.4003393 0.0264784 0.0164066
19 0.7123316 0.4003393 0.0264784 0.0164066
18 0.7797310 0.4003393 0.0264783 0.0164066
13 0.8471304 0.4003393 0.0264783 0.0164066
29 0.5775328 0.4588562 0.0264783 0.0153129
16 0.6449322 0.4588562 0.0264784 0.0153129
28 0.7123316 0.4588562 0.0264784 0.0153129
21 0.7797310 0.4588562 0.0264783 0.0153129
14 0.8471304 0.4588562 0.0264783 0.0153129
2 0.5101333 0.5184669 0.0264783 0.0164067
26 0.6449322 0.5184669 0.0264784 0.0164067
9 0.7797310 0.5184669 0.0264783 0.0164067
24 0.8471304 0.5184669 0.0264783 0.0164067
6 0.4427339 0.5775308 0.0264783 0.0164066
1 0.5775328 0.5775308 0.0264783 0.0164066
4 0.7123316 0.5775308 0.0264784 0.0164066
12 0.8471304 0.5775308 0.0264783 0.0164066
22 0.4427339 0.6365945 0.0264783 0.0164066
33 0.6449322 0.6360476 0.0625851 0.0590638
21 0.6449322 0.6365945 0.0264784 0.0164066
27 0.7123316 0.6365945 0.0264784 0.0164066
20 0.7797310 0.6365945 0.0264783 0.0164066
5 0.8471304 0.6365945 0.0264783 0.0164066
19 0.7797310 0.5775308 0.0264783 0.0164066
11 0.5101333 0.6365945 0.0264783 0.0164066
4 0.7123316 0.5184669 0.0264784 0.0164067
9 0.5101333 0.5775308 0.0264783 0.0164066
20 0.4427339 0.4588562 0.0264783 0.0153129
28 0.5775328 0.5184669 0.0264783 0.0164067
25 0.4427339 0.5184669 0.0264783 0.0164067
2 0.6449322 0.5775308 0.0264784 0.0164066
