26 0.3603606 0.3895547 0.0268097 0.0152218
7 0.5650894 0.3308418 0.0268097 0.0152218
32 0.4925813 0.4178239 0.4935426 0.4175136
18 0.2921177 0.2721290 0.0268097 0.0152219
2 0.3603606 0.2721290 0.0268097 0.0152219
14 0.4968465 0.2721290 0.0268097 0.0152219
6 0.5650894 0.2721290 0.0268097 0.0152219
22 0.6333324 0.2721290 0.0268097 0.0152219
9 0.2921177 0.3308418 0.0268097 0.0152218
25 0.3603606 0.3308418 0.0268097 0.0152218
31 0.4286035 0.3308418 0.0268097 0.0152218
4 0.4968465 0.3308418 0.0268097 0.0152218
5 0.6333324 0.3308418 0.0268097 0.0152218
26 0.7015753 0.3308418 0.0268098 0.0152218
10 0.4286035 0.3895547 0.0268097 0.0152218
15 0.6333324 0.3895547 0.0268097 0.0152218
17 0.7015753 0.3895547 0.0268098 0.0152218
33 0.2921177 0.4482676 0.0633685 0.0587128
3 0.2921177 0.4482676 0.0268097 0.0152219
11 0.3603606 0.4482676 0.0268097 0.0152219
3 0.4286035 0.4482676 0.0268097 0.0152219
27 0.5650894 0.4482676 0.0268097 0.0152219
23 0.7015753 0.4482676 0.0268098 0.0152219
7 0.2921177 0.5069804 0.0268097 0.0152218
13 0.3603606 0.5069804 0.0268097 0.0152218
21 0.4286035 0.5069804 0.0268097 0.0152218
24 0.6333324 0.5069804 0.0268097 0.0152218
30 0.7015753 0.5069804 0.0268098 0.0152218
1 0.4286035 0.2721290 0.0268097 0.0152219
24 0.5650894 0.3895547 0.0268097 0.0152218
8 0.5650894 0.5069804 0.0268097 0.0152218
8 0.4968465 0.5069804 0.0268097 0.0152218
6 0.2921177 0.3895547 0.0268097 0.0152218
11 0.7015753 0.2721290 0.0268098 0.0152219
26 0.4968465 0.3895547 0.0268097 0.0152218
4 0.6333324 0.4482676 0.0268097 0.0152219
10 0.4968465 0.4482676 0.0268097 0.0152219
