17 0.6640924 0.3164701 0.0277030 0.0148075
18 0.6640924 0.4878145 0.0277030 0.0148075
32 0.4481348 0.4010847 0.5099876 0.4061497
25 0.3115084 0.2593553 0.0277031 0.0148075
15 0.3820252 0.2593553 0.0277031 0.0148075
6 0.4525420 0.2593553 0.0277031 0.0148075
28 0.5230589 0.2593553 0.0277031 0.0148075
22 0.6640924 0.2593553 0.0277030 0.0148075
3 0.2409916 0.3164701 0.0277030 0.0148075
29 0.3115084 0.3164701 0.0277031 0.0148075
17 0.3820252 0.3164701 0.0277031 0.0148075
19 0.4525420 0.3164701 0.0277031 0.0148075
2 0.2409916 0.3735849 0.0277030 0.0148075
1 0.3115084 0.3735849 0.0277031 0.0148075
20 0.3820252 0.3735849 0.0277031 0.0148075
21 0.4525420 0.3735849 0.0277031 0.0148075
23 0.5230589 0.3735849 0.0277031 0.0148075
14 0.6640924 0.3735849 0.0277030 0.0148075
11 0.3115084 0.4306997 0.0277031 0.0148075
5 0.3820252 0.4306997 0.0277031 0.0148075
12 0.5230589 0.4306997 0.0277031 0.0148075
13 0.5935757 0.4306997 0.0277031 0.0148075
27 0.6640924 0.4306997 0.0277030 0.0148075
33 0.2409916 0.4878145 0.0654799 0.0571148
19 0.2409916 0.4878145 0.0277030 0.0148075
31 0.3115084 0.4878145 0.0277031 0.0148075
18 0.4525420 0.4878145 0.0277031 0.0148075
8 0.5935757 0.4878145 0.0277031 0.0148075
30 0.5935757 0.3735849 0.0277031 0.0148075
1 0.2409916 0.2593553 0.0277030 0.0148075
6 0.5230589 0.4878145 0.0277031 0.0148075
5 0.5935757 0.3164701 0.0277031 0.0148075
27 0.5230589 0.3164701 0.0277031 0.0148075
13 0.4525420 0.4306997 0.0277031 0.0148075
28 0.2409916 0.4306997 0.0277030 0.0148075
30 0.3820252 0.4878145 0.0277031 0.0148075
23 0.5935757 0.2593553 0.0277031 0.0148075
