6 0.6641598 0.2946723 0.0282964 0.0149694
12 0.6641598 0.4101507 0.0282964 0.0149694
32 0.4435767 0.4379510 0.5209106 0.4105898
3 0.2319969 0.2946723 0.0282964 0.0149694
19 0.3040240 0.2946723 0.0282964 0.0149694
2 0.3760512 0.2946723 0.0282964 0.0149694
23 0.4480784 0.2946723 0.0282964 0.0149694
4 0.5921326 0.2946723 0.0282964 0.0149694
22 0.3040240 0.3524115 0.0282964 0.0149694
24 0.4480784 0.3524115 0.0282964 0.0149694
18 0.5201055 0.3524115 0.0282964 0.0149694
9 0.5921326 0.3524115 0.0282964 0.0149694
28 0.6641598 0.3524115 0.0282964 0.0149694
8 0.2319969 0.4101507 0.0282964 0.0149694
21 0.3040240 0.4101507 0.0282964 0.0149694
1 0.4480784 0.4101507 0.0282964 0.0149694
11 0.5201055 0.4101507 0.0282964 0.0149694
30 0.5921326 0.4101507 0.0282964 0.0149694
7 0.2319969 0.4678898 0.0282964 0.0149694
13 0.3040240 0.4678898 0.0282964 0.0149694
15 0.5201055 0.4678898 0.0282964 0.0149694
6 0.5921326 0.4678898 0.0282964 0.0149694
17 0.6641598 0.4678898 0.0282964 0.0149694
5 0.2319969 0.5256290 0.0282964 0.0149694
26 0.3040240 0.5256290 0.0282964 0.0149694
33 0.3760512 0.5256290 0.0668824 0.0577392
7 0.3760512 0.5256290 0.0282964 0.0149694
16 0.6641598 0.5256290 0.0282964 0.0149694
25 0.4480784 0.5256290 0.0282964 0.0149694
4 0.3760512 0.4678898 0.0282964 0.0149694
26 0.3760512 0.4101507 0.0282964 0.0149694
11 0.5921326 0.5256290 0.0282964 0.0149694
16 0.2319969 0.3524115 0.0282964 0.0149694
31 0.5201055 0.5256290 0.0282964 0.0149694
25 0.4480784 0.4678898 0.0282964 0.0149694
2 0.5201055 0.2946723 0.0282964 0.0149694
6 0.3760512 0.3524115 0.0282964 0.0149694
