23 0.7201299 0.2676120 0.0286391 0.0162439
21 0.4285316 0.2676120 0.0286391 0.0162439
32 0.4968750 0.4230890 0.5272200 0.4455461
14 0.2827326 0.2676120 0.0286391 0.0162439
30 0.3556321 0.2676120 0.0286391 0.0162439
27 0.5014312 0.2676120 0.0286391 0.0162439
33 0.5743307 0.2676120 0.0676925 0.0626549
23 0.5743308 0.2676120 0.0286391 0.0162439
20 0.2827326 0.3302669 0.0286391 0.0162438
9 0.3556321 0.3302669 0.0286391 0.0162438
5 0.4285316 0.3302669 0.0286391 0.0162438
22 0.5014312 0.3302669 0.0286391 0.0162438
21 0.5743308 0.3302669 0.0286391 0.0162438
1 0.7201299 0.3302669 0.0286391 0.0162438
24 0.2827326 0.3929218 0.0286391 0.0162439
17 0.3556321 0.3929218 0.0286391 0.0162439
29 0.4285316 0.3929218 0.0286391 0.0162439
16 0.5014312 0.3929218 0.0286391 0.0162439
10 0.5743308 0.3929218 0.0286391 0.0162439
6 0.6472304 0.3929218 0.0286391 0.0162439
7 0.7201299 0.3929218 0.0286391 0.0162439
2 0.2827326 0.4555767 0.0286391 0.0162438
12 0.3556321 0.4555767 0.0286391 0.0162438
23 0.4285316 0.4555767 0.0286391 0.0162438
11 0.5743308 0.4555767 0.0286391 0.0162438
28 0.6472304 0.4555767 0.0286391 0.0162438
25 0.7201299 0.4555767 0.0286391 0.0162438
3 0.3556321 0.5182317 0.0286391 0.0162439
19 0.4285316 0.5182317 0.0286391 0.0162439
8 0.5014312 0.5182317 0.0286391 0.0162439
31 0.5743308 0.5182317 0.0286391 0.0162439
26 0.3556321 0.5808866 0.0286391 0.0162439
13 0.4285316 0.5808866 0.0286391 0.0162439
18 0.5014312 0.5808866 0.0286391 0.0162439
15 0.5743308 0.5808866 0.0286391 0.0162439
10 0.7201299 0.5808866 0.0286391 0.0162439
14 0.2827326 0.5182317 0.0286391 0.0162439
31 0.7201299 0.5182317 0.0286391 0.0162439
21 0.2827326 0.5808866 0.0286391 0.0162439
9 0.6472304 0.2676120 0.0286391 0.0162439
25 0.6472304 0.5182317 0.0286391 0.0162439
13 0.6472304 0.5808866 0.0286391 0.0162439
30 0.5014312 0.4555767 0.0286391 0.0162438
5 0.6472304 0.3302669 0.0286391 0.0162438
