10 0.5461688 0.5053670 0.0288223 0.0154587
21 0.2527053 0.2077861 0.0288223 0.0165629
32 0.4734580 0.3507795 0.5305924 0.4240115
13 0.3260712 0.2077861 0.0288223 0.0165629
33 0.3994370 0.2072340 0.0681255 0.0596266
10 0.3994370 0.2077861 0.0288223 0.0165629
30 0.4728029 0.2077861 0.0288223 0.0165629
4 0.5461688 0.2077861 0.0288223 0.0165629
1 0.6929005 0.2077861 0.0288223 0.0165629
14 0.2527053 0.2668606 0.0288223 0.0154587
16 0.3260712 0.2668606 0.0288223 0.0154587
8 0.4728029 0.2668606 0.0288223 0.0154587
10 0.6195346 0.2668606 0.0288223 0.0154587
3 0.6929005 0.2668606 0.0288223 0.0154587
28 0.2527053 0.3270393 0.0288223 0.0165630
19 0.3260712 0.3270393 0.0288223 0.0165630
31 0.3994370 0.3270393 0.0288223 0.0165630
9 0.4728029 0.3270393 0.0288223 0.0165630
24 0.5461688 0.3270393 0.0288223 0.0165630
6 0.6929005 0.3270393 0.0288223 0.0165630
11 0.2527053 0.3866659 0.0288223 0.0165630
21 0.3994370 0.3866659 0.0288223 0.0165630
5 0.4728029 0.3866659 0.0288223 0.0165630
29 0.6195346 0.3866659 0.0288223 0.0165630
27 0.6929005 0.3866659 0.0288223 0.0165630
2 0.2527053 0.4462925 0.0288223 0.0165629
22 0.3260712 0.4462925 0.0288223 0.0165629
18 0.3994370 0.4462925 0.0288223 0.0165629
12 0.4728029 0.4462925 0.0288223 0.0165629
15 0.6195346 0.4462925 0.0288223 0.0165629
23 0.6929005 0.4462925 0.0288223 0.0165629
25 0.2527053 0.5053670 0.0288223 0.0154587
26 0.3260712 0.5053670 0.0288223 0.0154587
20 0.6195346 0.5053670 0.0288223 0.0154587
7 0.6929005 0.5053670 0.0288223 0.0154587
1 0.5461688 0.3866659 0.0288223 0.0165630
22 0.5461688 0.2668606 0.0288223 0.0154587
30 0.5461688 0.4462925 0.0288223 0.0165629
25 0.3994370 0.5053670 0.0288223 0.0154587
27 0.4728029 0.5053670 0.0288223 0.0154587
30 0.3260712 0.3866659 0.0288223 0.0165630
13 0.3994370 0.2668606 0.0288223 0.0154587
30 0.6195346 0.2077861 0.0288223 0.0165629
26 0.6195346 0.3270393 0.0288223 0.0165630
