4 0.3058829 0.6257511 0.0276550 0.0149593
26 0.0946994 0.6834512 0.0276550 0.0149592
32 0.3014832 0.5381325 0.5091031 0.4103118
20 0.1650939 0.3949508 0.0276550 0.0149593
22 0.2354884 0.3949508 0.0276550 0.0149593
25 0.3058829 0.3949508 0.0276550 0.0149593
30 0.3762774 0.3949508 0.0276550 0.0149593
2 0.4466718 0.3949508 0.0276550 0.0149593
11 0.5170663 0.3949508 0.0276550 0.0149593
17 0.0946994 0.4526509 0.0276550 0.0149593
10 0.1650939 0.4526509 0.0276550 0.0149593
14 0.3058829 0.4526509 0.0276550 0.0149593
26 0.3762774 0.4526509 0.0276550 0.0149593
9 0.4466718 0.4526509 0.0276550 0.0149593
28 0.5170663 0.4526509 0.0276550 0.0149593
12 0.0946994 0.5103510 0.0276550 0.0149593
15 0.1650939 0.5103510 0.0276550 0.0149593
18 0.2354884 0.5103510 0.0276550 0.0149593
16 0.3058829 0.5103510 0.0276550 0.0149593
21 0.3762774 0.5103510 0.0276550 0.0149593
27 0.5170663 0.5103510 0.0276550 0.0149593
6 0.0946994 0.5680510 0.0276550 0.0149592
7 0.1650939 0.5680510 0.0276550 0.0149592
33 0.2354884 0.5680510 0.0653663 0.0577001
16 0.2354884 0.5680510 0.0276550 0.0149592
13 0.3762774 0.5680510 0.0276550 0.0149592
5 0.4466718 0.5680510 0.0276550 0.0149592
8 0.5170663 0.5680510 0.0276550 0.0149592
3 0.1650939 0.6257511 0.0276550 0.0149593
24 0.3762774 0.6257511 0.0276550 0.0149593
4 0.5170663 0.6257511 0.0276550 0.0149593
23 0.1650939 0.6834512 0.0276550 0.0149592
31 0.3762774 0.6834512 0.0276550 0.0149592
19 0.4466718 0.6834512 0.0276550 0.0149592
29 0.5170663 0.6834512 0.0276550 0.0149592
26 0.2354884 0.4526509 0.0276550 0.0149593
16 0.2354884 0.6257511 0.0276550 0.0149593
4 0.2354884 0.6834512 0.0276550 0.0149592
27 0.3058829 0.5680510 0.0276550 0.0149592
7 0.3058829 0.6834512 0.0276550 0.0149592
5 0.0946994 0.6257511 0.0276550 0.0149593
13 0.4466718 0.6257511 0.0276550 0.0149593
18 0.4466718 0.5103510 0.0276550 0.0149593
1 0.0946994 0.3949508 0.0276550 0.0149593
