13 0.4498784 0.3612105 0.0268599 0.0159916
10 0.5866199 0.3031081 0.0268599 0.0149254
32 0.6556010 0.3841316 0.4944671 0.4093821
4 0.4498784 0.2460718 0.0268599 0.0159915
10 0.5866199 0.2460718 0.0268599 0.0159915
7 0.6549907 0.2460718 0.0268600 0.0159915
1 0.7233614 0.2460718 0.0268599 0.0159915
11 0.7917322 0.2460718 0.0268600 0.0159915
9 0.8601030 0.2460718 0.0268600 0.0159915
15 0.4498784 0.3031081 0.0268599 0.0149254
26 0.5182491 0.3031081 0.0268599 0.0149254
33 0.6549907 0.3031081 0.0634872 0.0575694
10 0.6549907 0.3031081 0.0268600 0.0149254
28 0.5866199 0.3612105 0.0268599 0.0159916
13 0.6549907 0.3612105 0.0268600 0.0159916
30 0.7233614 0.3612105 0.0268599 0.0159916
20 0.7917322 0.3612105 0.0268600 0.0159916
14 0.8601030 0.3612105 0.0268600 0.0159916
21 0.4498784 0.4187798 0.0268599 0.0159915
23 0.5182491 0.4187798 0.0268599 0.0159915
24 0.5866199 0.4187798 0.0268599 0.0159915
18 0.7917322 0.4187798 0.0268600 0.0159915
5 0.8601030 0.4187798 0.0268600 0.0159915
27 0.4498784 0.4763492 0.0268599 0.0159915
2 0.5866199 0.4763492 0.0268599 0.0159915
16 0.6549907 0.4763492 0.0268600 0.0159915
12 0.7233614 0.4763492 0.0268599 0.0159915
8 0.8601030 0.4763492 0.0268600 0.0159915
24 0.8601030 0.3031081 0.0268600 0.0149254
21 0.7917322 0.3031081 0.0268600 0.0149254
18 0.5182491 0.3612105 0.0268599 0.0159916
15 0.7917322 0.4763492 0.0268600 0.0159915
10 0.6549907 0.4187798 0.0268600 0.0159915
30 0.7233614 0.3031081 0.0268599 0.0149254
30 0.5182491 0.2460718 0.0268599 0.0159915
2 0.7233614 0.4187798 0.0268599 0.0159915
1 0.5182491 0.4763492 0.0268599 0.0159915
