22 0.2389795 0.4425014 0.0285544 0.0152629
27 0.5297151 0.5013726 0.0285544 0.0152629
32 0.3798046 0.4119756 0.5256603 0.4186397
30 0.2389795 0.2658878 0.0285544 0.0152629
4 0.3116634 0.2658878 0.0285544 0.0152629
2 0.3843473 0.2658878 0.0285544 0.0152629
22 0.5297151 0.2658878 0.0285544 0.0152629
24 0.6023990 0.2658878 0.0285544 0.0152629
33 0.2389795 0.3247590 0.0674922 0.0588712
27 0.2389795 0.3247590 0.0285544 0.0152629
7 0.3116634 0.3247590 0.0285544 0.0152629
17 0.3843473 0.3247590 0.0285544 0.0152629
25 0.4570312 0.3247590 0.0285544 0.0152629
6 0.6023990 0.3247590 0.0285544 0.0152629
11 0.1662956 0.3836302 0.0285544 0.0152629
18 0.3116634 0.3836302 0.0285544 0.0152629
31 0.3843473 0.3836302 0.0285544 0.0152629
27 0.4570312 0.3836302 0.0285544 0.0152629
28 0.5297151 0.3836302 0.0285544 0.0152629
9 0.6023990 0.3836302 0.0285544 0.0152629
23 0.1662956 0.4425014 0.0285544 0.0152629
10 0.3116634 0.4425014 0.0285544 0.0152629
26 0.4570312 0.4425014 0.0285544 0.0152629
5 0.5297151 0.4425014 0.0285544 0.0152629
29 0.6023990 0.4425014 0.0285544 0.0152629
21 0.1662956 0.5013726 0.0285544 0.0152629
3 0.2389795 0.5013726 0.0285544 0.0152629
14 0.3116634 0.5013726 0.0285544 0.0152629
20 0.3843473 0.5013726 0.0285544 0.0152629
1 0.4570312 0.5013726 0.0285544 0.0152629
13 0.6023990 0.5013726 0.0285544 0.0152629
12 0.2389795 0.5602438 0.0285544 0.0152629
8 0.3116634 0.5602438 0.0285544 0.0152629
16 0.3843473 0.5602438 0.0285544 0.0152629
15 0.4570312 0.5602438 0.0285544 0.0152629
3 0.2389795 0.3836302 0.0285544 0.0152629
24 0.6023990 0.5602438 0.0285544 0.0152629
31 0.1662956 0.2658878 0.0285544 0.0152629
28 0.1662956 0.3247590 0.0285544 0.0152629
12 0.4570312 0.2658878 0.0285544 0.0152629
20 0.5297151 0.3247590 0.0285544 0.0152629
25 0.5297151 0.5602438 0.0285544 0.0152629
15 0.1662956 0.5602438 0.0285544 0.0152629
26 0.3843473 0.4425014 0.0285544 0.0152629
