27 0.5595922 0.3822885 0.0286718 0.0159659
17 0.3406441 0.4392336 0.0286718 0.0149015
32 0.5602438 0.5201277 0.5278211 0.4087279
25 0.3406441 0.3822885 0.0286718 0.0159659
10 0.4136268 0.3822885 0.0286718 0.0159659
15 0.4866095 0.3822885 0.0286718 0.0159659
18 0.6325748 0.3822885 0.0286717 0.0159659
12 0.7055576 0.3822885 0.0286718 0.0159659
8 0.7785402 0.3822885 0.0286718 0.0159659
31 0.4136268 0.4392336 0.0286718 0.0149015
3 0.5595922 0.4392336 0.0286718 0.0149015
14 0.6325748 0.4392336 0.0286717 0.0149015
11 0.7785402 0.4392336 0.0286718 0.0149015
4 0.3406441 0.4972432 0.0286718 0.0159659
19 0.4136268 0.4972432 0.0286718 0.0159659
27 0.4866095 0.4972432 0.0286718 0.0159659
23 0.5595922 0.4972432 0.0286718 0.0159659
33 0.7055576 0.4967110 0.0677696 0.0574774
5 0.7055576 0.4972432 0.0286718 0.0159659
20 0.7785402 0.4972432 0.0286718 0.0159659
9 0.4136268 0.5547206 0.0286718 0.0159659
22 0.5595922 0.5547206 0.0286718 0.0159659
2 0.7785402 0.5547206 0.0286718 0.0159659
1 0.4136268 0.6121979 0.0286718 0.0159659
29 0.4866095 0.6121979 0.0286718 0.0159659
5 0.6325748 0.6121979 0.0286717 0.0159659
28 0.7055576 0.6121979 0.0286718 0.0159659
16 0.7785402 0.6121979 0.0286718 0.0159659
22 0.7055576 0.4392336 0.0286718 0.0149015
18 0.6325748 0.5547206 0.0286717 0.0159659
31 0.4866095 0.4392336 0.0286718 0.0149015
29 0.4866095 0.5547206 0.0286718 0.0159659
17 0.5595922 0.6121979 0.0286718 0.0159659
28 0.3406441 0.5547206 0.0286718 0.0159659
10 0.6325748 0.4972432 0.0286717 0.0159659
25 0.7055576 0.5547206 0.0286718 0.0159659
10 0.3406441 0.6121979 0.0286718 0.0159659
