6 0.4028788 0.5326149 0.0264919 0.0150484
26 0.4028788 0.4745710 0.0264919 0.0150484
32 0.3312302 0.5025180 0.4876921 0.4127562
24 0.1331429 0.3584833 0.0264919 0.0150484
7 0.2005769 0.3584833 0.0264919 0.0150484
22 0.2680109 0.3584833 0.0264919 0.0150484
33 0.3354448 0.3584833 0.0626173 0.0580438
5 0.3354448 0.3584833 0.0264919 0.0150484
18 0.4703128 0.3584833 0.0264919 0.0150484
16 0.1331429 0.4165272 0.0264919 0.0150484
5 0.2005769 0.4165272 0.0264919 0.0150484
4 0.2680109 0.4165272 0.0264919 0.0150484
13 0.3354448 0.4165272 0.0264919 0.0150484
1 0.4028788 0.4165272 0.0264919 0.0150484
19 0.4703128 0.4165272 0.0264919 0.0150484
10 0.5377468 0.4165272 0.0264919 0.0150484
14 0.1331429 0.4745710 0.0264919 0.0150484
12 0.3354448 0.4745710 0.0264919 0.0150484
2 0.4703128 0.4745710 0.0264919 0.0150484
25 0.5377468 0.4745710 0.0264919 0.0150484
20 0.1331429 0.5326149 0.0264919 0.0150484
21 0.2005769 0.5326149 0.0264919 0.0150484
3 0.2680109 0.5326149 0.0264919 0.0150484
8 0.3354448 0.5326149 0.0264919 0.0150484
27 0.4703128 0.5326149 0.0264919 0.0150484
23 0.5377468 0.5326149 0.0264919 0.0150484
15 0.1331429 0.5906587 0.0264919 0.0150484
6 0.2005769 0.5906587 0.0264919 0.0150484
17 0.3354448 0.5906587 0.0264919 0.0150484
31 0.4028788 0.5906587 0.0264919 0.0150484
26 0.4703128 0.5906587 0.0264919 0.0150484
11 0.5377468 0.5906587 0.0264919 0.0150484
29 0.1331429 0.6487025 0.0264919 0.0150484
30 0.2680109 0.6487025 0.0264919 0.0150484
9 0.3354448 0.6487025 0.0264919 0.0150484
7 0.2680109 0.5906587 0.0264919 0.0150484
9 0.2005769 0.6487025 0.0264919 0.0150484
27 0.4703128 0.6487025 0.0264919 0.0150484
6 0.2005769 0.4745710 0.0264919 0.0150484
8 0.5377468 0.6487025 0.0264919 0.0150484
14 0.4028788 0.3584833 0.0264919 0.0150484
30 0.4028788 0.6487025 0.0264919 0.0150484
8 0.2680109 0.4745710 0.0264919 0.0150484
2 0.5377468 0.3584833 0.0264919 0.0150484
