29 0.4158442 0.5514854 0.0284012 0.0159614
1 0.4158442 0.7361812 0.0284012 0.0159614
32 0.6282076 0.5811279 0.5228399 0.4377976
8 0.4881381 0.4283548 0.0284012 0.0159614
23 0.5604321 0.4283548 0.0284012 0.0159614
30 0.6327260 0.4283548 0.0284012 0.0159614
11 0.7050198 0.4283548 0.0284012 0.0159614
9 0.7773138 0.4283548 0.0284012 0.0159614
31 0.8496077 0.4283548 0.0284012 0.0159614
26 0.4158442 0.4899200 0.0284012 0.0159613
1 0.4881381 0.4899200 0.0284012 0.0159613
2 0.7773138 0.4899200 0.0284012 0.0159613
13 0.8496077 0.4899200 0.0284012 0.0159613
7 0.4881381 0.5514854 0.0284012 0.0159614
16 0.6327260 0.5514854 0.0284012 0.0159614
28 0.7050198 0.5514854 0.0284012 0.0159614
18 0.7773138 0.5514854 0.0284012 0.0159614
10 0.8496077 0.5514854 0.0284012 0.0159614
29 0.4158442 0.6130507 0.0284012 0.0159614
17 0.4881381 0.6130507 0.0284012 0.0159614
5 0.5604321 0.6130507 0.0284012 0.0159614
6 0.6327260 0.6130507 0.0284012 0.0159614
25 0.7050198 0.6130507 0.0284012 0.0159614
33 0.7773138 0.6130507 0.0671301 0.0615653
1 0.7773138 0.6130507 0.0284012 0.0159614
14 0.8496077 0.6130507 0.0284012 0.0159614
22 0.4158442 0.6746160 0.0284012 0.0159614
15 0.5604321 0.6746160 0.0284012 0.0159614
4 0.7773138 0.6746160 0.0284012 0.0159614
3 0.8496077 0.6746160 0.0284012 0.0159614
24 0.4881381 0.7361812 0.0284012 0.0159614
20 0.6327260 0.7361812 0.0284012 0.0159614
19 0.7050198 0.7361812 0.0284012 0.0159614
21 0.7773138 0.7361812 0.0284012 0.0159614
12 0.8496077 0.7361812 0.0284012 0.0159614
5 0.6327260 0.6746160 0.0284012 0.0159614
30 0.5604321 0.5514854 0.0284012 0.0159614
1 0.7050198 0.4899200 0.0284012 0.0159613
24 0.6327260 0.4899200 0.0284012 0.0159613
24 0.7050198 0.6746160 0.0284012 0.0159614
25 0.5604321 0.4899200 0.0284012 0.0159613
28 0.5604321 0.7361812 0.0284012 0.0159614
4 0.4881381 0.6746160 0.0284012 0.0159614
20 0.4158442 0.4283548 0.0284012 0.0159614
