26 0.5723962 0.6622869 0.0261477 0.0168759
26 0.3727228 0.6622869 0.0261477 0.0168759
32 0.5729904 0.5649694 0.4813554 0.4320220
14 0.3727228 0.4192746 0.0261477 0.0168758
29 0.4392806 0.4192746 0.0261477 0.0168758
20 0.5058384 0.4192746 0.0261477 0.0168758
8 0.5723962 0.4192746 0.0261477 0.0168758
6 0.6389539 0.4192746 0.0261477 0.0168758
21 0.7055118 0.4192746 0.0261477 0.0168758
19 0.7720695 0.4192746 0.0261478 0.0168758
31 0.3727228 0.4794651 0.0261477 0.0157508
7 0.5058384 0.4794651 0.0261477 0.0157508
24 0.5723962 0.4794651 0.0261477 0.0157508
25 0.7055118 0.4794651 0.0261477 0.0157508
26 0.5058384 0.5407807 0.0261477 0.0168759
3 0.5723962 0.5407807 0.0261477 0.0168759
16 0.7055118 0.5407807 0.0261477 0.0168759
33 0.7720695 0.5402182 0.0618037 0.0607531
26 0.7720695 0.5407807 0.0261478 0.0168759
10 0.3727228 0.6015338 0.0261477 0.0168758
9 0.4392806 0.6015338 0.0261477 0.0168758
4 0.5058384 0.6015338 0.0261477 0.0168758
23 0.5723962 0.6015338 0.0261477 0.0168758
2 0.6389539 0.6015338 0.0261477 0.0168758
5 0.7055118 0.6015338 0.0261477 0.0168758
22 0.7720695 0.6015338 0.0261478 0.0168758
18 0.6389539 0.6622869 0.0261477 0.0168759
11 0.7055118 0.6622869 0.0261477 0.0168759
28 0.7720695 0.6622869 0.0261478 0.0168759
15 0.3727228 0.7224775 0.0261477 0.0157508
13 0.4392806 0.7224775 0.0261477 0.0157508
27 0.5723962 0.7224775 0.0261477 0.0157508
30 0.6389539 0.7224775 0.0261477 0.0157508
1 0.7055118 0.7224775 0.0261477 0.0157508
11 0.5058384 0.6622869 0.0261477 0.0168759
14 0.4392806 0.6622869 0.0261477 0.0168759
4 0.4392806 0.5407807 0.0261477 0.0168759
27 0.7720695 0.4794651 0.0261478 0.0157508
22 0.7720695 0.7224775 0.0261478 0.0157508
10 0.6389539 0.5407807 0.0261477 0.0168759
21 0.5058384 0.7224775 0.0261477 0.0157508
11 0.3727228 0.5407807 0.0261477 0.0168759
26 0.4392806 0.4794651 0.0261477 0.0157508
5 0.6389539 0.4794651 0.0261477 0.0157508
