8 0.4006572 0.7632960 0.0262622 0.0155295
29 0.0664102 0.4643531 0.0262623 0.0166387
32 0.2675553 0.6080010 0.4834644 0.4259521
1 0.1332596 0.4643531 0.0262623 0.0166387
3 0.2001090 0.4643531 0.0262623 0.0166387
27 0.2669584 0.4643531 0.0262623 0.0166387
7 0.4675066 0.4643531 0.0262622 0.0166387
18 0.0664102 0.5236980 0.0262623 0.0155295
19 0.1332596 0.5236980 0.0262623 0.0155295
23 0.2001090 0.5236980 0.0262623 0.0155295
30 0.4006572 0.5236980 0.0262622 0.0155295
24 0.4675066 0.5236980 0.0262622 0.0155295
15 0.0664102 0.5841522 0.0262623 0.0166387
17 0.1332596 0.5841522 0.0262623 0.0166387
6 0.2001090 0.5841522 0.0262623 0.0166387
8 0.2669584 0.5841522 0.0262623 0.0166387
20 0.3338078 0.5841522 0.0262623 0.0166387
25 0.4006572 0.5841522 0.0262622 0.0166387
14 0.4675066 0.5841522 0.0262622 0.0166387
5 0.2669584 0.6440516 0.0262623 0.0166387
31 0.3338078 0.6440516 0.0262623 0.0166387
26 0.4006572 0.6440516 0.0262622 0.0166387
10 0.4675066 0.6440516 0.0262622 0.0166387
33 0.2001090 0.7033965 0.0620744 0.0598996
30 0.2001090 0.7039511 0.0262623 0.0166387
21 0.2669584 0.7039511 0.0262623 0.0166387
29 0.3338078 0.7039511 0.0262623 0.0166387
4 0.4006572 0.7039511 0.0262622 0.0166387
13 0.4675066 0.7039511 0.0262622 0.0166387
22 0.0664102 0.7632960 0.0262623 0.0155295
12 0.1332596 0.7632960 0.0262623 0.0155295
2 0.2669584 0.7632960 0.0262623 0.0155295
16 0.3338078 0.7632960 0.0262623 0.0155295
11 0.4675066 0.7632960 0.0262622 0.0155295
17 0.0664102 0.7039511 0.0262623 0.0166387
9 0.2669584 0.5236980 0.0262623 0.0155295
13 0.1332596 0.6440516 0.0262623 0.0166387
4 0.2001090 0.6440516 0.0262623 0.0166387
25 0.3338078 0.4643531 0.0262623 0.0166387
4 0.1332596 0.7039511 0.0262623 0.0166387
13 0.0664102 0.6440516 0.0262623 0.0166387
6 0.3338078 0.5236980 0.0262623 0.0155295
18 0.4006572 0.4643531 0.0262622 0.0166387
11 0.2001090 0.7632960 0.0262623 0.0155295
