5 0.4418904 0.3653811 0.0283079 0.0149192
19 0.2977777 0.5955632 0.0283079 0.0149192
32 0.2932741 0.4506337 0.5211222 0.4092125
18 0.0816084 0.3078356 0.0283079 0.0149192
17 0.1536648 0.3078356 0.0283079 0.0149192
9 0.2257212 0.3078356 0.0283079 0.0149192
5 0.2977777 0.3078356 0.0283079 0.0149192
29 0.3698341 0.3078356 0.0283079 0.0149192
13 0.4418904 0.3078356 0.0283079 0.0149192
7 0.0816084 0.3653811 0.0283079 0.0149192
27 0.2257212 0.3653811 0.0283079 0.0149192
33 0.2977777 0.3653811 0.0669095 0.0575455
29 0.2977777 0.3653811 0.0283079 0.0149192
31 0.5139469 0.3653811 0.0283079 0.0149192
11 0.1536648 0.4229266 0.0283079 0.0149192
10 0.2257212 0.4229266 0.0283079 0.0149192
14 0.2977777 0.4229266 0.0283079 0.0149192
19 0.3698341 0.4229266 0.0283079 0.0149192
12 0.0816084 0.4804721 0.0283079 0.0149192
25 0.1536648 0.4804721 0.0283079 0.0149192
26 0.2257212 0.4804721 0.0283079 0.0149192
23 0.2977777 0.4804721 0.0283079 0.0149192
24 0.3698341 0.4804721 0.0283079 0.0149192
15 0.4418904 0.4804721 0.0283079 0.0149192
2 0.5139469 0.4804721 0.0283079 0.0149192
6 0.0816084 0.5380176 0.0283079 0.0149192
22 0.1536648 0.5380176 0.0283079 0.0149192
30 0.2977777 0.5380176 0.0283079 0.0149192
4 0.3698341 0.5380176 0.0283079 0.0149192
8 0.5139469 0.5380176 0.0283079 0.0149192
3 0.0816084 0.5955632 0.0283079 0.0149192
21 0.1536648 0.5955632 0.0283079 0.0149192
20 0.3698341 0.5955632 0.0283079 0.0149192
16 0.4418904 0.5955632 0.0283079 0.0149192
4 0.5139469 0.4229266 0.0283079 0.0149192
4 0.2257212 0.5380176 0.0283079 0.0149192
28 0.5139469 0.5955632 0.0283079 0.0149192
1 0.4418904 0.4229266 0.0283079 0.0149192
18 0.1536648 0.3653811 0.0283079 0.0149192
29 0.0816084 0.4229266 0.0283079 0.0149192
25 0.2257212 0.5955632 0.0283079 0.0149192
25 0.5139469 0.3078356 0.0283079 0.0149192
16 0.3698341 0.3653811 0.0283079 0.0149192
29 0.4418904 0.5380176 0.0283079 0.0149192
