16 0.8109787 0.3357763 0.0266186 0.0149731
13 0.4044398 0.2780226 0.0266186 0.0149731
32 0.6034745 0.3635836 0.4900245 0.4106926
11 0.4721964 0.2202690 0.0266187 0.0149732
5 0.5399529 0.2202690 0.0266186 0.0149732
15 0.6077093 0.2202690 0.0266186 0.0149732
13 0.6754659 0.2202690 0.0266186 0.0149732
2 0.7432224 0.2202690 0.0266186 0.0149732
31 0.4721964 0.2780226 0.0266187 0.0149731
18 0.5399529 0.2780226 0.0266186 0.0149731
22 0.6077093 0.2780226 0.0266186 0.0149731
4 0.6754659 0.2780226 0.0266186 0.0149731
23 0.8109787 0.2780226 0.0266186 0.0149731
12 0.4044398 0.3357763 0.0266186 0.0149731
14 0.4721964 0.3357763 0.0266187 0.0149731
24 0.5399529 0.3357763 0.0266186 0.0149731
26 0.7432224 0.3357763 0.0266186 0.0149731
25 0.4721964 0.3935299 0.0266187 0.0149731
28 0.5399529 0.3935299 0.0266186 0.0149731
29 0.6077093 0.3935299 0.0266186 0.0149731
17 0.6754659 0.3935299 0.0266186 0.0149731
3 0.7432224 0.3935299 0.0266186 0.0149731
6 0.5399529 0.4512836 0.0266186 0.0149731
33 0.6754658 0.4512836 0.0629167 0.0577536
1 0.6754659 0.4512836 0.0266186 0.0149731
9 0.7432224 0.4512836 0.0266186 0.0149731
30 0.8109787 0.4512836 0.0266186 0.0149731
6 0.6077093 0.4512836 0.0266186 0.0149731
14 0.4044398 0.4512836 0.0266186 0.0149731
14 0.8109787 0.2202690 0.0266186 0.0149732
26 0.4044398 0.2202690 0.0266186 0.0149732
3 0.6077093 0.3357763 0.0266186 0.0149731
24 0.7432224 0.2780226 0.0266186 0.0149731
4 0.4044398 0.3935299 0.0266186 0.0149731
13 0.4721964 0.4512836 0.0266187 0.0149731
29 0.6754659 0.3357763 0.0266186 0.0149731
1 0.8109787 0.3935299 0.0266186 0.0149731
