19 0.1780184 0.3580962 0.0283993 0.0171743
22 0.4671748 0.4199237 0.0283993 0.0171743
32 0.2568027 0.3827127 0.5111055 0.4396624
15 0.0334402 0.2344411 0.0283993 0.0171743
8 0.1057293 0.2344411 0.0283993 0.0171743
22 0.1780184 0.2344411 0.0283993 0.0171743
30 0.2503075 0.2344411 0.0283993 0.0171743
23 0.4671748 0.2344411 0.0283993 0.0171743
21 0.1057293 0.2956962 0.0283993 0.0160294
24 0.2503075 0.2956962 0.0283993 0.0160294
14 0.3948857 0.2956962 0.0283993 0.0160294
25 0.4671748 0.2956962 0.0283993 0.0160294
29 0.1057293 0.3580962 0.0283993 0.0171743
4 0.2503075 0.3580962 0.0283993 0.0171743
27 0.3225966 0.3580962 0.0283993 0.0171743
20 0.3948857 0.3580962 0.0283993 0.0171743
9 0.4671748 0.3580962 0.0283993 0.0171743
28 0.0334402 0.4199237 0.0283993 0.0171743
19 0.1057293 0.4199237 0.0283993 0.0171743
33 0.1780184 0.4193512 0.0671256 0.0618275
31 0.1780184 0.4199237 0.0283993 0.0171743
18 0.3225966 0.4199237 0.0283993 0.0171743
10 0.0334402 0.4817512 0.0283993 0.0171743
11 0.1057293 0.4817512 0.0283993 0.0171743
6 0.3225966 0.4817512 0.0283993 0.0171743
16 0.3948857 0.4817512 0.0283993 0.0171743
5 0.4671748 0.4817512 0.0283993 0.0171743
5 0.3948857 0.4199237 0.0283993 0.0171743
30 0.3225966 0.2344411 0.0283993 0.0171743
21 0.0334402 0.2956962 0.0283993 0.0160294
21 0.1780184 0.4817512 0.0283993 0.0171743
10 0.1780184 0.2956962 0.0283993 0.0160294
14 0.2503075 0.4817512 0.0283993 0.0171743
17 0.0334402 0.3580962 0.0283993 0.0171743
12 0.3225966 0.2956962 0.0283993 0.0160294
27 0.3948857 0.2344411 0.0283993 0.0171743
22 0.2503075 0.4199237 0.0283993 0.0171743
