2 0.4291134 0.5213100 0.0264431 0.0161091
27 0.2271841 0.6455800 0.0264431 0.0161091
32 0.4249066 0.6133618 0.4867937 0.4418489
3 0.2271841 0.4591750 0.0264431 0.0161091
4 0.2944939 0.4591750 0.0264431 0.0161091
2 0.3618037 0.4591750 0.0264431 0.0161091
13 0.4291134 0.4591750 0.0264431 0.0161091
21 0.4964231 0.4591750 0.0264431 0.0161091
17 0.5637329 0.4591750 0.0264432 0.0161091
8 0.6310427 0.4591750 0.0264431 0.0161091
29 0.3618037 0.5213100 0.0264431 0.0161091
1 0.6310427 0.5213100 0.0264431 0.0161091
14 0.2271841 0.5834450 0.0264431 0.0161091
18 0.4291134 0.5834450 0.0264431 0.0161091
5 0.4964231 0.5834450 0.0264431 0.0161091
9 0.5637329 0.5834450 0.0264432 0.0161091
30 0.2944939 0.6455800 0.0264431 0.0161091
16 0.4291134 0.6455800 0.0264431 0.0161091
27 0.4964231 0.6455800 0.0264431 0.0161091
6 0.5637329 0.6455800 0.0264432 0.0161091
22 0.6310427 0.6455800 0.0264431 0.0161091
26 0.2271841 0.7077150 0.0264431 0.0161091
31 0.2944939 0.7077150 0.0264431 0.0161091
33 0.4291134 0.7077150 0.0625019 0.0621350
9 0.4291134 0.7077150 0.0264431 0.0161091
10 0.4964231 0.7077150 0.0264431 0.0161091
23 0.5637329 0.7077150 0.0264432 0.0161091
2 0.6310427 0.7077150 0.0264431 0.0161091
1 0.5637329 0.5213100 0.0264432 0.0161091
19 0.2271841 0.5213100 0.0264431 0.0161091
12 0.3618037 0.5834450 0.0264431 0.0161091
21 0.3618037 0.6455800 0.0264431 0.0161091
16 0.6310427 0.5834450 0.0264431 0.0161091
20 0.4964231 0.5213100 0.0264431 0.0161091
19 0.3618037 0.7077150 0.0264431 0.0161091
28 0.2944939 0.5213100 0.0264431 0.0161091
8 0.2944939 0.5834450 0.0264431 0.0161091
