7 0.5815433 0.4342822 0.0262581 0.0153751
17 0.1805107 0.6121932 0.0262581 0.0153750
32 0.3768496 0.5221395 0.4833875 0.4217151
2 0.2473495 0.3749784 0.0262581 0.0153751
24 0.3141883 0.3749784 0.0262581 0.0153751
18 0.3810270 0.3749784 0.0262581 0.0153751
27 0.4478658 0.3749784 0.0262581 0.0153751
33 0.5147046 0.3749784 0.0620646 0.0593037
30 0.5147046 0.3749784 0.0262581 0.0153751
20 0.5815433 0.3749784 0.0262581 0.0153751
16 0.1805107 0.4342822 0.0262581 0.0153751
7 0.3141883 0.4342822 0.0262581 0.0153751
11 0.3810270 0.4342822 0.0262581 0.0153751
19 0.5147046 0.4342822 0.0262581 0.0153751
9 0.1805107 0.4935858 0.0262581 0.0153750
26 0.3141883 0.4935858 0.0262581 0.0153750
14 0.3810270 0.4935858 0.0262581 0.0153750
21 0.4478658 0.4935858 0.0262581 0.0153750
5 0.5147046 0.4935858 0.0262581 0.0153750
4 0.5815433 0.4935858 0.0262581 0.0153750
13 0.1805107 0.5528895 0.0262581 0.0153750
10 0.2473495 0.5528895 0.0262581 0.0153750
25 0.3141883 0.5528895 0.0262581 0.0153750
28 0.5147046 0.5528895 0.0262581 0.0153750
6 0.5815433 0.5528895 0.0262581 0.0153750
3 0.2473495 0.6121932 0.0262581 0.0153750
1 0.3141883 0.6121932 0.0262581 0.0153750
29 0.4478658 0.6121932 0.0262581 0.0153750
22 0.5147046 0.6121932 0.0262581 0.0153750
31 0.5815433 0.6121932 0.0262581 0.0153750
12 0.1805107 0.6714969 0.0262581 0.0153750
17 0.2473495 0.6714969 0.0262581 0.0153750
30 0.3141883 0.6714969 0.0262581 0.0153750
8 0.4478658 0.6714969 0.0262581 0.0153750
1 0.2473495 0.4935858 0.0262581 0.0153750
6 0.1805107 0.3749784 0.0262581 0.0153751
31 0.4478658 0.5528895 0.0262581 0.0153750
14 0.3810270 0.6714969 0.0262581 0.0153750
29 0.3810270 0.6121932 0.0262581 0.0153750
28 0.5147046 0.6714969 0.0262581 0.0153750
31 0.3810270 0.5528895 0.0262581 0.0153750
27 0.4478658 0.4342822 0.0262581 0.0153751
15 0.2473495 0.4342822 0.0262581 0.0153751
6 0.5815433 0.6714969 0.0262581 0.0153750
