12 0.4527544 0.3968873 0.0275330 0.0168161
12 0.3826703 0.6390390 0.0275330 0.0168161
32 0.3832961 0.5420662 0.5068580 0.4304919
4 0.1724181 0.3968873 0.0275330 0.0168161
12 0.2425021 0.3968873 0.0275330 0.0168161
16 0.3125862 0.3968873 0.0275330 0.0168161
11 0.3826703 0.3968873 0.0275330 0.0168161
29 0.5228384 0.3968873 0.0275330 0.0168161
31 0.2425021 0.4568647 0.0275330 0.0156950
7 0.3125862 0.4568647 0.0275330 0.0156950
19 0.4527544 0.4568647 0.0275330 0.0156950
21 0.5929225 0.4568647 0.0275330 0.0156950
8 0.2425021 0.5179632 0.0275330 0.0168161
17 0.4527544 0.5179632 0.0275330 0.0168161
18 0.5228384 0.5179632 0.0275330 0.0168161
5 0.5929225 0.5179632 0.0275330 0.0168161
23 0.2425021 0.5785011 0.0275330 0.0168161
15 0.3125862 0.5785011 0.0275330 0.0168161
20 0.3826703 0.5785011 0.0275330 0.0168161
33 0.4527544 0.5779405 0.0650781 0.0605379
18 0.4527544 0.5785011 0.0275330 0.0168161
10 0.5228384 0.5785011 0.0275330 0.0168161
24 0.2425021 0.6390390 0.0275330 0.0168161
14 0.3125862 0.6390390 0.0275330 0.0168161
13 0.4527544 0.6390390 0.0275330 0.0168161
27 0.5228384 0.6390390 0.0275330 0.0168161
30 0.5929225 0.6390390 0.0275330 0.0168161
10 0.3125862 0.5179632 0.0275330 0.0168161
22 0.3826703 0.4568647 0.0275330 0.0156950
12 0.1724181 0.4568647 0.0275330 0.0156950
17 0.1724181 0.6390390 0.0275330 0.0168161
19 0.3826703 0.5179632 0.0275330 0.0168161
8 0.5228384 0.4568647 0.0275330 0.0156950
21 0.1724181 0.5785011 0.0275330 0.0168161
19 0.1724181 0.5179632 0.0275330 0.0168161
17 0.5929225 0.3968873 0.0275330 0.0168161
21 0.5929225 0.5785011 0.0275330 0.0168161
