25 0.4695450 0.3378598 0.0286948 0.0162602
6 0.1773795 0.4005777 0.0286948 0.0162602
32 0.2556143 0.3680573 0.5087286 0.4459939
22 0.1043382 0.2124240 0.0286948 0.0162602
19 0.1773795 0.2124240 0.0286948 0.0162602
13 0.3234623 0.2124240 0.0286948 0.0162602
31 0.3965036 0.2124240 0.0286948 0.0162602
33 0.4695450 0.2124240 0.0678241 0.0627179
13 0.4695450 0.2124240 0.0286948 0.0162602
27 0.1043382 0.2751419 0.0286948 0.0162602
23 0.3234623 0.2751419 0.0286948 0.0162602
1 0.4695450 0.2751419 0.0286948 0.0162602
8 0.0312968 0.3378598 0.0286948 0.0162602
6 0.1043382 0.3378598 0.0286948 0.0162602
10 0.1773795 0.3378598 0.0286948 0.0162602
26 0.2504209 0.3378598 0.0286948 0.0162602
14 0.3234623 0.3378598 0.0286948 0.0162602
12 0.3965036 0.3378598 0.0286948 0.0162602
4 0.0312968 0.4005777 0.0286948 0.0162602
21 0.1043382 0.4005777 0.0286948 0.0162602
3 0.2504209 0.4005777 0.0286948 0.0162602
7 0.3965036 0.4005777 0.0286948 0.0162602
9 0.4695450 0.4005777 0.0286948 0.0162602
17 0.0312968 0.4632956 0.0286948 0.0162602
24 0.2504209 0.4632956 0.0286948 0.0162602
15 0.3234623 0.4632956 0.0286948 0.0162602
5 0.4695450 0.4632956 0.0286948 0.0162602
7 0.1043382 0.4632956 0.0286948 0.0162602
30 0.2504209 0.2124240 0.0286948 0.0162602
15 0.3965036 0.2751419 0.0286948 0.0162602
11 0.0312968 0.2751419 0.0286948 0.0162602
2 0.0312968 0.2124240 0.0286948 0.0162602
25 0.3234623 0.4005777 0.0286948 0.0162602
11 0.2504209 0.2751419 0.0286948 0.0162602
15 0.1773795 0.2751419 0.0286948 0.0162602
22 0.1773795 0.4632956 0.0286948 0.0162602
9 0.3965036 0.4632956 0.0286948 0.0162602
