26 0.3157500 0.2449776 0.0268405 0.0160579
10 0.6573563 0.3022508 0.0268405 0.0149874
32 0.5213238 0.3836108 0.4941090 0.4110820
15 0.4523925 0.2449776 0.0268405 0.0160579
9 0.5207137 0.2449776 0.0268405 0.0160579
8 0.6573563 0.2449776 0.0268405 0.0160579
12 0.7256775 0.2449776 0.0268405 0.0160579
27 0.3157500 0.3022508 0.0268405 0.0149874
10 0.3840713 0.3022508 0.0268405 0.0149874
29 0.4523925 0.3022508 0.0268405 0.0149874
22 0.5890350 0.3022508 0.0268405 0.0149874
7 0.7256775 0.3022508 0.0268405 0.0149874
25 0.3157500 0.3605944 0.0268405 0.0160579
23 0.3840713 0.3605944 0.0268405 0.0160579
17 0.5207137 0.3605944 0.0268405 0.0160579
24 0.5890350 0.3605944 0.0268405 0.0160579
11 0.6573563 0.3605944 0.0268405 0.0160579
26 0.7256775 0.3605944 0.0268405 0.0160579
1 0.3157500 0.4184029 0.0268405 0.0160579
21 0.3840713 0.4184029 0.0268405 0.0160579
18 0.4523925 0.4184029 0.0268405 0.0160579
28 0.5890350 0.4184029 0.0268405 0.0160579
30 0.7256775 0.4184029 0.0268405 0.0160579
6 0.3840713 0.4762113 0.0268405 0.0160579
19 0.5207137 0.4762113 0.0268405 0.0160579
16 0.5890350 0.4762113 0.0268405 0.0160579
2 0.6573563 0.4762113 0.0268405 0.0160579
13 0.7256775 0.4762113 0.0268405 0.0160579
14 0.3157500 0.5334844 0.0268405 0.0149874
3 0.5207137 0.5334844 0.0268405 0.0149874
4 0.5890350 0.5334844 0.0268405 0.0149874
33 0.6573563 0.5334844 0.0634412 0.0578084
10 0.6573563 0.5334844 0.0268405 0.0149874
20 0.7256775 0.5334844 0.0268405 0.0149874
1 0.4523925 0.4762113 0.0268405 0.0160579
1 0.3840713 0.2449776 0.0268405 0.0160579
21 0.4523925 0.3605944 0.0268405 0.0160579
28 0.3840713 0.5334844 0.0268405 0.0149874
21 0.6573563 0.4184029 0.0268405 0.0160579
29 0.4523925 0.5334844 0.0268405 0.0149874
1 0.5207137 0.4184029 0.0268405 0.0160579
13 0.5890350 0.2449776 0.0268405 0.0160579
30 0.5207137 0.3022508 0.0268405 0.0149874
18 0.3157500 0.4762113 0.0268405 0.0160579
