19 0.4788499 0.4813451 0.0277532 0.0148120
20 0.1962719 0.4242131 0.0277532 0.0148120
32 0.2625011 0.5088531 0.5109111 0.4062723
26 0.0549829 0.3670810 0.0277532 0.0148120
20 0.2669164 0.3670810 0.0277532 0.0148120
30 0.3375609 0.3670810 0.0277532 0.0148120
23 0.4082054 0.3670810 0.0277532 0.0148120
7 0.4788499 0.3670810 0.0277532 0.0148120
10 0.0549829 0.4242131 0.0277532 0.0148120
1 0.1256274 0.4242131 0.0277532 0.0148120
25 0.3375609 0.4242131 0.0277532 0.0148120
27 0.4082054 0.4242131 0.0277532 0.0148120
17 0.4788499 0.4242131 0.0277532 0.0148120
22 0.0549829 0.4813451 0.0277532 0.0148120
4 0.1256274 0.4813451 0.0277532 0.0148120
5 0.1962719 0.4813451 0.0277532 0.0148120
8 0.2669164 0.4813451 0.0277532 0.0148120
15 0.3375609 0.4813451 0.0277532 0.0148120
33 0.4082054 0.4813451 0.0655985 0.0571321
8 0.4082054 0.4813451 0.0277532 0.0148120
3 0.0549829 0.5384772 0.0277532 0.0148120
13 0.1256274 0.5384772 0.0277532 0.0148120
11 0.2669164 0.5384772 0.0277532 0.0148120
21 0.3375609 0.5384772 0.0277532 0.0148120
31 0.4082054 0.5384772 0.0277532 0.0148120
6 0.4788499 0.5384772 0.0277532 0.0148120
2 0.0549829 0.5956092 0.0277532 0.0148120
19 0.1256274 0.5956092 0.0277532 0.0148120
14 0.2669164 0.5956092 0.0277532 0.0148120
24 0.3375609 0.5956092 0.0277532 0.0148120
29 0.4082054 0.5956092 0.0277532 0.0148120
18 0.1256274 0.6527412 0.0277532 0.0148120
9 0.2669164 0.6527412 0.0277532 0.0148120
16 0.4788499 0.6527412 0.0277532 0.0148120
28 0.1962719 0.5956092 0.0277532 0.0148120
25 0.1962719 0.6527412 0.0277532 0.0148120
5 0.1256274 0.3670810 0.0277532 0.0148120
18 0.1962719 0.3670810 0.0277532 0.0148120
4 0.3375609 0.6527412 0.0277532 0.0148120
1 0.0549829 0.6527412 0.0277532 0.0148120
7 0.4788499 0.5956092 0.0277532 0.0148120
11 0.2669164 0.4242131 0.0277532 0.0148120
5 0.1962719 0.5384772 0.0277532 0.0148120
8 0.4082054 0.6527412 0.0277532 0.0148120
