24 0.2354220 0.3823746 0.0282195 0.0160147
12 0.4509163 0.4441456 0.0282195 0.0160147
32 0.4464268 0.4121162 0.5194951 0.4392605
25 0.2354220 0.2588326 0.0282195 0.0160147
7 0.3790849 0.2588326 0.0282195 0.0160147
13 0.4509163 0.2588326 0.0282195 0.0160147
14 0.5945791 0.2588326 0.0282195 0.0160147
29 0.6664105 0.2588326 0.0282195 0.0160147
4 0.2354220 0.3206036 0.0282195 0.0160147
27 0.3072534 0.3206036 0.0282195 0.0160147
24 0.3790849 0.3206036 0.0282195 0.0160147
26 0.5945791 0.3206036 0.0282195 0.0160147
17 0.6664105 0.3206036 0.0282195 0.0160147
15 0.3072534 0.3823746 0.0282195 0.0160147
12 0.4509163 0.3823746 0.0282195 0.0160147
1 0.5227477 0.3823746 0.0282195 0.0160147
33 0.5945791 0.3823746 0.0667006 0.0617710
10 0.5945791 0.3823746 0.0282195 0.0160147
6 0.6664105 0.3823746 0.0282195 0.0160147
18 0.2354220 0.4441456 0.0282195 0.0160147
22 0.3072534 0.4441456 0.0282195 0.0160147
31 0.3790849 0.4441456 0.0282195 0.0160147
3 0.5227477 0.4441456 0.0282195 0.0160147
21 0.6664105 0.4441456 0.0282195 0.0160147
16 0.2354220 0.5059166 0.0282195 0.0160147
2 0.3072534 0.5059166 0.0282195 0.0160147
20 0.4509163 0.5059166 0.0282195 0.0160147
19 0.5227477 0.5059166 0.0282195 0.0160147
11 0.5945791 0.5059166 0.0282195 0.0160147
30 0.2354220 0.5676877 0.0282195 0.0160147
8 0.3790849 0.5676877 0.0282195 0.0160147
9 0.4509163 0.5676877 0.0282195 0.0160147
28 0.5945791 0.5676877 0.0282195 0.0160147
23 0.6664105 0.5676877 0.0282195 0.0160147
13 0.3790849 0.5059166 0.0282195 0.0160147
20 0.3790849 0.3823746 0.0282195 0.0160147
16 0.5227477 0.2588326 0.0282195 0.0160147
10 0.4509163 0.3206036 0.0282195 0.0160147
21 0.5227477 0.3206036 0.0282195 0.0160147
25 0.3072534 0.2588326 0.0282195 0.0160147
5 0.6664105 0.5059166 0.0282195 0.0160147
27 0.5945791 0.4441456 0.0282195 0.0160147
16 0.3072534 0.5676877 0.0282195 0.0160147
10 0.5227477 0.5676877 0.0282195 0.0160147
