22 0.3806327 0.5922449 0.0286960 0.0152574
20 0.5267214 0.5922449 0.0286960 0.0152574
32 0.3760674 0.5028799 0.5282674 0.4184900
30 0.3075883 0.3568443 0.0286960 0.0152575
8 0.3806327 0.3568443 0.0286960 0.0152575
12 0.5267214 0.3568443 0.0286960 0.0152575
22 0.5997658 0.3568443 0.0286960 0.0152575
31 0.2345439 0.4156945 0.0286960 0.0152575
27 0.3806327 0.4156945 0.0286960 0.0152575
17 0.4536771 0.4156945 0.0286960 0.0152575
33 0.5997658 0.4156945 0.0678269 0.0588501
24 0.5997658 0.4156945 0.0286960 0.0152575
13 0.1614995 0.4745446 0.0286960 0.0152575
23 0.2345439 0.4745446 0.0286960 0.0152575
3 0.3075883 0.4745446 0.0286960 0.0152575
21 0.3806327 0.4745446 0.0286960 0.0152575
10 0.4536771 0.4745446 0.0286960 0.0152575
19 0.5267214 0.4745446 0.0286960 0.0152575
9 0.5997658 0.4745446 0.0286960 0.0152575
26 0.1614995 0.5333948 0.0286960 0.0152574
28 0.2345439 0.5333948 0.0286960 0.0152574
6 0.3075883 0.5333948 0.0286960 0.0152574
2 0.5267214 0.5333948 0.0286960 0.0152574
29 0.5997658 0.5333948 0.0286960 0.0152574
1 0.1614995 0.5922449 0.0286960 0.0152574
7 0.2345439 0.5922449 0.0286960 0.0152574
4 0.5997658 0.5922449 0.0286960 0.0152574
27 0.4536771 0.5922449 0.0286960 0.0152574
19 0.3075883 0.5922449 0.0286960 0.0152574
15 0.3806327 0.5333948 0.0286960 0.0152574
18 0.4536771 0.5333948 0.0286960 0.0152574
13 0.1614995 0.4156945 0.0286960 0.0152575
10 0.3075883 0.4156945 0.0286960 0.0152575
25 0.5267214 0.4156945 0.0286960 0.0152575
24 0.2345439 0.3568443 0.0286960 0.0152575
7 0.4536771 0.3568443 0.0286960 0.0152575
30 0.1614995 0.3568443 0.0286960 0.0152575
