10 0.2689631 0.5503826 0.0265664 0.0165490
24 0.6070807 0.4312298 0.0265664 0.0165490
32 0.4048139 0.4549500 0.4890630 0.4236542
1 0.2013396 0.3120771 0.0265664 0.0165490
33 0.2689631 0.3115254 0.0627933 0.0595764
17 0.2689631 0.3120771 0.0265664 0.0165490
26 0.3365866 0.3120771 0.0265664 0.0165490
10 0.4042101 0.3120771 0.0265664 0.0165490
8 0.4718336 0.3120771 0.0265664 0.0165490
5 0.5394572 0.3120771 0.0265664 0.0165490
18 0.6070807 0.3120771 0.0265664 0.0165490
2 0.2013396 0.3711018 0.0265664 0.0154457
22 0.4042101 0.3711018 0.0265664 0.0154457
14 0.6070807 0.3711018 0.0265664 0.0154457
21 0.2689631 0.4312298 0.0265664 0.0165490
25 0.3365866 0.4312298 0.0265664 0.0165490
9 0.4042101 0.4312298 0.0265664 0.0165490
31 0.5394572 0.4312298 0.0265664 0.0165490
11 0.2013396 0.4908062 0.0265664 0.0165490
23 0.2689631 0.4908062 0.0265664 0.0165490
20 0.3365866 0.4908062 0.0265664 0.0165490
19 0.4042101 0.4908062 0.0265664 0.0165490
24 0.4718336 0.4908062 0.0265664 0.0165490
28 0.5394572 0.4908062 0.0265664 0.0165490
29 0.3365866 0.5503826 0.0265664 0.0165490
3 0.4042101 0.5503826 0.0265664 0.0165490
16 0.4718336 0.5503826 0.0265664 0.0165490
30 0.2013396 0.4312298 0.0265664 0.0165490
31 0.5394572 0.3711018 0.0265664 0.0154457
1 0.2689631 0.3711018 0.0265664 0.0154457
16 0.3365866 0.3711018 0.0265664 0.0154457
25 0.2013396 0.5503826 0.0265664 0.0165490
29 0.6070807 0.4908062 0.0265664 0.0165490
30 0.4718336 0.4312298 0.0265664 0.0165490
16 0.4718336 0.3711018 0.0265664 0.0154457
31 0.6070807 0.5503826 0.0265664 0.0165490
23 0.5394572 0.5503826 0.0265664 0.0165490
