13 0.5508549 0.4305473 0.0280037 0.0162105
20 0.6221372 0.4936525 0.0280037 0.0173684
32 0.4089269 0.5185472 0.5155233 0.4446310
27 0.1944438 0.3686001 0.0280037 0.0173684
18 0.2657260 0.3686001 0.0280037 0.0173684
16 0.3370082 0.3686001 0.0280038 0.0173684
10 0.4795728 0.3686001 0.0280037 0.0173684
1 0.6221372 0.3686001 0.0280037 0.0173684
7 0.1944438 0.4305473 0.0280037 0.0162105
3 0.2657260 0.4305473 0.0280037 0.0162105
2 0.4082905 0.4305473 0.0280037 0.0162105
13 0.4795728 0.4305473 0.0280037 0.0162105
25 0.6221372 0.4305473 0.0280037 0.0162105
22 0.3370082 0.4936525 0.0280038 0.0173684
11 0.4082905 0.4936525 0.0280037 0.0173684
28 0.4795728 0.4936525 0.0280037 0.0173684
30 0.5508549 0.4936525 0.0280037 0.0173684
9 0.1944438 0.5561788 0.0280037 0.0173684
17 0.2657260 0.5561788 0.0280037 0.0173684
4 0.3370082 0.5561788 0.0280038 0.0173684
8 0.4082905 0.5561788 0.0280037 0.0173684
12 0.4795728 0.5561788 0.0280037 0.0173684
29 0.6221372 0.5561788 0.0280037 0.0173684
14 0.2657260 0.6187050 0.0280037 0.0173684
31 0.3370082 0.6187050 0.0280038 0.0173684
21 0.4795728 0.6187050 0.0280037 0.0173684
6 0.6221372 0.6187050 0.0280037 0.0173684
20 0.1944438 0.6806523 0.0280037 0.0162105
5 0.2657260 0.6806523 0.0280037 0.0162105
26 0.3370082 0.6806523 0.0280038 0.0162105
15 0.4082905 0.6806523 0.0280037 0.0162105
33 0.5508550 0.6806523 0.0661906 0.0625262
19 0.5508549 0.6806523 0.0280037 0.0162105
19 0.6221372 0.6806523 0.0280037 0.0162105
30 0.1944438 0.6187050 0.0280037 0.0173684
17 0.1944438 0.4936525 0.0280037 0.0173684
29 0.4082905 0.3686001 0.0280037 0.0173684
14 0.5508549 0.6187050 0.0280037 0.0173684
11 0.3370082 0.4305473 0.0280038 0.0162105
5 0.2657260 0.4936525 0.0280037 0.0173684
17 0.5508549 0.5561788 0.0280037 0.0173684
23 0.4082905 0.6187050 0.0280037 0.0173684
25 0.4795728 0.6806523 0.0280037 0.0162105
15 0.5508549 0.3686001 0.0280037 0.0173684
