9 0.2877683 0.2772035 0.0261814 0.0163061
10 0.4876991 0.4658877 0.0261814 0.0163060
32 0.4835338 0.4332756 0.4819759 0.4472515
6 0.4210555 0.2772035 0.0261814 0.0163061
2 0.5543427 0.2772035 0.0261814 0.0163061
24 0.6876299 0.2772035 0.0261814 0.0163061
16 0.2877683 0.3400983 0.0261814 0.0163061
20 0.3544119 0.3400983 0.0261814 0.0163061
29 0.4210555 0.3400983 0.0261814 0.0163061
33 0.4876991 0.3400983 0.0618834 0.0628947
23 0.4876991 0.3400983 0.0261814 0.0163061
5 0.5543427 0.3400983 0.0261814 0.0163061
10 0.6209863 0.3400983 0.0261814 0.0163061
14 0.6876299 0.3400983 0.0261814 0.0163061
27 0.4876991 0.4029930 0.0261814 0.0163061
12 0.6209863 0.4029930 0.0261814 0.0163061
11 0.2877683 0.4658877 0.0261814 0.0163060
28 0.4210555 0.4658877 0.0261814 0.0163060
9 0.5543427 0.4658877 0.0261814 0.0163060
30 0.6209863 0.4658877 0.0261814 0.0163060
19 0.2877683 0.5287825 0.0261814 0.0163060
13 0.3544119 0.5287825 0.0261814 0.0163060
25 0.4210555 0.5287825 0.0261814 0.0163060
23 0.4876991 0.5287825 0.0261814 0.0163060
4 0.5543427 0.5287825 0.0261814 0.0163060
22 0.6209863 0.5287825 0.0261814 0.0163060
26 0.6876299 0.5287825 0.0261814 0.0163060
27 0.6876299 0.4029930 0.0261814 0.0163061
25 0.4210555 0.4029930 0.0261814 0.0163061
28 0.2877683 0.4029930 0.0261814 0.0163061
2 0.3544119 0.2772035 0.0261814 0.0163061
14 0.4876991 0.2772035 0.0261814 0.0163061
10 0.5543427 0.4029930 0.0261814 0.0163061
27 0.6876299 0.4658877 0.0261814 0.0163060
3 0.3544119 0.4658877 0.0261814 0.0163060
4 0.6209863 0.2772035 0.0261814 0.0163061
1 0.3544119 0.4029930 0.0261814 0.0163061
