24 0.2871076 0.6046026 0.0264631 0.0163925
19 0.4218290 0.4865769 0.0264631 0.0163925
32 0.2877090 0.5100728 0.4871622 0.4196468
33 0.0850255 0.3680048 0.0625492 0.0590128
11 0.0850255 0.3685512 0.0264631 0.0163924
6 0.1523862 0.3685512 0.0264631 0.0163924
13 0.2197469 0.3685512 0.0264631 0.0163924
20 0.4218290 0.3685512 0.0264631 0.0163924
9 0.4891897 0.3685512 0.0264631 0.0163924
29 0.1523862 0.4270177 0.0264631 0.0152996
16 0.2871076 0.4270177 0.0264631 0.0152996
24 0.3544683 0.4270177 0.0264632 0.0152996
22 0.4218290 0.4270177 0.0264631 0.0152996
21 0.1523862 0.4865769 0.0264631 0.0163925
5 0.2197469 0.4865769 0.0264631 0.0163925
15 0.2871076 0.4865769 0.0264631 0.0163925
17 0.3544683 0.4865769 0.0264632 0.0163925
28 0.4891897 0.4865769 0.0264631 0.0163925
27 0.1523862 0.5455897 0.0264631 0.0163924
18 0.2197469 0.5455897 0.0264631 0.0163924
1 0.2871076 0.5455897 0.0264631 0.0163924
31 0.4218290 0.5455897 0.0264631 0.0163924
30 0.4891897 0.5455897 0.0264631 0.0163924
7 0.0850255 0.6046026 0.0264631 0.0163925
3 0.1523862 0.6046026 0.0264631 0.0163925
14 0.3544683 0.6046026 0.0264632 0.0163925
19 0.4891897 0.6046026 0.0264631 0.0163925
27 0.4891897 0.4270177 0.0264631 0.0152996
24 0.0850255 0.4270177 0.0264631 0.0152996
12 0.0850255 0.5455897 0.0264631 0.0163924
10 0.2197469 0.6046026 0.0264631 0.0163925
8 0.0850255 0.4865769 0.0264631 0.0163925
29 0.2197469 0.4270177 0.0264631 0.0152996
20 0.2871076 0.3685512 0.0264631 0.0163924
22 0.4218290 0.6046026 0.0264631 0.0163925
1 0.3544683 0.3685512 0.0264632 0.0163924
9 0.3544683 0.5455897 0.0264632 0.0163924
