5 0.5475679 0.3980321 0.0287081 0.0161085
2 0.1821925 0.2820507 0.0287081 0.0161085
32 0.3289951 0.4211210 0.5284894 0.4123784
8 0.1091175 0.2820507 0.0287081 0.0161085
10 0.2552676 0.2820507 0.0287081 0.0161085
9 0.3283427 0.2820507 0.0287081 0.0161085
13 0.4014178 0.2820507 0.0287080 0.0161085
22 0.5475679 0.2820507 0.0287081 0.0161085
4 0.1821925 0.3395045 0.0287081 0.0150346
28 0.2552676 0.3395045 0.0287081 0.0150346
23 0.3283427 0.3395045 0.0287081 0.0150346
30 0.4744929 0.3395045 0.0287081 0.0150346
15 0.5475679 0.3395045 0.0287081 0.0150346
3 0.1091175 0.3980321 0.0287081 0.0161085
18 0.2552676 0.3980321 0.0287081 0.0161085
31 0.3283427 0.3980321 0.0287081 0.0161085
1 0.4014178 0.3980321 0.0287080 0.0161085
5 0.4744929 0.3980321 0.0287081 0.0161085
19 0.1091175 0.4560228 0.0287081 0.0161085
25 0.1821925 0.4560228 0.0287081 0.0161085
14 0.2552676 0.4560228 0.0287081 0.0161085
29 0.3283427 0.4560228 0.0287081 0.0161085
17 0.4014178 0.4560228 0.0287080 0.0161085
11 0.4744929 0.4560228 0.0287081 0.0161085
7 0.5475679 0.4560228 0.0287081 0.0161085
33 0.2552676 0.5134766 0.0678554 0.0579907
30 0.2552676 0.5140135 0.0287081 0.0161085
20 0.4014178 0.5140135 0.0287080 0.0161085
21 0.5475679 0.5140135 0.0287081 0.0161085
6 0.1821925 0.5714673 0.0287081 0.0150346
24 0.2552676 0.5714673 0.0287081 0.0150346
2 0.3283427 0.5714673 0.0287081 0.0150346
16 0.4744929 0.5714673 0.0287081 0.0150346
12 0.5475679 0.5714673 0.0287081 0.0150346
25 0.3283427 0.5140135 0.0287081 0.0161085
25 0.1821925 0.3980321 0.0287081 0.0161085
30 0.4744929 0.2820507 0.0287081 0.0161085
3 0.4744929 0.5140135 0.0287081 0.0161085
4 0.1091175 0.5714673 0.0287081 0.0150346
5 0.1091175 0.3395045 0.0287081 0.0150346
28 0.4014178 0.3395045 0.0287080 0.0150346
25 0.4014178 0.5714673 0.0287080 0.0150346
30 0.1821925 0.5140135 0.0287081 0.0161085
11 0.1091175 0.5140135 0.0287081 0.0161085
