14 0.2577824 0.2941348 0.0269826 0.0162819
8 0.4638315 0.3569368 0.0269826 0.0162820
32 0.4595388 0.3871748 0.4967255 0.4465916
29 0.2577824 0.2313329 0.0269826 0.0162820
2 0.3951484 0.2313329 0.0269827 0.0162820
14 0.4638315 0.2313329 0.0269826 0.0162820
3 0.6011975 0.2313329 0.0269826 0.0162820
7 0.6698805 0.2313329 0.0269827 0.0162820
1 0.3264654 0.2941348 0.0269826 0.0162819
28 0.3951484 0.2941348 0.0269827 0.0162819
25 0.4638315 0.2941348 0.0269826 0.0162819
31 0.5325145 0.2941348 0.0269826 0.0162819
16 0.6011975 0.2941348 0.0269826 0.0162819
23 0.6698805 0.2941348 0.0269827 0.0162819
10 0.2577824 0.3569368 0.0269826 0.0162820
9 0.3951484 0.3569368 0.0269827 0.0162820
18 0.5325145 0.3569368 0.0269826 0.0162820
11 0.6011975 0.3569368 0.0269826 0.0162820
21 0.6698805 0.3569368 0.0269827 0.0162820
8 0.3264654 0.4197387 0.0269826 0.0162819
20 0.3951484 0.4197387 0.0269827 0.0162819
19 0.4638315 0.4197387 0.0269826 0.0162819
26 0.6011975 0.4197387 0.0269826 0.0162819
30 0.2577824 0.4825407 0.0269826 0.0162820
22 0.3264654 0.4825407 0.0269826 0.0162820
12 0.4638315 0.4825407 0.0269826 0.0162820
33 0.5325145 0.4825407 0.0637771 0.0628019
24 0.5325145 0.4825407 0.0269826 0.0162820
27 0.6011975 0.4825407 0.0269826 0.0162820
17 0.3951484 0.5453426 0.0269827 0.0162819
4 0.4638315 0.5453426 0.0269826 0.0162819
5 0.5325145 0.5453426 0.0269826 0.0162819
6 0.6011975 0.5453426 0.0269826 0.0162819
24 0.6698805 0.5453426 0.0269827 0.0162819
3 0.2577824 0.4197387 0.0269826 0.0162819
5 0.2577824 0.5453426 0.0269826 0.0162819
12 0.3951484 0.4825407 0.0269827 0.0162820
22 0.3264654 0.2313329 0.0269826 0.0162820
2 0.3264654 0.5453426 0.0269826 0.0162819
8 0.6698805 0.4197387 0.0269827 0.0162819
23 0.5325145 0.2313329 0.0269826 0.0162820
10 0.6698805 0.4825407 0.0269827 0.0162820
27 0.5325145 0.4197387 0.0269826 0.0162819
11 0.3264654 0.3569368 0.0269826 0.0162820
