26 0.2465421 0.3465493 0.0282811 0.0172616
23 0.5344946 0.4081155 0.0282811 0.0161108
32 0.4631493 0.4955740 0.5206285 0.4418955
33 0.4625065 0.3459739 0.0668462 0.0621416
16 0.4625065 0.3465493 0.0282811 0.0172616
27 0.5344946 0.3465493 0.0282811 0.0172616
15 0.6064828 0.3465493 0.0282811 0.0172616
31 0.6784709 0.3465493 0.0282810 0.0172616
16 0.2465421 0.4081155 0.0282811 0.0161108
1 0.3185302 0.4081155 0.0282811 0.0161108
6 0.3905183 0.4081155 0.0282811 0.0161108
5 0.4625065 0.4081155 0.0282811 0.0161108
28 0.6064828 0.4081155 0.0282811 0.0161108
3 0.6784709 0.4081155 0.0282810 0.0161108
4 0.3185302 0.4708324 0.0282811 0.0172616
17 0.3905183 0.4708324 0.0282811 0.0172616
10 0.4625065 0.4708324 0.0282811 0.0172616
12 0.5344946 0.4708324 0.0282811 0.0172616
7 0.2465421 0.5329740 0.0282811 0.0172616
24 0.3185302 0.5329740 0.0282811 0.0172616
18 0.3905183 0.5329740 0.0282811 0.0172616
13 0.5344946 0.5329740 0.0282811 0.0172616
8 0.6784709 0.5329740 0.0282810 0.0172616
26 0.4625065 0.5951156 0.0282811 0.0172616
9 0.5344946 0.5951156 0.0282811 0.0172616
14 0.6064828 0.5951156 0.0282811 0.0172616
29 0.6784709 0.5951156 0.0282810 0.0172616
29 0.3905183 0.3465493 0.0282811 0.0172616
11 0.3905183 0.5951156 0.0282811 0.0172616
29 0.2465421 0.5951156 0.0282811 0.0172616
5 0.6784709 0.4708324 0.0282810 0.0172616
11 0.6064828 0.4708324 0.0282811 0.0172616
10 0.3185302 0.3465493 0.0282811 0.0172616
1 0.4625065 0.5329740 0.0282811 0.0172616
3 0.2465421 0.4708324 0.0282811 0.0172616
10 0.3185302 0.5951156 0.0282811 0.0172616
14 0.6064828 0.5329740 0.0282811 0.0172616
