21 0.1864856 0.4893702 0.0273659 0.0155886
7 0.2561443 0.2488607 0.0273659 0.0155886
32 0.3214493 0.3980657 0.5037814 0.4275726
20 0.1168269 0.2488607 0.0273659 0.0155886
19 0.1864856 0.2488607 0.0273659 0.0155886
7 0.3258030 0.2488607 0.0273659 0.0155886
6 0.3954616 0.2488607 0.0273659 0.0155886
24 0.1168269 0.3089880 0.0273659 0.0155886
3 0.1864856 0.3089880 0.0273659 0.0155886
15 0.3258030 0.3089880 0.0273659 0.0155886
33 0.4651203 0.3089881 0.0646831 0.0601274
30 0.4651203 0.3089880 0.0273659 0.0155886
2 0.5347789 0.3089880 0.0273659 0.0155886
23 0.1168269 0.3691154 0.0273659 0.0155886
13 0.2561443 0.3691154 0.0273659 0.0155886
14 0.3258030 0.3691154 0.0273659 0.0155886
29 0.3954616 0.3691154 0.0273659 0.0155886
10 0.4651203 0.3691154 0.0273659 0.0155886
11 0.5347789 0.3691154 0.0273659 0.0155886
31 0.1168269 0.4292429 0.0273659 0.0155886
8 0.1864856 0.4292429 0.0273659 0.0155886
4 0.2561443 0.4292429 0.0273659 0.0155886
21 0.3258030 0.4292429 0.0273659 0.0155886
17 0.3954616 0.4292429 0.0273659 0.0155886
22 0.4651203 0.4292429 0.0273659 0.0155886
12 0.5347789 0.4292429 0.0273659 0.0155886
1 0.1168269 0.4893702 0.0273659 0.0155886
26 0.2561443 0.4893702 0.0273659 0.0155886
25 0.3258030 0.4893702 0.0273659 0.0155886
27 0.3954616 0.4893702 0.0273659 0.0155886
5 0.4651203 0.4893702 0.0273659 0.0155886
16 0.5347789 0.4893702 0.0273659 0.0155886
9 0.2561443 0.5494976 0.0273659 0.0155886
30 0.4651203 0.5494976 0.0273659 0.0155886
4 0.3954616 0.3089880 0.0273659 0.0155886
10 0.3258030 0.5494976 0.0273659 0.0155886
4 0.1168269 0.5494976 0.0273659 0.0155886
2 0.3954616 0.5494976 0.0273659 0.0155886
28 0.5347789 0.2488607 0.0273659 0.0155886
25 0.2561443 0.3089880 0.0273659 0.0155886
9 0.5347789 0.5494976 0.0273659 0.0155886
27 0.1864856 0.3691154 0.0273659 0.0155886
4 0.4651203 0.2488607 0.0273659 0.0155886
9 0.1864856 0.5494976 0.0273659 0.0155886
