13 0.8322395 0.4738957 0.0265517 0.0162105
8 0.6970675 0.3488430 0.0265517 0.0162105
32 0.6252574 0.3789484 0.4887915 0.4446318
10 0.4267236 0.2237904 0.0265516 0.0162105
5 0.4943096 0.2237904 0.0265516 0.0162105
20 0.6294815 0.2237904 0.0265516 0.0162105
16 0.6970675 0.2237904 0.0265517 0.0162105
1 0.4267236 0.2863167 0.0265516 0.0162105
8 0.5618956 0.2863167 0.0265516 0.0162105
6 0.6294815 0.2863167 0.0265516 0.0162105
25 0.6970675 0.2863167 0.0265517 0.0162105
9 0.7646535 0.2863167 0.0265516 0.0162105
2 0.8322395 0.2863167 0.0265517 0.0162105
19 0.4943096 0.3488430 0.0265516 0.0162105
33 0.6294815 0.3488430 0.0627584 0.0625263
30 0.6294815 0.3488430 0.0265516 0.0162105
24 0.8322395 0.3488430 0.0265517 0.0162105
13 0.4267236 0.4113694 0.0265516 0.0162105
4 0.4943096 0.4113694 0.0265516 0.0162105
29 0.5618956 0.4113694 0.0265516 0.0162105
3 0.6970675 0.4113694 0.0265517 0.0162105
14 0.7646535 0.4113694 0.0265516 0.0162105
31 0.8322395 0.4113694 0.0265517 0.0162105
18 0.4267236 0.4738957 0.0265516 0.0162105
12 0.4943096 0.4738957 0.0265516 0.0162105
21 0.5618956 0.4738957 0.0265516 0.0162105
27 0.7646535 0.4738957 0.0265516 0.0162105
9 0.7646535 0.3488430 0.0265516 0.0162105
19 0.5618956 0.3488430 0.0265516 0.0162105
13 0.4267236 0.3488430 0.0265516 0.0162105
16 0.4943096 0.2863167 0.0265516 0.0162105
15 0.6294815 0.4113694 0.0265516 0.0162105
6 0.8322395 0.2237904 0.0265517 0.0162105
4 0.5618956 0.2237904 0.0265516 0.0162105
31 0.7646535 0.2237904 0.0265516 0.0162105
31 0.6970675 0.4738957 0.0265517 0.0162105
26 0.6294815 0.4738957 0.0265516 0.0162105
