13 0.4829954 0.5869000 0.0282183 0.0157896
19 0.1956817 0.2823863 0.0282183 0.0157896
32 0.3348493 0.4335153 0.5194734 0.4330861
9 0.1238533 0.2823863 0.0282183 0.0157896
11 0.3393386 0.2823863 0.0282183 0.0157896
30 0.4111670 0.2823863 0.0282183 0.0157896
13 0.4829954 0.2823863 0.0282183 0.0157896
33 0.5548238 0.2823863 0.0666978 0.0609027
18 0.5548238 0.2823863 0.0282183 0.0157896
4 0.1238533 0.3432890 0.0282183 0.0157896
6 0.2675102 0.3432890 0.0282183 0.0157896
18 0.3393386 0.3432890 0.0282183 0.0157896
12 0.4111670 0.3432890 0.0282183 0.0157896
23 0.5548238 0.3432890 0.0282183 0.0157896
8 0.1238533 0.4041918 0.0282183 0.0157896
19 0.1956817 0.4041918 0.0282183 0.0157896
21 0.3393386 0.4041918 0.0282183 0.0157896
10 0.4111670 0.4041918 0.0282183 0.0157896
26 0.4829954 0.4041918 0.0282183 0.0157896
14 0.5548238 0.4041918 0.0282183 0.0157896
3 0.1238533 0.4650945 0.0282183 0.0157896
1 0.1956817 0.4650945 0.0282183 0.0157896
2 0.2675102 0.4650945 0.0282183 0.0157896
15 0.4111670 0.4650945 0.0282183 0.0157896
22 0.4829954 0.4650945 0.0282183 0.0157896
7 0.5548238 0.4650945 0.0282183 0.0157896
20 0.1956817 0.5259972 0.0282183 0.0157896
16 0.2675102 0.5259972 0.0282183 0.0157896
24 0.4111670 0.5259972 0.0282183 0.0157896
5 0.4829954 0.5259972 0.0282183 0.0157896
25 0.1238533 0.5869000 0.0282183 0.0157896
31 0.1956817 0.5869000 0.0282183 0.0157896
17 0.2675102 0.5869000 0.0282183 0.0157896
27 0.4111670 0.5869000 0.0282183 0.0157896
8 0.2675102 0.2823863 0.0282183 0.0157896
20 0.3393386 0.5259972 0.0282183 0.0157896
15 0.4829954 0.3432890 0.0282183 0.0157896
13 0.3393386 0.5869000 0.0282183 0.0157896
18 0.1956817 0.3432890 0.0282183 0.0157896
28 0.3393386 0.4650945 0.0282183 0.0157896
20 0.1238533 0.5259972 0.0282183 0.0157896
24 0.5548238 0.5869000 0.0282183 0.0157896
31 0.2675102 0.4041918 0.0282183 0.0157896
16 0.5548238 0.5259972 0.0282183 0.0157896
