23 0.4667856 0.5971328 0.0266299 0.0159513
30 0.3312154 0.6545574 0.0266299 0.0159513
32 0.5351760 0.5625717 0.4902317 0.4083527
12 0.3312154 0.4248590 0.0266299 0.0159513
4 0.3990005 0.4248590 0.0266299 0.0159513
10 0.4667856 0.4248590 0.0266299 0.0159513
30 0.5345708 0.4248590 0.0266299 0.0159513
20 0.6023559 0.4248590 0.0266299 0.0159513
25 0.6701410 0.4248590 0.0266299 0.0159513
18 0.7379262 0.4248590 0.0266299 0.0159513
7 0.3312154 0.4817519 0.0266299 0.0148879
3 0.3990005 0.4817519 0.0266299 0.0148879
24 0.5345708 0.4817519 0.0266299 0.0148879
23 0.6023559 0.4817519 0.0266299 0.0148879
33 0.6701410 0.4817519 0.0629433 0.0574246
30 0.6701410 0.4817519 0.0266299 0.0148879
21 0.3312154 0.5397082 0.0266299 0.0159513
29 0.4667856 0.5397082 0.0266299 0.0159513
8 0.6023559 0.5397082 0.0266299 0.0159513
1 0.7379262 0.5397082 0.0266299 0.0159513
17 0.3312154 0.5971328 0.0266299 0.0159513
31 0.3990005 0.5971328 0.0266299 0.0159513
11 0.5345708 0.5971328 0.0266299 0.0159513
6 0.6023559 0.5971328 0.0266299 0.0159513
14 0.6701410 0.5971328 0.0266299 0.0159513
13 0.7379262 0.5971328 0.0266299 0.0159513
2 0.3990005 0.6545574 0.0266299 0.0159513
26 0.6023559 0.6545574 0.0266299 0.0159513
9 0.7379262 0.6545574 0.0266299 0.0159513
5 0.3312154 0.7114503 0.0266299 0.0148878
27 0.3990005 0.7114503 0.0266299 0.0148878
28 0.5345708 0.7114503 0.0266299 0.0148878
22 0.6023559 0.7114503 0.0266299 0.0148878
19 0.6701410 0.7114503 0.0266299 0.0148878
5 0.7379262 0.7114503 0.0266299 0.0148878
5 0.4667856 0.7114503 0.0266299 0.0148878
15 0.5345708 0.6545574 0.0266299 0.0159513
16 0.7379262 0.4817519 0.0266299 0.0148879
4 0.6701410 0.5397082 0.0266299 0.0159513
14 0.4667856 0.4817519 0.0266299 0.0148879
19 0.6701410 0.6545574 0.0266299 0.0159513
4 0.3990005 0.5397082 0.0266299 0.0159513
14 0.4667856 0.6545574 0.0266299 0.0159513
30 0.5345708 0.5397082 0.0266299 0.0159513
