28 0.7390442 0.5365580 0.0276510 0.0154821
20 0.4575066 0.5962745 0.0276510 0.0154821
32 0.5234920 0.5653104 0.5090302 0.4246512
10 0.3167378 0.4171248 0.0276510 0.0154821
22 0.3871222 0.4171248 0.0276510 0.0154821
19 0.4575066 0.4171248 0.0276510 0.0154821
5 0.5278910 0.4171248 0.0276511 0.0154821
33 0.5982754 0.4171248 0.0653570 0.0597166
18 0.5982754 0.4171248 0.0276510 0.0154821
24 0.6686598 0.4171248 0.0276511 0.0154821
30 0.3871222 0.4768414 0.0276510 0.0154821
1 0.5278910 0.4768414 0.0276511 0.0154821
13 0.5982754 0.4768414 0.0276510 0.0154821
18 0.6686598 0.4768414 0.0276511 0.0154821
2 0.7390442 0.4768414 0.0276510 0.0154821
20 0.3167378 0.5365580 0.0276510 0.0154821
4 0.5278910 0.5365580 0.0276511 0.0154821
8 0.6686598 0.5365580 0.0276511 0.0154821
27 0.3871222 0.5962745 0.0276510 0.0154821
7 0.5278910 0.5962745 0.0276511 0.0154821
25 0.5982754 0.5962745 0.0276510 0.0154821
6 0.6686598 0.5962745 0.0276511 0.0154821
15 0.3871222 0.6559911 0.0276510 0.0154820
21 0.5278910 0.6559911 0.0276511 0.0154820
3 0.5982754 0.6559911 0.0276510 0.0154820
11 0.6686598 0.6559911 0.0276511 0.0154820
14 0.7390442 0.6559911 0.0276510 0.0154820
14 0.4575066 0.4768414 0.0276510 0.0154821
12 0.7390442 0.5962745 0.0276510 0.0154821
29 0.3167378 0.4768414 0.0276510 0.0154821
2 0.3167378 0.6559911 0.0276510 0.0154820
14 0.7390442 0.4171248 0.0276510 0.0154821
30 0.3871222 0.5365580 0.0276510 0.0154821
28 0.4575066 0.6559911 0.0276510 0.0154820
16 0.5982754 0.5365580 0.0276510 0.0154821
11 0.3167378 0.5962745 0.0276510 0.0154821
3 0.4575066 0.5365580 0.0276510 0.0154821
