11 0.4033579 0.4982541 0.0276950 0.0154173
23 0.8263361 0.2603862 0.0276950 0.0154173
32 0.6104410 0.3484854 0.5098399 0.4228762
8 0.4033579 0.2009193 0.0276950 0.0154173
2 0.5443507 0.2009193 0.0276950 0.0154173
28 0.6853434 0.2009193 0.0276950 0.0154173
9 0.7558398 0.2009193 0.0276950 0.0154173
4 0.8263361 0.2009193 0.0276950 0.0154173
3 0.4738543 0.2603862 0.0276950 0.0154173
1 0.5443507 0.2603862 0.0276950 0.0154173
16 0.6148470 0.2603862 0.0276950 0.0154173
14 0.6853434 0.2603862 0.0276950 0.0154173
12 0.7558398 0.2603862 0.0276950 0.0154173
13 0.4033579 0.3198532 0.0276950 0.0154173
18 0.4738543 0.3198532 0.0276950 0.0154173
33 0.6148470 0.3198532 0.0654610 0.0594670
26 0.6148470 0.3198532 0.0276950 0.0154173
6 0.7558398 0.3198532 0.0276950 0.0154173
29 0.4033579 0.3793201 0.0276950 0.0154173
10 0.4738543 0.3793201 0.0276950 0.0154173
7 0.5443507 0.3793201 0.0276950 0.0154173
30 0.6148470 0.3793201 0.0276950 0.0154173
21 0.6853434 0.3793201 0.0276950 0.0154173
23 0.7558398 0.3793201 0.0276950 0.0154173
27 0.8263361 0.3793201 0.0276950 0.0154173
31 0.4738543 0.4387871 0.0276950 0.0154173
26 0.5443507 0.4387871 0.0276950 0.0154173
24 0.6853434 0.4387871 0.0276950 0.0154173
15 0.7558398 0.4387871 0.0276950 0.0154173
22 0.8263361 0.4387871 0.0276950 0.0154173
25 0.4738543 0.4982541 0.0276950 0.0154173
19 0.5443507 0.4982541 0.0276950 0.0154173
20 0.6148470 0.4982541 0.0276950 0.0154173
17 0.8263361 0.4982541 0.0276950 0.0154173
22 0.4738543 0.2009193 0.0276950 0.0154173
2 0.6853434 0.4982541 0.0276950 0.0154173
11 0.7558398 0.4982541 0.0276950 0.0154173
22 0.4033579 0.4387871 0.0276950 0.0154173
8 0.6148470 0.2009193 0.0276950 0.0154173
24 0.6853434 0.3198532 0.0276950 0.0154173
13 0.4033579 0.2603862 0.0276950 0.0154173
15 0.8263361 0.3198532 0.0276950 0.0154173
24 0.6148470 0.4387871 0.0276950 0.0154173
28 0.5443507 0.3198532 0.0276950 0.0154173
