24 0.5680608 0.6527023 0.0269838 0.0156661
10 0.2933171 0.7131284 0.0269838 0.0156660
32 0.4950820 0.6213702 0.4967463 0.4296966
22 0.3620031 0.4714241 0.0269837 0.0156660
27 0.4306890 0.4714241 0.0269837 0.0156660
21 0.4993749 0.4714241 0.0269837 0.0156660
20 0.5680608 0.4714241 0.0269838 0.0156660
9 0.7054326 0.4714241 0.0269837 0.0156660
7 0.4306890 0.5318501 0.0269837 0.0156660
3 0.4993749 0.5318501 0.0269837 0.0156660
26 0.5680608 0.5318501 0.0269838 0.0156660
31 0.7054326 0.5318501 0.0269837 0.0156660
11 0.2933171 0.5922762 0.0269838 0.0156660
1 0.3620031 0.5922762 0.0269837 0.0156660
10 0.4306890 0.5922762 0.0269837 0.0156660
15 0.4993749 0.5922762 0.0269837 0.0156660
19 0.7054326 0.5922762 0.0269837 0.0156660
33 0.2933171 0.6527023 0.0637798 0.0604260
19 0.2933171 0.6527023 0.0269838 0.0156661
24 0.3620031 0.6527023 0.0269837 0.0156661
6 0.4306890 0.6527023 0.0269837 0.0156661
17 0.4993749 0.6527023 0.0269837 0.0156661
25 0.6367467 0.6527023 0.0269837 0.0156661
18 0.4306890 0.7131284 0.0269837 0.0156660
2 0.4993749 0.7131284 0.0269837 0.0156660
14 0.5680608 0.7131284 0.0269838 0.0156660
28 0.6367467 0.7131284 0.0269837 0.0156660
25 0.7054326 0.6527023 0.0269837 0.0156661
3 0.6367467 0.4714241 0.0269837 0.0156660
27 0.6367467 0.5318501 0.0269837 0.0156660
22 0.6367467 0.5922762 0.0269837 0.0156660
17 0.2933171 0.4714241 0.0269838 0.0156660
22 0.5680608 0.5922762 0.0269838 0.0156660
26 0.7054326 0.7131284 0.0269837 0.0156660
14 0.3620031 0.7131284 0.0269837 0.0156660
10 0.3620031 0.5318501 0.0269837 0.0156660
26 0.2933171 0.5318501 0.0269838 0.0156660
