27 0.4967415 0.6426494 0.0265989 0.0163653
8 0.3613291 0.6426494 0.0265989 0.0163653
32 0.2942274 0.5482764 0.4896610 0.4189507
3 0.0905042 0.4069896 0.0265989 0.0163653
5 0.1582104 0.4069896 0.0265989 0.0163653
13 0.2936229 0.4069896 0.0265989 0.0163653
31 0.3613291 0.4069896 0.0265989 0.0163653
6 0.4967415 0.4069896 0.0265989 0.0163653
14 0.1582104 0.4653590 0.0265989 0.0152743
10 0.2259167 0.4653590 0.0265989 0.0152743
26 0.3613291 0.4653590 0.0265989 0.0152743
16 0.4290353 0.4653590 0.0265989 0.0152743
15 0.1582104 0.5248195 0.0265989 0.0163653
27 0.2259167 0.5248195 0.0265989 0.0163653
1 0.2936229 0.5248195 0.0265989 0.0163653
11 0.4290353 0.5248195 0.0265989 0.0163653
28 0.4967415 0.5248195 0.0265989 0.0163653
22 0.0905042 0.5837344 0.0265989 0.0163652
23 0.1582104 0.5837344 0.0265989 0.0163652
2 0.2259167 0.5837344 0.0265989 0.0163652
17 0.2936229 0.5837344 0.0265989 0.0163652
18 0.3613291 0.5837344 0.0265989 0.0163652
7 0.4290353 0.5837344 0.0265989 0.0163652
29 0.4967415 0.5837344 0.0265989 0.0163652
21 0.0905042 0.6426494 0.0265989 0.0163653
12 0.1582104 0.6426494 0.0265989 0.0163653
19 0.2259167 0.6426494 0.0265989 0.0163653
20 0.0905042 0.7010188 0.0265989 0.0152743
4 0.1582104 0.7010188 0.0265989 0.0152743
30 0.2259167 0.7010188 0.0265989 0.0152743
9 0.3613291 0.7010188 0.0265989 0.0152743
33 0.4290353 0.7010188 0.0628701 0.0589149
25 0.4290353 0.7010188 0.0265989 0.0152743
24 0.4967415 0.7010188 0.0265989 0.0152743
3 0.3613291 0.5248195 0.0265989 0.0163653
22 0.0905042 0.5248195 0.0265989 0.0163653
19 0.2936229 0.4653590 0.0265989 0.0152743
9 0.4290353 0.4069896 0.0265989 0.0163653
27 0.2936229 0.7010188 0.0265989 0.0152743
11 0.4967415 0.4653590 0.0265989 0.0152743
17 0.2259167 0.4069896 0.0265989 0.0163653
30 0.4290353 0.6426494 0.0265989 0.0163653
21 0.2936229 0.6426494 0.0265989 0.0163653
5 0.0905042 0.4653590 0.0265989 0.0152743
