17 0.3190141 0.6262514 0.0275805 0.0160531
6 0.5296294 0.5643324 0.0275806 0.0160531
32 0.3146263 0.5941452 0.5077333 0.4403127
15 0.1083988 0.4404945 0.0275806 0.0160531
9 0.1786039 0.4404945 0.0275806 0.0160531
31 0.2488090 0.4404945 0.0275806 0.0160531
12 0.3190141 0.4404945 0.0275805 0.0160531
27 0.5296294 0.4404945 0.0275806 0.0160531
21 0.3190141 0.5024134 0.0275805 0.0160531
26 0.3892192 0.5024134 0.0275806 0.0160531
6 0.4594243 0.5024134 0.0275806 0.0160531
10 0.5296294 0.5024134 0.0275806 0.0160531
14 0.1083988 0.5643324 0.0275806 0.0160531
20 0.2488090 0.5643324 0.0275806 0.0160531
11 0.3190141 0.5643324 0.0275805 0.0160531
33 0.4594243 0.5643324 0.0651905 0.0619190
14 0.4594243 0.5643324 0.0275806 0.0160531
2 0.1786039 0.6262514 0.0275806 0.0160531
8 0.2488090 0.6262514 0.0275806 0.0160531
30 0.3892192 0.6262514 0.0275806 0.0160531
18 0.4594243 0.6262514 0.0275806 0.0160531
16 0.1083988 0.6881703 0.0275806 0.0160531
22 0.1786039 0.6881703 0.0275806 0.0160531
13 0.2488090 0.6881703 0.0275806 0.0160531
28 0.3190141 0.6881703 0.0275805 0.0160531
1 0.3892192 0.6881703 0.0275806 0.0160531
19 0.4594243 0.6881703 0.0275806 0.0160531
3 0.5296294 0.6881703 0.0275806 0.0160531
29 0.1083988 0.7500893 0.0275806 0.0160532
5 0.1786039 0.7500893 0.0275806 0.0160532
7 0.2488090 0.7500893 0.0275806 0.0160532
25 0.3892192 0.7500893 0.0275806 0.0160532
23 0.4594243 0.7500893 0.0275806 0.0160532
4 0.5296294 0.7500893 0.0275806 0.0160532
30 0.1786039 0.5643324 0.0275806 0.0160531
24 0.3892192 0.5643324 0.0275806 0.0160531
13 0.1083988 0.6262514 0.0275806 0.0160531
21 0.1786039 0.5024134 0.0275806 0.0160531
7 0.3190141 0.7500893 0.0275805 0.0160532
18 0.5296294 0.6262514 0.0275806 0.0160531
16 0.2488090 0.5024134 0.0275806 0.0160531
30 0.4594243 0.4404945 0.0275806 0.0160531
25 0.1083988 0.5024134 0.0275806 0.0160531
26 0.3892192 0.4404945 0.0275806 0.0160531
