2 0.1900561 0.4875036 0.0280274 0.0155114
15 0.1900561 0.3080142 0.0280274 0.0155114
32 0.3996248 0.3966509 0.5159595 0.4254563
6 0.1900561 0.2481844 0.0280274 0.0155114
11 0.2613986 0.2481844 0.0280274 0.0155114
23 0.3327411 0.2481844 0.0280274 0.0155114
9 0.4040837 0.2481844 0.0280274 0.0155114
18 0.4754262 0.2481844 0.0280274 0.0155114
33 0.5467688 0.2481844 0.0662466 0.0598298
5 0.5467688 0.2481844 0.0280274 0.0155114
1 0.6181113 0.2481844 0.0280274 0.0155114
17 0.2613986 0.3080142 0.0280274 0.0155114
13 0.4754262 0.3080142 0.0280274 0.0155114
24 0.5467688 0.3080142 0.0280274 0.0155114
8 0.6181113 0.3080142 0.0280274 0.0155114
30 0.3327411 0.3678440 0.0280274 0.0155114
10 0.4040837 0.3678440 0.0280274 0.0155114
22 0.4754262 0.3678440 0.0280274 0.0155114
20 0.6181113 0.3678440 0.0280274 0.0155114
4 0.2613986 0.4276738 0.0280274 0.0155114
16 0.3327411 0.4276738 0.0280274 0.0155114
14 0.4040837 0.4276738 0.0280274 0.0155114
27 0.4754262 0.4276738 0.0280274 0.0155114
5 0.3327411 0.4875036 0.0280274 0.0155114
19 0.4754262 0.4875036 0.0280274 0.0155114
2 0.5467688 0.4875036 0.0280274 0.0155114
31 0.6181113 0.4875036 0.0280274 0.0155114
6 0.1900561 0.4276738 0.0280274 0.0155114
28 0.3327411 0.3080142 0.0280274 0.0155114
23 0.1900561 0.3678440 0.0280274 0.0155114
16 0.2613986 0.3678440 0.0280274 0.0155114
25 0.4040837 0.3080142 0.0280274 0.0155114
27 0.2613986 0.4875036 0.0280274 0.0155114
24 0.5467688 0.3678440 0.0280274 0.0155114
21 0.4040837 0.4875036 0.0280274 0.0155114
14 0.6181113 0.4276738 0.0280274 0.0155114
17 0.5467688 0.4276738 0.0280274 0.0155114
