6 0.5242900 0.4071245 0.0274555 0.0148119
29 0.5242900 0.5213880 0.0274555 0.0148119
32 0.3801486 0.4346324 0.5054311 0.4062703
8 0.1748562 0.2928610 0.0274555 0.0148119
7 0.2447430 0.2928610 0.0274555 0.0148119
16 0.3146297 0.2928610 0.0274555 0.0148119
25 0.3845165 0.2928610 0.0274555 0.0148119
29 0.5941768 0.2928610 0.0274555 0.0148119
20 0.1748562 0.3499927 0.0274555 0.0148119
2 0.2447430 0.3499927 0.0274555 0.0148119
11 0.5242900 0.3499927 0.0274555 0.0148119
24 0.1748562 0.4071245 0.0274555 0.0148119
18 0.2447430 0.4071245 0.0274555 0.0148119
23 0.3146297 0.4071245 0.0274555 0.0148119
14 0.3845165 0.4071245 0.0274555 0.0148119
21 0.1748562 0.4642563 0.0274555 0.0148119
19 0.2447430 0.4642563 0.0274555 0.0148119
13 0.3146297 0.4642563 0.0274555 0.0148119
4 0.3845165 0.4642563 0.0274555 0.0148119
17 0.4544033 0.4642563 0.0274555 0.0148119
1 0.5941768 0.4642563 0.0274555 0.0148119
6 0.1748562 0.5213880 0.0274555 0.0148119
3 0.3146297 0.5213880 0.0274555 0.0148119
31 0.3845165 0.5213880 0.0274555 0.0148119
33 0.4544033 0.5213880 0.0648948 0.0571318
8 0.4544033 0.5213880 0.0274555 0.0148119
22 0.5941768 0.5213880 0.0274555 0.0148119
7 0.5242900 0.4642563 0.0274555 0.0148119
14 0.2447430 0.5213880 0.0274555 0.0148119
8 0.4544033 0.3499927 0.0274555 0.0148119
2 0.4544033 0.4071245 0.0274555 0.0148119
16 0.5941768 0.3499927 0.0274555 0.0148119
26 0.5941768 0.4071245 0.0274555 0.0148119
3 0.3845165 0.3499927 0.0274555 0.0148119
20 0.5242900 0.2928610 0.0274555 0.0148119
18 0.4544033 0.2928610 0.0274555 0.0148119
26 0.3146297 0.3499927 0.0274555 0.0148119
