21 0.3314450 0.4317394 0.0272489 0.0158770
6 0.4701665 0.4317394 0.0272489 0.0158770
32 0.2577492 0.5224654 0.5016268 0.4354849
20 0.0540020 0.3704993 0.0272489 0.0158770
27 0.1233627 0.3704993 0.0272489 0.0158770
24 0.2620842 0.3704993 0.0272489 0.0158770
31 0.3314450 0.3704993 0.0272489 0.0158770
14 0.4008057 0.3704993 0.0272489 0.0158770
13 0.4701665 0.3704993 0.0272489 0.0158770
5 0.0540020 0.4317394 0.0272489 0.0158770
10 0.1233627 0.4317394 0.0272489 0.0158770
33 0.1927235 0.4317394 0.0644064 0.0612400
19 0.1927235 0.4317394 0.0272489 0.0158770
23 0.4008057 0.4317394 0.0272489 0.0158770
22 0.0540020 0.4929795 0.0272489 0.0158770
4 0.2620842 0.4929795 0.0272489 0.0158770
15 0.3314450 0.4929795 0.0272489 0.0158770
21 0.4008057 0.4929795 0.0272489 0.0158770
11 0.0540020 0.5542195 0.0272489 0.0158771
12 0.1927235 0.5542195 0.0272489 0.0158771
1 0.2620842 0.5542195 0.0272489 0.0158771
7 0.3314450 0.5542195 0.0272489 0.0158771
18 0.4008057 0.5542195 0.0272489 0.0158771
2 0.4701665 0.5542195 0.0272489 0.0158771
19 0.1233627 0.6154596 0.0272489 0.0158770
8 0.1927235 0.6154596 0.0272489 0.0158770
26 0.3314450 0.6154596 0.0272489 0.0158770
7 0.4008057 0.6154596 0.0272489 0.0158770
31 0.1233627 0.4929795 0.0272489 0.0158770
30 0.4701665 0.4929795 0.0272489 0.0158770
8 0.2620842 0.4317394 0.0272489 0.0158770
25 0.0540020 0.6154596 0.0272489 0.0158770
25 0.1927235 0.4929795 0.0272489 0.0158770
5 0.1233627 0.5542195 0.0272489 0.0158771
2 0.2620842 0.6154596 0.0272489 0.0158770
6 0.4701665 0.6154596 0.0272489 0.0158770
31 0.1927235 0.3704993 0.0272489 0.0158770
