8 0.3150343 0.3790102 0.0284316 0.0148543
3 0.3150343 0.2071251 0.0284316 0.0148543
32 0.4552538 0.3493016 0.5234001 0.4074312
20 0.2426629 0.2071251 0.0284316 0.0148543
10 0.3874057 0.2071251 0.0284316 0.0148543
12 0.4597770 0.2071251 0.0284316 0.0148543
5 0.6045198 0.2071251 0.0284316 0.0148543
29 0.6768912 0.2071251 0.0284316 0.0148543
7 0.3150343 0.2644201 0.0284316 0.0148543
13 0.4597770 0.2644201 0.0284316 0.0148543
14 0.5321484 0.2644201 0.0284316 0.0148543
33 0.6045198 0.2644201 0.0672020 0.0572950
17 0.6045198 0.2644201 0.0284316 0.0148543
17 0.3150343 0.3217151 0.0284316 0.0148543
9 0.4597770 0.3217151 0.0284316 0.0148543
21 0.5321484 0.3217151 0.0284316 0.0148543
16 0.2426629 0.3790102 0.0284316 0.0148543
1 0.4597770 0.3790102 0.0284316 0.0148543
6 0.5321484 0.3790102 0.0284316 0.0148543
3 0.6045198 0.3790102 0.0284316 0.0148543
24 0.6768912 0.3790102 0.0284316 0.0148543
18 0.2426629 0.4363052 0.0284316 0.0148543
23 0.3874057 0.4363052 0.0284316 0.0148543
27 0.4597770 0.4363052 0.0284316 0.0148543
26 0.5321484 0.4363052 0.0284316 0.0148543
4 0.6045198 0.4363052 0.0284316 0.0148543
15 0.6768912 0.4363052 0.0284316 0.0148543
9 0.3150343 0.4363052 0.0284316 0.0148543
9 0.2426629 0.3217151 0.0284316 0.0148543
5 0.3874057 0.2644201 0.0284316 0.0148543
27 0.3874057 0.3217151 0.0284316 0.0148543
1 0.6768912 0.3217151 0.0284316 0.0148543
13 0.6768912 0.2644201 0.0284316 0.0148543
1 0.6045198 0.3217151 0.0284316 0.0148543
24 0.5321484 0.2071251 0.0284316 0.0148543
16 0.2426629 0.2644201 0.0284316 0.0148543
7 0.3874057 0.3790102 0.0284316 0.0148543
