26 0.5389845 0.3096701 0.0270623 0.0148365
21 0.6078705 0.4818795 0.0270623 0.0158963
32 0.4018275 0.3902111 0.4981934 0.4069439
5 0.1945545 0.2529735 0.0270623 0.0158963
24 0.2634405 0.2529735 0.0270623 0.0158963
11 0.3323265 0.2529735 0.0270624 0.0158963
9 0.4012125 0.2529735 0.0270623 0.0158963
1 0.5389845 0.2529735 0.0270623 0.0158963
14 0.6078705 0.2529735 0.0270623 0.0158963
33 0.1945545 0.3096701 0.0639656 0.0572265
25 0.1945545 0.3096701 0.0270623 0.0148365
16 0.3323265 0.3096701 0.0270624 0.0148365
23 0.4012125 0.3096701 0.0270623 0.0148365
6 0.6078705 0.3096701 0.0270623 0.0148365
27 0.1945545 0.3674265 0.0270623 0.0158963
19 0.2634405 0.3674265 0.0270623 0.0158963
10 0.4700985 0.3674265 0.0270623 0.0158963
17 0.5389845 0.3674265 0.0270623 0.0158963
28 0.6078705 0.3674265 0.0270623 0.0158963
4 0.1945545 0.4246530 0.0270623 0.0158963
3 0.2634405 0.4246530 0.0270623 0.0158963
15 0.5389845 0.4246530 0.0270623 0.0158963
20 0.6078705 0.4246530 0.0270623 0.0158963
7 0.1945545 0.4818795 0.0270623 0.0158963
30 0.2634405 0.4818795 0.0270623 0.0158963
21 0.3323265 0.4818795 0.0270624 0.0158963
2 0.4012125 0.4818795 0.0270623 0.0158963
29 0.4700985 0.4818795 0.0270623 0.0158963
22 0.5389845 0.4818795 0.0270623 0.0158963
31 0.2634405 0.5385761 0.0270623 0.0148365
18 0.3323265 0.5385761 0.0270624 0.0148365
25 0.4700985 0.5385761 0.0270623 0.0148365
13 0.5389845 0.5385761 0.0270623 0.0148365
10 0.6078705 0.5385761 0.0270623 0.0148365
31 0.2634405 0.3096701 0.0270623 0.0148365
3 0.3323265 0.4246530 0.0270624 0.0158963
1 0.4012125 0.4246530 0.0270623 0.0158963
25 0.4012125 0.5385761 0.0270623 0.0148365
26 0.4700985 0.2529735 0.0270623 0.0158963
29 0.4700985 0.4246530 0.0270623 0.0158963
30 0.4700985 0.3096701 0.0270623 0.0148365
13 0.3323265 0.3674265 0.0270624 0.0158963
31 0.1945545 0.5385761 0.0270623 0.0148365
13 0.4012125 0.3674265 0.0270623 0.0158963
