20 0.4631312 0.5056756 0.0267323 0.0155547
26 0.3950853 0.4456788 0.0267323 0.0155547
32 0.3908325 0.4145694 0.4921172 0.4266439
22 0.1909478 0.2656884 0.0267323 0.0155547
10 0.3270395 0.2656884 0.0267323 0.0155547
26 0.3950853 0.2656884 0.0267323 0.0155547
33 0.4631312 0.2656884 0.0631854 0.0599968
4 0.4631312 0.2656884 0.0267323 0.0155547
28 0.5311770 0.2656884 0.0267323 0.0155547
23 0.1909478 0.3256852 0.0267323 0.0155547
3 0.2589937 0.3256852 0.0267323 0.0155547
11 0.4631312 0.3256852 0.0267323 0.0155547
19 0.5311770 0.3256852 0.0267323 0.0155547
29 0.1909478 0.3856820 0.0267323 0.0155547
30 0.3950853 0.3856820 0.0267323 0.0155547
20 0.4631312 0.3856820 0.0267323 0.0155547
14 0.5992229 0.3856820 0.0267323 0.0155547
17 0.1909478 0.4456788 0.0267323 0.0155547
9 0.2589937 0.4456788 0.0267323 0.0155547
12 0.4631312 0.4456788 0.0267323 0.0155547
15 0.5311770 0.4456788 0.0267323 0.0155547
1 0.5992229 0.4456788 0.0267323 0.0155547
6 0.2589937 0.5056756 0.0267323 0.0155547
16 0.3270395 0.5056756 0.0267323 0.0155547
27 0.3950853 0.5056756 0.0267323 0.0155547
13 0.5992229 0.5056756 0.0267323 0.0155547
13 0.3270395 0.4456788 0.0267323 0.0155547
5 0.5992229 0.2656884 0.0267323 0.0155547
7 0.3270395 0.3256852 0.0267323 0.0155547
28 0.2589937 0.2656884 0.0267323 0.0155547
24 0.3270395 0.3856820 0.0267323 0.0155547
17 0.5311770 0.5056756 0.0267323 0.0155547
30 0.3950853 0.3256852 0.0267323 0.0155547
6 0.5311770 0.3856820 0.0267323 0.0155547
19 0.5992229 0.3256852 0.0267323 0.0155547
13 0.1909478 0.5056756 0.0267323 0.0155547
16 0.2589937 0.3856820 0.0267323 0.0155547
