25 0.2959232 0.5056580 0.0287857 0.0156184
20 0.3691959 0.5056580 0.0287857 0.0156184
32 0.3646163 0.5949057 0.5299187 0.4283890
21 0.1493777 0.4454158 0.0287857 0.0156184
31 0.3691959 0.4454158 0.0287857 0.0156184
6 0.4424686 0.4454158 0.0287857 0.0156184
11 0.5890140 0.4454158 0.0287857 0.0156184
23 0.1493777 0.5056580 0.0287857 0.0156184
10 0.2226505 0.5056580 0.0287857 0.0156184
3 0.4424686 0.5056580 0.0287857 0.0156184
12 0.5157413 0.5056580 0.0287857 0.0156184
29 0.5890140 0.5056580 0.0287857 0.0156184
20 0.1493777 0.5659002 0.0287857 0.0156184
9 0.2959232 0.5659002 0.0287857 0.0156184
26 0.3691959 0.5659002 0.0287857 0.0156184
2 0.4424686 0.5659002 0.0287857 0.0156184
14 0.5157413 0.5659002 0.0287857 0.0156184
8 0.5890140 0.5659002 0.0287857 0.0156184
13 0.2226505 0.6261424 0.0287857 0.0156184
28 0.3691959 0.6261424 0.0287857 0.0156184
15 0.4424686 0.6261424 0.0287857 0.0156184
30 0.5157413 0.6261424 0.0287857 0.0156184
18 0.5890140 0.6261424 0.0287857 0.0156184
22 0.2226505 0.6863846 0.0287857 0.0156184
5 0.2959232 0.6863846 0.0287857 0.0156184
25 0.4424686 0.6863846 0.0287857 0.0156184
27 0.1493777 0.7466269 0.0287857 0.0156184
24 0.2226505 0.7466269 0.0287857 0.0156184
1 0.2959232 0.7466269 0.0287857 0.0156184
19 0.3691959 0.7466269 0.0287857 0.0156184
16 0.5157413 0.7466269 0.0287857 0.0156184
33 0.5890140 0.7466268 0.0680389 0.0602422
6 0.5890140 0.7466269 0.0287857 0.0156184
17 0.5157413 0.4454158 0.0287857 0.0156184
13 0.4424686 0.7466269 0.0287857 0.0156184
4 0.5157413 0.6863846 0.0287857 0.0156184
26 0.3691959 0.6863846 0.0287857 0.0156184
17 0.2959232 0.6261424 0.0287857 0.0156184
7 0.1493777 0.6261424 0.0287857 0.0156184
15 0.2226505 0.4454158 0.0287857 0.0156184
5 0.2959232 0.4454158 0.0287857 0.0156184
19 0.2226505 0.5659002 0.0287857 0.0156184
26 0.5890140 0.6863846 0.0287857 0.0156184
26 0.1493777 0.6863846 0.0287857 0.0156184
