20 0.6687007 0.4032375 0.0262709 0.0152450
15 0.4680861 0.4620396 0.0262709 0.0152450
32 0.4639066 0.4315496 0.4836246 0.4181479
12 0.4012145 0.2856334 0.0262709 0.0152450
28 0.6018292 0.2856334 0.0262710 0.0152450
8 0.6687007 0.2856334 0.0262709 0.0152450
24 0.3343430 0.3444355 0.0262710 0.0152450
19 0.4012145 0.3444355 0.0262709 0.0152450
9 0.5349576 0.3444355 0.0262710 0.0152450
2 0.6018292 0.3444355 0.0262710 0.0152450
4 0.6687007 0.3444355 0.0262709 0.0152450
21 0.2674714 0.4032375 0.0262710 0.0152450
7 0.4012145 0.4032375 0.0262709 0.0152450
18 0.5349576 0.4032375 0.0262710 0.0152450
3 0.6018292 0.4032375 0.0262710 0.0152450
20 0.2674714 0.4620396 0.0262710 0.0152450
13 0.3343430 0.4620396 0.0262710 0.0152450
31 0.5349576 0.4620396 0.0262710 0.0152450
29 0.6018292 0.4620396 0.0262710 0.0152450
5 0.6687007 0.4620396 0.0262709 0.0152450
22 0.2674714 0.5208416 0.0262710 0.0152450
10 0.4012145 0.5208416 0.0262709 0.0152450
30 0.4680861 0.5208416 0.0262709 0.0152450
16 0.5349576 0.5208416 0.0262710 0.0152450
23 0.6018292 0.5208416 0.0262710 0.0152450
15 0.6687007 0.5208416 0.0262709 0.0152450
26 0.2674714 0.5796437 0.0262710 0.0152450
1 0.3343430 0.5796437 0.0262710 0.0152450
27 0.4012145 0.5796437 0.0262709 0.0152450
11 0.4680861 0.5796437 0.0262709 0.0152450
33 0.5349576 0.5796437 0.0620950 0.0588020
3 0.5349576 0.5796437 0.0262710 0.0152450
14 0.6018292 0.5796437 0.0262710 0.0152450
28 0.3343430 0.2856334 0.0262710 0.0152450
3 0.4680861 0.2856334 0.0262709 0.0152450
3 0.2674714 0.3444355 0.0262710 0.0152450
5 0.4012145 0.4620396 0.0262709 0.0152450
30 0.2674714 0.2856334 0.0262710 0.0152450
27 0.4680861 0.3444355 0.0262709 0.0152450
30 0.4680861 0.4032375 0.0262709 0.0152450
6 0.3343430 0.5208416 0.0262710 0.0152450
14 0.3343430 0.4032375 0.0262710 0.0152450
31 0.6687007 0.5796437 0.0262709 0.0152450
27 0.5349576 0.2856334 0.0262710 0.0152450
