18 0.7121587 0.5435916 0.0279198 0.0151025
19 0.6410899 0.4853391 0.0279198 0.0151025
32 0.6366481 0.6298916 0.5139791 0.4142400
10 0.4989524 0.4853391 0.0279198 0.0151025
27 0.5700212 0.4853391 0.0279198 0.0151025
12 0.7121587 0.4853391 0.0279198 0.0151025
21 0.7832274 0.4853391 0.0279198 0.0151025
4 0.8542960 0.4853391 0.0279198 0.0151025
9 0.4278838 0.5435916 0.0279198 0.0151025
20 0.4989524 0.5435916 0.0279198 0.0151025
25 0.5700212 0.5435916 0.0279198 0.0151025
7 0.6410899 0.5435916 0.0279198 0.0151025
1 0.8542960 0.5435916 0.0279198 0.0151025
15 0.4989524 0.6018441 0.0279198 0.0151025
23 0.5700212 0.6018441 0.0279198 0.0151025
14 0.7832274 0.6018441 0.0279198 0.0151025
8 0.8542960 0.6018441 0.0279198 0.0151025
33 0.4278838 0.6600966 0.0659924 0.0582525
12 0.4278838 0.6600966 0.0279198 0.0151025
17 0.5700212 0.6600966 0.0279198 0.0151025
19 0.6410899 0.6600966 0.0279198 0.0151025
5 0.7121587 0.6600966 0.0279198 0.0151025
18 0.7832274 0.6600966 0.0279198 0.0151025
29 0.4278838 0.7183491 0.0279198 0.0151025
13 0.6410899 0.7183491 0.0279198 0.0151025
3 0.7121587 0.7183491 0.0279198 0.0151025
30 0.7832274 0.7183491 0.0279198 0.0151025
24 0.8542960 0.7183491 0.0279198 0.0151025
11 0.4989524 0.7766016 0.0279198 0.0151025
22 0.6410899 0.7766016 0.0279198 0.0151025
31 0.7121587 0.7766016 0.0279198 0.0151025
2 0.7832274 0.7766016 0.0279198 0.0151025
16 0.8542960 0.7766016 0.0279198 0.0151025
6 0.4278838 0.7766016 0.0279198 0.0151025
17 0.4278838 0.4853391 0.0279198 0.0151025
20 0.7121587 0.6018441 0.0279198 0.0151025
11 0.4989524 0.7183491 0.0279198 0.0151025
1 0.5700212 0.7183491 0.0279198 0.0151025
7 0.4278838 0.6018441 0.0279198 0.0151025
24 0.4989524 0.6600966 0.0279198 0.0151025
25 0.6410899 0.6018441 0.0279198 0.0151025
9 0.8542960 0.6600966 0.0279198 0.0151025
11 0.5700212 0.7766016 0.0279198 0.0151025
2 0.7832274 0.5435916 0.0279198 0.0151025
