3 0.1082841 0.5042642 0.0274542 0.0149127
31 0.2480512 0.3322361 0.0274542 0.0159779
32 0.3185587 0.3551377 0.5054076 0.4090327
23 0.1082841 0.2171956 0.0274542 0.0159779
30 0.1781677 0.2171956 0.0274543 0.0159779
5 0.2480512 0.2171956 0.0274542 0.0159779
12 0.3179347 0.2171956 0.0274542 0.0159779
20 0.4577017 0.2171956 0.0274543 0.0159779
11 0.5275853 0.2171956 0.0274542 0.0159779
16 0.1781677 0.2741833 0.0274543 0.0149127
21 0.2480512 0.2741833 0.0274542 0.0149127
24 0.3179347 0.2741833 0.0274542 0.0149127
8 0.4577017 0.2741833 0.0274543 0.0149127
22 0.1082841 0.3322361 0.0274542 0.0159779
9 0.1781677 0.3322361 0.0274543 0.0159779
13 0.3179347 0.3322361 0.0274542 0.0159779
6 0.3878182 0.3322361 0.0274542 0.0159779
10 0.4577017 0.3322361 0.0274543 0.0159779
31 0.1082841 0.3897563 0.0274542 0.0159779
28 0.1781677 0.3897563 0.0274543 0.0159779
17 0.2480512 0.3897563 0.0274542 0.0159779
18 0.3179347 0.3897563 0.0274542 0.0159779
15 0.3878182 0.3897563 0.0274542 0.0159779
1 0.4577017 0.3897563 0.0274543 0.0159779
27 0.5275853 0.3897563 0.0274542 0.0159779
14 0.1781677 0.4472765 0.0274543 0.0159778
26 0.3878182 0.4472765 0.0274542 0.0159778
3 0.4577017 0.4472765 0.0274543 0.0159778
33 0.1781677 0.5042642 0.0648918 0.0575202
11 0.1781677 0.5042642 0.0274543 0.0149127
7 0.2480512 0.5042642 0.0274542 0.0149127
29 0.3878182 0.5042642 0.0274542 0.0149127
2 0.5275853 0.5042642 0.0274542 0.0149127
27 0.5275853 0.2741833 0.0274542 0.0149127
11 0.3179347 0.4472765 0.0274542 0.0159778
29 0.4577017 0.5042642 0.0274543 0.0149127
12 0.5275853 0.3322361 0.0274542 0.0159779
6 0.3878182 0.2171956 0.0274542 0.0159779
10 0.3179347 0.5042642 0.0274542 0.0149127
24 0.1082841 0.2741833 0.0274542 0.0149127
20 0.1082841 0.4472765 0.0274542 0.0159778
21 0.3878182 0.2741833 0.0274542 0.0149127
29 0.5275853 0.4472765 0.0274542 0.0159778
19 0.2480512 0.4472765 0.0274542 0.0159778
