18 0.6537043 0.3191532 0.0273668 0.0154091
27 0.6537043 0.2002831 0.0273668 0.0154091
32 0.5100286 0.3477701 0.5037980 0.4226495
2 0.3053996 0.2002831 0.0273668 0.0154091
20 0.3750605 0.2002831 0.0273668 0.0154091
26 0.4447215 0.2002831 0.0273668 0.0154091
30 0.5143824 0.2002831 0.0273668 0.0154091
9 0.5840434 0.2002831 0.0273668 0.0154091
16 0.3053996 0.2597181 0.0273668 0.0154091
13 0.3750605 0.2597181 0.0273668 0.0154091
19 0.4447215 0.2597181 0.0273668 0.0154091
24 0.5840434 0.2597181 0.0273668 0.0154091
28 0.3053996 0.3191532 0.0273668 0.0154091
4 0.3750605 0.3191532 0.0273668 0.0154091
31 0.4447215 0.3191532 0.0273668 0.0154091
12 0.5143824 0.3191532 0.0273668 0.0154091
11 0.5840434 0.3191532 0.0273668 0.0154091
33 0.4447215 0.3785883 0.0646852 0.0594351
3 0.4447215 0.3785883 0.0273668 0.0154091
8 0.5840434 0.3785883 0.0273668 0.0154091
22 0.6537043 0.3785883 0.0273668 0.0154091
15 0.7233652 0.3785883 0.0273668 0.0154091
6 0.3750605 0.4380234 0.0273668 0.0154091
18 0.4447215 0.4380234 0.0273668 0.0154091
27 0.6537043 0.4380234 0.0273668 0.0154091
23 0.7233652 0.4380234 0.0273668 0.0154091
20 0.3053996 0.4380234 0.0273668 0.0154091
27 0.5143824 0.2597181 0.0273668 0.0154091
26 0.5143824 0.3785883 0.0273668 0.0154091
21 0.3053996 0.3785883 0.0273668 0.0154091
23 0.5143824 0.4380234 0.0273668 0.0154091
6 0.5840434 0.4380234 0.0273668 0.0154091
24 0.3750605 0.3785883 0.0273668 0.0154091
19 0.6537043 0.2597181 0.0273668 0.0154091
13 0.7233652 0.3191532 0.0273668 0.0154091
1 0.7233652 0.2002831 0.0273668 0.0154091
13 0.7233652 0.2597181 0.0273668 0.0154091
