22 0.5771497 0.3301864 0.0264758 0.0157090
2 0.5097568 0.5125225 0.0264758 0.0168311
32 0.5777514 0.4154636 0.4873952 0.4308742
19 0.3749709 0.2701558 0.0264758 0.0168311
8 0.4423639 0.2701558 0.0264758 0.0168311
13 0.5097568 0.2701558 0.0264758 0.0168311
21 0.5771497 0.2701558 0.0264758 0.0168311
1 0.7119356 0.2701558 0.0264758 0.0168311
25 0.7793285 0.2701558 0.0264758 0.0168311
18 0.3749709 0.3301864 0.0264758 0.0157090
10 0.4423639 0.3301864 0.0264758 0.0157090
30 0.6445425 0.3301864 0.0264758 0.0157090
28 0.7793285 0.3301864 0.0264758 0.0157090
2 0.3749709 0.3913391 0.0264758 0.0168310
5 0.4423639 0.3913391 0.0264758 0.0168310
3 0.5097568 0.3913391 0.0264758 0.0168310
7 0.5771497 0.3913391 0.0264758 0.0168310
15 0.6445425 0.3913391 0.0264758 0.0168310
31 0.7119356 0.3913391 0.0264758 0.0168310
27 0.7793285 0.3913391 0.0264758 0.0168310
33 0.3749709 0.4513698 0.0625791 0.0605917
21 0.3749709 0.4519308 0.0264758 0.0168311
9 0.4423639 0.4519308 0.0264758 0.0168311
12 0.5097568 0.4519308 0.0264758 0.0168311
11 0.5771497 0.4519308 0.0264758 0.0168311
14 0.3749709 0.5125225 0.0264758 0.0168311
22 0.4423639 0.5125225 0.0264758 0.0168311
16 0.5771497 0.5125225 0.0264758 0.0168311
20 0.6445425 0.5125225 0.0264758 0.0168311
23 0.4423639 0.5725532 0.0264758 0.0157090
29 0.5771497 0.5725532 0.0264758 0.0157090
24 0.6445425 0.5725532 0.0264758 0.0157090
17 0.7793285 0.5725532 0.0264758 0.0157090
13 0.7119356 0.3301864 0.0264758 0.0157090
13 0.7119356 0.4519308 0.0264758 0.0168311
12 0.6445425 0.4519308 0.0264758 0.0168311
22 0.7119356 0.5725532 0.0264758 0.0157090
26 0.3749709 0.5725532 0.0264758 0.0157090
19 0.6445425 0.2701558 0.0264758 0.0168311
2 0.7793285 0.4519308 0.0264758 0.0168311
23 0.5097568 0.3301864 0.0264758 0.0157090
13 0.7793285 0.5125225 0.0264758 0.0168311
22 0.5097568 0.5725532 0.0264758 0.0157090
14 0.7119356 0.5125225 0.0264758 0.0168311
