26 0.4086224 0.5167301 0.0288354 0.0150784
4 0.3352231 0.4585706 0.0288354 0.0150784
32 0.4040350 0.5447329 0.5308344 0.4135793
18 0.1884245 0.4004110 0.0288354 0.0150784
23 0.2618238 0.4004110 0.0288354 0.0150784
13 0.4086224 0.4004110 0.0288354 0.0150784
1 0.6288203 0.4004110 0.0288354 0.0150784
31 0.1884245 0.4585706 0.0288354 0.0150784
17 0.2618238 0.4585706 0.0288354 0.0150784
6 0.5554211 0.4585706 0.0288354 0.0150784
8 0.6288203 0.4585706 0.0288354 0.0150784
4 0.1884245 0.5167301 0.0288354 0.0150784
33 0.2618238 0.5167301 0.0681565 0.0581596
7 0.2618238 0.5167301 0.0288354 0.0150784
15 0.3352231 0.5167301 0.0288354 0.0150784
22 0.5554211 0.5167301 0.0288354 0.0150784
9 0.1884245 0.5748897 0.0288354 0.0150784
20 0.2618238 0.5748897 0.0288354 0.0150784
5 0.3352231 0.5748897 0.0288354 0.0150784
11 0.5554211 0.5748897 0.0288354 0.0150784
3 0.6288203 0.5748897 0.0288354 0.0150784
19 0.3352231 0.6330493 0.0288354 0.0150784
28 0.4086224 0.6330493 0.0288354 0.0150784
10 0.4820218 0.6330493 0.0288354 0.0150784
26 0.5554211 0.6330493 0.0288354 0.0150784
29 0.6288203 0.6330493 0.0288354 0.0150784
17 0.4086224 0.5748897 0.0288354 0.0150784
16 0.6288203 0.5167301 0.0288354 0.0150784
1 0.5554211 0.4004110 0.0288354 0.0150784
28 0.3352231 0.4004110 0.0288354 0.0150784
19 0.4820218 0.5748897 0.0288354 0.0150784
4 0.1884245 0.6330493 0.0288354 0.0150784
5 0.4820218 0.4585706 0.0288354 0.0150784
5 0.4086224 0.4585706 0.0288354 0.0150784
17 0.4820218 0.5167301 0.0288354 0.0150784
23 0.2618238 0.6330493 0.0288354 0.0150784
7 0.4820218 0.4004110 0.0288354 0.0150784
