2 0.5527003 0.5648356 0.0267558 0.0153480
16 0.6889118 0.7424343 0.0267558 0.0153480
32 0.4803381 0.5933391 0.4925502 0.4209747
1 0.2802775 0.4464364 0.0267558 0.0153480
23 0.3483833 0.4464364 0.0267558 0.0153480
12 0.4845947 0.4464364 0.0267558 0.0153480
31 0.6208061 0.4464364 0.0267558 0.0153480
5 0.6889118 0.4464364 0.0267558 0.0153480
26 0.2802775 0.5056360 0.0267558 0.0153480
4 0.3483833 0.5056360 0.0267558 0.0153480
20 0.4164890 0.5056360 0.0267558 0.0153480
24 0.4845947 0.5056360 0.0267558 0.0153480
29 0.5527003 0.5056360 0.0267558 0.0153480
33 0.6208061 0.5056360 0.0632410 0.0591996
15 0.6208061 0.5056360 0.0267558 0.0153480
28 0.6889118 0.5056360 0.0267558 0.0153480
17 0.2802775 0.5648356 0.0267558 0.0153480
27 0.3483833 0.5648356 0.0267558 0.0153480
13 0.4845947 0.5648356 0.0267558 0.0153480
10 0.6889118 0.5648356 0.0267558 0.0153480
15 0.4164890 0.6240352 0.0267558 0.0153480
14 0.5527003 0.6240352 0.0267558 0.0153480
8 0.6208061 0.6240352 0.0267558 0.0153480
3 0.6889118 0.6240352 0.0267558 0.0153480
25 0.3483833 0.6832347 0.0267558 0.0153480
22 0.4164890 0.6832347 0.0267558 0.0153480
16 0.4845947 0.6832347 0.0267558 0.0153480
19 0.5527003 0.6832347 0.0267558 0.0153480
6 0.6889118 0.6832347 0.0267558 0.0153480
21 0.2802775 0.7424343 0.0267558 0.0153480
18 0.4164890 0.7424343 0.0267558 0.0153480
7 0.4845947 0.7424343 0.0267558 0.0153480
11 0.6208061 0.7424343 0.0267558 0.0153480
31 0.2802775 0.6240352 0.0267558 0.0153480
19 0.6208061 0.5648356 0.0267558 0.0153480
21 0.4164890 0.5648356 0.0267558 0.0153480
16 0.5527003 0.7424343 0.0267558 0.0153480
2 0.3483833 0.7424343 0.0267558 0.0153480
7 0.6208061 0.6832347 0.0267558 0.0153480
20 0.3483833 0.6240352 0.0267558 0.0153480
2 0.4845947 0.6240352 0.0267558 0.0153480
17 0.2802775 0.6832347 0.0267558 0.0153480
27 0.4164890 0.4464364 0.0267558 0.0153480
21 0.5527003 0.4464364 0.0267558 0.0153480
