14 0.5171443 0.5325164 0.0269525 0.0148149
5 0.5171443 0.4753730 0.0269525 0.0148150
32 0.3070371 0.4457431 0.4961715 0.4063529
1 0.1055057 0.3039429 0.0269525 0.0148150
11 0.1741121 0.3039429 0.0269525 0.0148150
18 0.3113250 0.3039429 0.0269525 0.0148150
4 0.4485379 0.3039429 0.0269525 0.0148150
22 0.5171443 0.3039429 0.0269525 0.0148150
24 0.1741121 0.3610863 0.0269525 0.0148149
27 0.2427186 0.3610863 0.0269525 0.0148149
2 0.3113250 0.3610863 0.0269525 0.0148149
14 0.3799314 0.3610863 0.0269526 0.0148149
6 0.4485379 0.3610863 0.0269525 0.0148149
28 0.5171443 0.3610863 0.0269525 0.0148149
26 0.1055057 0.4182296 0.0269525 0.0148149
19 0.1741121 0.4182296 0.0269525 0.0148149
9 0.3113250 0.4182296 0.0269525 0.0148149
25 0.4485379 0.4182296 0.0269525 0.0148149
23 0.5171443 0.4182296 0.0269525 0.0148149
7 0.1741121 0.4753730 0.0269525 0.0148150
17 0.2427186 0.4753730 0.0269525 0.0148150
29 0.3113250 0.4753730 0.0269525 0.0148150
31 0.4485379 0.4753730 0.0269525 0.0148150
13 0.1055057 0.5325164 0.0269525 0.0148149
30 0.2427186 0.5325164 0.0269525 0.0148149
8 0.3799314 0.5325164 0.0269526 0.0148149
33 0.1055057 0.5896597 0.0637060 0.0571434
23 0.1055057 0.5896597 0.0269525 0.0148149
16 0.2427186 0.5896597 0.0269525 0.0148149
12 0.3113250 0.5896597 0.0269525 0.0148149
15 0.3799314 0.5896597 0.0269526 0.0148149
3 0.4485379 0.5896597 0.0269525 0.0148149
21 0.5171443 0.5896597 0.0269525 0.0148149
29 0.2427186 0.4182296 0.0269525 0.0148149
2 0.1741121 0.5896597 0.0269525 0.0148149
3 0.4485379 0.5325164 0.0269525 0.0148149
1 0.1055057 0.4753730 0.0269525 0.0148150
20 0.3799314 0.3039429 0.0269526 0.0148150
24 0.3799314 0.4753730 0.0269526 0.0148150
23 0.1741121 0.5325164 0.0269525 0.0148149
29 0.1055057 0.3610863 0.0269525 0.0148149
7 0.3113250 0.5325164 0.0269525 0.0148149
19 0.2427186 0.3039429 0.0269525 0.0148150
4 0.3799314 0.4182296 0.0269526 0.0148149
