1 0.4512585 0.3085817 0.0263409 0.0155028
23 0.2501097 0.4281746 0.0263409 0.0155028
32 0.3800183 0.3971691 0.4849123 0.4252195
1 0.1830601 0.2487852 0.0263409 0.0155028
24 0.3171593 0.2487852 0.0263409 0.0155028
18 0.4512585 0.2487852 0.0263409 0.0155028
12 0.2501097 0.3085817 0.0263409 0.0155028
33 0.5183081 0.3085817 0.0622603 0.0597965
14 0.5183081 0.3085817 0.0263409 0.0155028
4 0.5853577 0.3085817 0.0263409 0.0155028
28 0.1830601 0.3683782 0.0263409 0.0155028
17 0.2501097 0.3683782 0.0263409 0.0155028
31 0.3171593 0.3683782 0.0263409 0.0155028
14 0.3842089 0.3683782 0.0263409 0.0155028
19 0.4512585 0.3683782 0.0263409 0.0155028
6 0.1830601 0.4281746 0.0263409 0.0155028
11 0.3171593 0.4281746 0.0263409 0.0155028
15 0.3842089 0.4281746 0.0263409 0.0155028
22 0.4512585 0.4281746 0.0263409 0.0155028
5 0.5183081 0.4281746 0.0263409 0.0155028
7 0.5853577 0.4281746 0.0263409 0.0155028
2 0.1830601 0.4879711 0.0263409 0.0155028
26 0.2501097 0.4879711 0.0263409 0.0155028
21 0.3171593 0.4879711 0.0263409 0.0155028
3 0.3842089 0.4879711 0.0263409 0.0155028
20 0.5853577 0.4879711 0.0263409 0.0155028
12 0.5853577 0.3683782 0.0263409 0.0155028
15 0.5183081 0.2487852 0.0263409 0.0155028
15 0.5183081 0.4879711 0.0263409 0.0155028
13 0.1830601 0.3085817 0.0263409 0.0155028
25 0.5853577 0.2487852 0.0263409 0.0155028
6 0.3842089 0.3085817 0.0263409 0.0155028
29 0.3171593 0.3085817 0.0263409 0.0155028
7 0.3842089 0.2487852 0.0263409 0.0155028
12 0.2501097 0.2487852 0.0263409 0.0155028
7 0.4512585 0.4879711 0.0263409 0.0155028
2 0.5183081 0.3683782 0.0263409 0.0155028
