25 0.3819756 0.2780218 0.0272910 0.0148077
7 0.5903790 0.3927818 0.0272909 0.0158654
32 0.4520637 0.3584067 0.5024011 0.4061552
18 0.2430400 0.2214351 0.0272909 0.0158654
4 0.3125078 0.2214351 0.0272909 0.0158654
31 0.3819756 0.2214351 0.0272910 0.0158654
13 0.4514434 0.2214351 0.0272909 0.0158654
23 0.5209113 0.2214351 0.0272909 0.0158654
11 0.6598468 0.2214351 0.0272909 0.0158654
22 0.2430400 0.2780218 0.0272909 0.0148077
1 0.3125078 0.2780218 0.0272909 0.0148077
16 0.6598468 0.2780218 0.0272909 0.0148077
33 0.4514434 0.3351374 0.0645058 0.0571155
21 0.4514434 0.3356662 0.0272909 0.0158655
17 0.5209113 0.3356662 0.0272909 0.0158655
25 0.5903790 0.3356662 0.0272909 0.0158655
15 0.6598468 0.3356662 0.0272909 0.0158655
19 0.2430400 0.3927818 0.0272909 0.0158654
20 0.3125078 0.3927818 0.0272909 0.0158654
5 0.4514434 0.3927818 0.0272909 0.0158654
30 0.5209113 0.3927818 0.0272909 0.0158654
14 0.2430400 0.4498974 0.0272909 0.0158655
28 0.3819756 0.4498974 0.0272910 0.0158655
12 0.4514434 0.4498974 0.0272909 0.0158655
21 0.5903790 0.4498974 0.0272909 0.0158655
6 0.6598468 0.4498974 0.0272909 0.0158655
9 0.2430400 0.5064841 0.0272909 0.0148077
26 0.3125078 0.5064841 0.0272909 0.0148077
27 0.3819756 0.5064841 0.0272910 0.0148077
10 0.4514434 0.5064841 0.0272909 0.0148077
8 0.5209113 0.5064841 0.0272909 0.0148077
2 0.5903790 0.5064841 0.0272909 0.0148077
7 0.6598468 0.5064841 0.0272909 0.0148077
9 0.5903790 0.2780218 0.0272909 0.0148077
30 0.5903790 0.2214351 0.0272909 0.0158654
6 0.6598468 0.3927818 0.0272909 0.0158654
28 0.3125078 0.3356662 0.0272909 0.0158655
12 0.3125078 0.4498974 0.0272909 0.0158655
9 0.3819756 0.3927818 0.0272910 0.0158654
23 0.3819756 0.3356662 0.0272910 0.0158655
13 0.4514434 0.2780218 0.0272909 0.0148077
6 0.2430400 0.3356662 0.0272909 0.0158655
19 0.5209113 0.4498974 0.0272909 0.0158655
2 0.5209113 0.2780218 0.0272909 0.0148077
