16 0.4075523 0.3176398 0.0271774 0.0171083
12 0.4767310 0.5639994 0.0271774 0.0171083
32 0.2698125 0.4653415 0.5003104 0.4379727
30 0.1308374 0.3176398 0.0271774 0.0171083
24 0.2691949 0.3176398 0.0271774 0.0171083
21 0.3383736 0.3176398 0.0271774 0.0171083
33 0.4767310 0.3170695 0.0642374 0.0615899
2 0.4767310 0.3176398 0.0271774 0.0171083
31 0.0616587 0.3786595 0.0271774 0.0159678
17 0.2691949 0.3786595 0.0271774 0.0159678
12 0.3383736 0.3786595 0.0271774 0.0159678
5 0.4075523 0.3786595 0.0271774 0.0159678
20 0.4767310 0.3786595 0.0271774 0.0159678
16 0.0616587 0.4408196 0.0271774 0.0171083
22 0.1308374 0.4408196 0.0271774 0.0171083
1 0.2000161 0.4408196 0.0271774 0.0171083
4 0.2691949 0.4408196 0.0271774 0.0171083
25 0.4075523 0.4408196 0.0271774 0.0171083
8 0.4767310 0.4408196 0.0271774 0.0171083
13 0.0616587 0.5024095 0.0271774 0.0171083
6 0.1308374 0.5024095 0.0271774 0.0171083
9 0.2000161 0.5024095 0.0271774 0.0171083
7 0.3383736 0.5024095 0.0271774 0.0171083
15 0.4075523 0.5024095 0.0271774 0.0171083
11 0.0616587 0.5639994 0.0271774 0.0171083
18 0.2000161 0.5639994 0.0271774 0.0171083
19 0.2691949 0.5639994 0.0271774 0.0171083
14 0.3383736 0.5639994 0.0271774 0.0171083
3 0.4075523 0.5639994 0.0271774 0.0171083
23 0.1308374 0.6250191 0.0271774 0.0159678
26 0.2000161 0.6250191 0.0271774 0.0159678
27 0.2691949 0.6250191 0.0271774 0.0159678
29 0.4075523 0.6250191 0.0271774 0.0159678
3 0.2691949 0.5024095 0.0271774 0.0171083
21 0.0616587 0.6250191 0.0271774 0.0159678
11 0.1308374 0.3786595 0.0271774 0.0159678
25 0.4767310 0.6250191 0.0271774 0.0159678
9 0.2000161 0.3176398 0.0271774 0.0171083
3 0.3383736 0.4408196 0.0271774 0.0171083
13 0.3383736 0.6250191 0.0271774 0.0159678
6 0.1308374 0.5639994 0.0271774 0.0171083
29 0.0616587 0.3176398 0.0271774 0.0171083
17 0.2000161 0.3786595 0.0271774 0.0159678
13 0.4767310 0.5024095 0.0271774 0.0171083
