1 0.7205690 0.4827245 0.0271899 0.0161577
25 0.4437268 0.6073694 0.0271899 0.0161577
32 0.5086118 0.5750540 0.5005405 0.4431816
19 0.3053058 0.4204021 0.0271898 0.0161577
30 0.3745163 0.4204021 0.0271898 0.0161577
11 0.5129374 0.4204021 0.0271899 0.0161577
25 0.5821479 0.4204021 0.0271898 0.0161577
9 0.6513585 0.4204021 0.0271899 0.0161577
7 0.7205690 0.4204021 0.0271899 0.0161577
15 0.3053058 0.4827245 0.0271898 0.0161577
20 0.3745163 0.4827245 0.0271898 0.0161577
23 0.5129374 0.4827245 0.0271899 0.0161577
24 0.3053058 0.5450469 0.0271898 0.0161576
26 0.4437268 0.5450469 0.0271899 0.0161576
17 0.5129374 0.5450469 0.0271899 0.0161576
10 0.5821479 0.5450469 0.0271898 0.0161576
3 0.3053058 0.6073694 0.0271898 0.0161577
8 0.3745163 0.6073694 0.0271898 0.0161577
33 0.5129374 0.6073694 0.0642669 0.0623224
4 0.5129374 0.6073694 0.0271899 0.0161577
13 0.5821479 0.6073694 0.0271898 0.0161577
18 0.6513585 0.6073694 0.0271899 0.0161577
6 0.3053058 0.6696917 0.0271898 0.0161577
29 0.3745163 0.6696917 0.0271898 0.0161577
1 0.5129374 0.6696917 0.0271899 0.0161577
31 0.5821479 0.6696917 0.0271898 0.0161577
26 0.4437268 0.4827245 0.0271899 0.0161577
3 0.7205690 0.6073694 0.0271899 0.0161577
9 0.7205690 0.5450469 0.0271899 0.0161576
7 0.7205690 0.6696917 0.0271899 0.0161577
28 0.6513585 0.5450469 0.0271899 0.0161576
3 0.6513585 0.6696917 0.0271899 0.0161577
2 0.5821479 0.4827245 0.0271898 0.0161577
8 0.4437268 0.4204021 0.0271899 0.0161577
28 0.6513585 0.4827245 0.0271899 0.0161577
17 0.4437268 0.6696917 0.0271899 0.0161577
12 0.3745163 0.5450469 0.0271898 0.0161576
