7 0.7524146 0.3739131 0.0275902 0.0159078
20 0.4714963 0.5579892 0.0275902 0.0159078
32 0.6075661 0.4648149 0.5079104 0.4363286
16 0.4714963 0.3125544 0.0275902 0.0159078
19 0.5417258 0.3125544 0.0275902 0.0159078
15 0.6119555 0.3125544 0.0275902 0.0159078
14 0.6821851 0.3125544 0.0275902 0.0159078
26 0.7524146 0.3125544 0.0275902 0.0159078
1 0.8226443 0.3125544 0.0275902 0.0159078
8 0.4012667 0.3739131 0.0275902 0.0159078
33 0.4714963 0.3739131 0.0652132 0.0613587
18 0.4714963 0.3739131 0.0275902 0.0159078
18 0.6821851 0.3739131 0.0275902 0.0159078
21 0.4714963 0.4352718 0.0275902 0.0159078
27 0.6821851 0.4352718 0.0275902 0.0159078
20 0.7524146 0.4352718 0.0275902 0.0159078
5 0.8226443 0.4352718 0.0275902 0.0159078
24 0.4012667 0.4966305 0.0275902 0.0159078
9 0.4714963 0.4966305 0.0275902 0.0159078
10 0.6821851 0.4966305 0.0275902 0.0159078
4 0.7524146 0.4966305 0.0275902 0.0159078
25 0.8226443 0.4966305 0.0275902 0.0159078
7 0.4012667 0.5579892 0.0275902 0.0159078
22 0.6119555 0.5579892 0.0275902 0.0159078
2 0.7524146 0.5579892 0.0275902 0.0159078
3 0.8226443 0.5579892 0.0275902 0.0159078
9 0.5417258 0.4966305 0.0275902 0.0159078
5 0.4012667 0.4352718 0.0275902 0.0159078
7 0.5417258 0.3739131 0.0275902 0.0159078
22 0.8226443 0.3739131 0.0275902 0.0159078
15 0.6119555 0.4352718 0.0275902 0.0159078
27 0.5417258 0.5579892 0.0275902 0.0159078
22 0.4012667 0.3125544 0.0275902 0.0159078
29 0.5417258 0.4352718 0.0275902 0.0159078
8 0.6821851 0.5579892 0.0275902 0.0159078
22 0.6119555 0.3739131 0.0275902 0.0159078
16 0.6119555 0.4966305 0.0275902 0.0159078
