9 0.4056604 0.6754603 0.0262260 0.0172430
3 0.6726884 0.7375348 0.0262260 0.0172430
32 0.4730134 0.6381006 0.4827963 0.4414190
10 0.3389033 0.4892366 0.0262260 0.0172429
26 0.4724173 0.4892366 0.0262260 0.0172429
4 0.5391744 0.4892366 0.0262260 0.0172429
7 0.6059314 0.4892366 0.0262260 0.0172429
8 0.6726884 0.4892366 0.0262260 0.0172429
27 0.2721463 0.5507364 0.0262260 0.0160934
19 0.3389033 0.5507364 0.0262260 0.0160934
33 0.5391744 0.5507364 0.0619887 0.0620746
29 0.5391744 0.5507364 0.0262260 0.0160934
18 0.6059314 0.5507364 0.0262260 0.0160934
11 0.6726884 0.5507364 0.0262260 0.0160934
17 0.2721463 0.6133858 0.0262260 0.0172430
12 0.4724173 0.6133858 0.0262260 0.0172430
24 0.5391744 0.6133858 0.0262260 0.0172430
31 0.6059314 0.6133858 0.0262260 0.0172430
15 0.3389033 0.6754603 0.0262260 0.0172430
20 0.5391744 0.6754603 0.0262260 0.0172430
5 0.6059314 0.6754603 0.0262260 0.0172430
16 0.6726884 0.6754603 0.0262260 0.0172430
29 0.2721463 0.7375348 0.0262260 0.0172430
13 0.4056604 0.7375348 0.0262260 0.0172430
2 0.5391744 0.7375348 0.0262260 0.0172430
30 0.6059314 0.7375348 0.0262260 0.0172430
30 0.3389033 0.7375348 0.0262260 0.0172430
29 0.4056604 0.6133858 0.0262260 0.0172430
13 0.3389033 0.6133858 0.0262260 0.0172430
1 0.2721463 0.6754603 0.0262260 0.0172430
10 0.4724173 0.6754603 0.0262260 0.0172430
14 0.6726884 0.6133858 0.0262260 0.0172430
12 0.4056604 0.5507364 0.0262260 0.0160934
12 0.4724173 0.5507364 0.0262260 0.0160934
4 0.2721463 0.4892366 0.0262260 0.0172429
20 0.4724173 0.7375348 0.0262260 0.0172430
30 0.4056604 0.4892366 0.0262260 0.0172429
