8 0.5835354 0.4128132 0.0262365 0.0162740
14 0.6503192 0.6471592 0.0262365 0.0162740
32 0.5173479 0.5533123 0.4829900 0.4166152
4 0.3164002 0.4128132 0.0262365 0.0162740
10 0.3831840 0.4128132 0.0262365 0.0162740
26 0.4499678 0.4128132 0.0262365 0.0162740
16 0.5167516 0.4128132 0.0262365 0.0162740
33 0.7171030 0.4122707 0.0620135 0.0585865
17 0.7171030 0.4128132 0.0262365 0.0162740
30 0.3831840 0.4708572 0.0262365 0.0151891
13 0.4499678 0.4708572 0.0262365 0.0151891
2 0.5167516 0.4708572 0.0262365 0.0151891
7 0.5835354 0.4708572 0.0262365 0.0151891
9 0.3164002 0.5299862 0.0262365 0.0162741
27 0.3831840 0.5299862 0.0262365 0.0162741
19 0.4499678 0.5299862 0.0262365 0.0162741
6 0.5835354 0.5299862 0.0262365 0.0162741
20 0.7171030 0.5299862 0.0262365 0.0162741
17 0.3164002 0.5885727 0.0262365 0.0162740
22 0.3831840 0.5885727 0.0262365 0.0162740
23 0.4499678 0.5885727 0.0262365 0.0162740
8 0.5167516 0.5885727 0.0262365 0.0162740
18 0.5835354 0.5885727 0.0262365 0.0162740
1 0.6503192 0.5885727 0.0262365 0.0162740
3 0.3831840 0.6471592 0.0262365 0.0162740
25 0.4499678 0.6471592 0.0262365 0.0162740
5 0.5167516 0.6471592 0.0262365 0.0162740
15 0.7171030 0.6471592 0.0262365 0.0162740
28 0.3164002 0.7052033 0.0262365 0.0151891
24 0.3831840 0.7052033 0.0262365 0.0151891
11 0.4499678 0.7052033 0.0262365 0.0151891
29 0.5835354 0.7052033 0.0262365 0.0151891
14 0.6503192 0.7052033 0.0262365 0.0151891
30 0.7171030 0.5885727 0.0262365 0.0162740
15 0.5835354 0.6471592 0.0262365 0.0162740
30 0.7171030 0.7052033 0.0262365 0.0151891
28 0.6503192 0.4128132 0.0262365 0.0162740
22 0.3164002 0.6471592 0.0262365 0.0162740
4 0.6503192 0.4708572 0.0262365 0.0151891
16 0.6503192 0.5299862 0.0262365 0.0162741
14 0.5167516 0.5299862 0.0262365 0.0162741
2 0.7171030 0.4708572 0.0262365 0.0151891
9 0.5167516 0.7052033 0.0262365 0.0151891
27 0.3164002 0.4708572 0.0262365 0.0151891
