15 0.5899635 0.2632580 0.0279825 0.0152481
24 0.3762788 0.4396999 0.0279825 0.0152480
32 0.5855117 0.3503898 0.5151329 0.4182326
21 0.3762788 0.2044441 0.0279825 0.0152480
1 0.5899635 0.2044441 0.0279825 0.0152480
5 0.6611917 0.2044441 0.0279825 0.0152480
7 0.3762788 0.2632580 0.0279825 0.0152481
15 0.4475070 0.2632580 0.0279826 0.0152481
10 0.5187352 0.2632580 0.0279825 0.0152481
16 0.6611917 0.2632580 0.0279825 0.0152481
19 0.7324199 0.2632580 0.0279826 0.0152481
24 0.8036482 0.2632580 0.0279826 0.0152481
27 0.3762788 0.3220720 0.0279825 0.0152480
4 0.6611917 0.3220720 0.0279825 0.0152480
20 0.7324199 0.3220720 0.0279826 0.0152480
8 0.8036482 0.3220720 0.0279826 0.0152480
13 0.3762788 0.3808859 0.0279825 0.0152480
18 0.4475070 0.3808859 0.0279826 0.0152480
11 0.5187352 0.3808859 0.0279825 0.0152480
33 0.5899635 0.3808859 0.0661405 0.0588140
6 0.5899635 0.3808859 0.0279825 0.0152480
12 0.6611917 0.3808859 0.0279825 0.0152480
26 0.8036482 0.3808859 0.0279826 0.0152480
2 0.5187352 0.4396999 0.0279825 0.0152480
14 0.5899635 0.4396999 0.0279825 0.0152480
30 0.8036482 0.4396999 0.0279826 0.0152480
26 0.5187352 0.2044441 0.0279825 0.0152480
15 0.6611917 0.4396999 0.0279825 0.0152480
7 0.7324199 0.2044441 0.0279826 0.0152480
8 0.7324199 0.4396999 0.0279826 0.0152480
17 0.4475070 0.3220720 0.0279826 0.0152480
22 0.5899635 0.3220720 0.0279825 0.0152480
22 0.4475070 0.4396999 0.0279826 0.0152480
13 0.8036482 0.2044441 0.0279826 0.0152480
13 0.5187352 0.3220720 0.0279825 0.0152480
1 0.7324199 0.3808859 0.0279826 0.0152480
6 0.4475070 0.2044441 0.0279826 0.0152480
