17 0.3732974 0.3010611 0.0270267 0.0157118
21 0.1669121 0.4222663 0.0270266 0.0157118
32 0.3002026 0.3908428 0.4975361 0.4309517
18 0.1669121 0.2404585 0.0270266 0.0157118
23 0.2357072 0.2404585 0.0270267 0.0157118
5 0.3045023 0.2404585 0.0270267 0.0157118
13 0.3732974 0.2404585 0.0270267 0.0157118
29 0.5108877 0.2404585 0.0270266 0.0157118
4 0.0981170 0.3010611 0.0270267 0.0157118
1 0.1669121 0.3010611 0.0270266 0.0157118
19 0.4420926 0.3010611 0.0270267 0.0157118
16 0.5108877 0.3010611 0.0270266 0.0157118
22 0.0981170 0.3616637 0.0270267 0.0157117
30 0.1669121 0.3616637 0.0270266 0.0157117
17 0.3045023 0.3616637 0.0270267 0.0157117
33 0.3732974 0.3616637 0.0638812 0.0606026
9 0.3732974 0.3616637 0.0270267 0.0157117
12 0.4420926 0.3616637 0.0270267 0.0157117
25 0.5108877 0.3616637 0.0270266 0.0157117
27 0.2357072 0.4222663 0.0270267 0.0157118
6 0.3045023 0.4222663 0.0270267 0.0157118
15 0.3732974 0.4222663 0.0270267 0.0157118
21 0.4420926 0.4222663 0.0270267 0.0157118
24 0.5108877 0.4222663 0.0270266 0.0157118
7 0.0981170 0.4828689 0.0270267 0.0157117
2 0.2357072 0.4828689 0.0270267 0.0157117
20 0.3045023 0.4828689 0.0270267 0.0157117
9 0.4420926 0.4828689 0.0270267 0.0157117
31 0.1669121 0.5434715 0.0270266 0.0157118
3 0.2357072 0.5434715 0.0270267 0.0157118
26 0.3732974 0.5434715 0.0270267 0.0157118
11 0.4420926 0.5434715 0.0270267 0.0157118
10 0.5108877 0.5434715 0.0270266 0.0157118
11 0.4420926 0.2404585 0.0270267 0.0157118
21 0.2357072 0.3010611 0.0270267 0.0157118
26 0.3045023 0.3010611 0.0270267 0.0157118
18 0.5108877 0.4828689 0.0270266 0.0157117
21 0.0981170 0.5434715 0.0270267 0.0157118
16 0.0981170 0.2404585 0.0270267 0.0157118
25 0.1669121 0.4828689 0.0270266 0.0157117
17 0.0981170 0.4222663 0.0270267 0.0157118
7 0.3045023 0.5434715 0.0270267 0.0157118
22 0.2357072 0.3616637 0.0270267 0.0157117
9 0.3732974 0.4828689 0.0270267 0.0157117
