18 0.4459877 0.8037063 0.0277985 0.0162832
31 0.3044679 0.8037063 0.0277985 0.0162832
32 0.5173794 0.6408737 0.5117457 0.4466267
11 0.3752278 0.4902535 0.0277985 0.0174464
25 0.4459877 0.4902535 0.0277985 0.0174464
3 0.7290273 0.4902535 0.0277985 0.0174464
31 0.3752278 0.5524788 0.0277985 0.0162833
6 0.4459877 0.5524788 0.0277985 0.0162833
10 0.5167476 0.5524788 0.0277985 0.0162833
20 0.5875075 0.5524788 0.0277985 0.0162833
19 0.7290273 0.5524788 0.0277985 0.0162833
27 0.3752278 0.6158672 0.0277985 0.0174464
15 0.5167476 0.6158672 0.0277985 0.0174464
24 0.5875075 0.6158672 0.0277985 0.0174464
12 0.6582674 0.6158672 0.0277985 0.0174464
30 0.7290273 0.6158672 0.0277985 0.0174464
18 0.3752278 0.6786740 0.0277985 0.0174463
16 0.4459877 0.6786740 0.0277985 0.0174463
14 0.5167476 0.6786740 0.0277985 0.0174463
7 0.5875075 0.6786740 0.0277985 0.0174463
9 0.6582674 0.6786740 0.0277985 0.0174463
23 0.7290273 0.6786740 0.0277985 0.0174463
29 0.3044679 0.7414809 0.0277985 0.0174464
33 0.3752278 0.7408994 0.0657056 0.0628068
5 0.3752278 0.7414809 0.0277985 0.0174464
17 0.4459877 0.7414809 0.0277985 0.0174464
21 0.5167476 0.7414809 0.0277985 0.0174464
22 0.5875075 0.7414809 0.0277985 0.0174464
5 0.6582674 0.7414809 0.0277985 0.0174464
8 0.7290273 0.7414809 0.0277985 0.0174464
4 0.3752278 0.8037063 0.0277985 0.0162832
26 0.5167476 0.8037063 0.0277985 0.0162832
2 0.7290273 0.8037063 0.0277985 0.0162832
16 0.3044679 0.6158672 0.0277985 0.0174464
8 0.6582674 0.4902535 0.0277985 0.0174464
12 0.5167476 0.4902535 0.0277985 0.0174464
5 0.3044679 0.6786740 0.0277985 0.0174463
8 0.4459877 0.6158672 0.0277985 0.0174464
6 0.3044679 0.4902535 0.0277985 0.0174464
15 0.3044679 0.5524788 0.0277985 0.0162833
10 0.6582674 0.8037063 0.0277985 0.0162832
31 0.5875075 0.4902535 0.0277985 0.0174464
28 0.6582674 0.5524788 0.0277985 0.0162833
16 0.5875075 0.8037063 0.0277985 0.0162832
