29 0.4138231 0.1883957 0.0288073 0.0160257
14 0.1205122 0.3120229 0.0288073 0.0160257
32 0.3359124 0.3417850 0.5303166 0.4395633
6 0.1205122 0.1883957 0.0288073 0.0160257
4 0.2671676 0.1883957 0.0288073 0.0160257
13 0.3404953 0.1883957 0.0288073 0.0160257
9 0.4871508 0.1883957 0.0288073 0.0160257
3 0.1938399 0.2502093 0.0288073 0.0160257
20 0.3404953 0.2502093 0.0288073 0.0160257
12 0.4871508 0.2502093 0.0288073 0.0160257
23 0.5604785 0.2502093 0.0288073 0.0160257
2 0.2671676 0.3120229 0.0288073 0.0160257
27 0.3404953 0.3120229 0.0288073 0.0160257
11 0.4138231 0.3120229 0.0288073 0.0160257
7 0.4871508 0.3120229 0.0288073 0.0160257
17 0.5604785 0.3120229 0.0288073 0.0160257
33 0.1938399 0.3738365 0.0680900 0.0618136
13 0.1938399 0.3738365 0.0288073 0.0160257
26 0.2671676 0.3738365 0.0288073 0.0160257
1 0.3404953 0.3738365 0.0288073 0.0160257
31 0.4138231 0.3738365 0.0288073 0.0160257
15 0.4871508 0.3738365 0.0288073 0.0160257
30 0.5604785 0.3738365 0.0288073 0.0160257
8 0.2671676 0.4356501 0.0288073 0.0160257
19 0.3404953 0.4356501 0.0288073 0.0160257
10 0.4871508 0.4356501 0.0288073 0.0160257
5 0.5604785 0.4356501 0.0288073 0.0160257
21 0.1205122 0.4974636 0.0288073 0.0160257
16 0.1938399 0.4974636 0.0288073 0.0160257
14 0.3404953 0.4974636 0.0288073 0.0160257
25 0.4138231 0.4974636 0.0288073 0.0160257
22 0.4871508 0.4974636 0.0288073 0.0160257
29 0.5604785 0.4974636 0.0288073 0.0160257
2 0.2671676 0.4974636 0.0288073 0.0160257
2 0.2671676 0.2502093 0.0288073 0.0160257
24 0.1938399 0.3120229 0.0288073 0.0160257
15 0.4138231 0.4356501 0.0288073 0.0160257
18 0.1205122 0.2502093 0.0288073 0.0160257
6 0.4138231 0.2502093 0.0288073 0.0160257
15 0.1938399 0.1883957 0.0288073 0.0160257
21 0.1938399 0.4356501 0.0288073 0.0160257
14 0.1205122 0.3738365 0.0288073 0.0160257
20 0.1205122 0.4356501 0.0288073 0.0160257
17 0.5604785 0.1883957 0.0288073 0.0160257
