2 0.5974729 0.2681257 0.0266382 0.0149202
23 0.2584421 0.3832245 0.0266381 0.0149202
32 0.4576227 0.4109335 0.4903839 0.4092403
23 0.3262482 0.2681257 0.0266382 0.0149202
18 0.3940544 0.2681257 0.0266382 0.0149202
7 0.4618606 0.2681257 0.0266382 0.0149202
8 0.5296667 0.2681257 0.0266381 0.0149202
22 0.2584421 0.3256750 0.0266381 0.0149202
31 0.3262482 0.3256750 0.0266382 0.0149202
17 0.3940544 0.3256750 0.0266382 0.0149202
1 0.4618606 0.3256750 0.0266382 0.0149202
6 0.5296667 0.3256750 0.0266381 0.0149202
4 0.3262482 0.3832245 0.0266382 0.0149202
30 0.4618606 0.3832245 0.0266382 0.0149202
14 0.5296667 0.3832245 0.0266381 0.0149202
15 0.6652791 0.3832245 0.0266382 0.0149202
21 0.2584421 0.4407739 0.0266381 0.0149202
2 0.3940544 0.4407739 0.0266382 0.0149202
27 0.4618606 0.4407739 0.0266382 0.0149202
28 0.5296667 0.4407739 0.0266381 0.0149202
33 0.2584421 0.4983233 0.0629629 0.0575494
5 0.2584421 0.4983233 0.0266381 0.0149202
13 0.3262482 0.4983233 0.0266382 0.0149202
20 0.4618606 0.4983233 0.0266382 0.0149202
5 0.5974729 0.4983233 0.0266382 0.0149202
29 0.6652791 0.4983233 0.0266382 0.0149202
28 0.5974729 0.3832245 0.0266382 0.0149202
12 0.3940544 0.4983233 0.0266382 0.0149202
9 0.3262482 0.4407739 0.0266382 0.0149202
3 0.3940544 0.3832245 0.0266382 0.0149202
26 0.5296667 0.4983233 0.0266381 0.0149202
20 0.5974729 0.4407739 0.0266382 0.0149202
9 0.2584421 0.2681257 0.0266381 0.0149202
30 0.6652791 0.2681257 0.0266382 0.0149202
28 0.6652791 0.3256750 0.0266382 0.0149202
15 0.5974729 0.3256750 0.0266382 0.0149202
16 0.6652791 0.4407739 0.0266382 0.0149202
