14 0.6066319 0.2749384 0.0267341 0.0163009
25 0.6066319 0.4509888 0.0267341 0.0163010
32 0.6072395 0.4156700 0.4921506 0.4173046
9 0.4024805 0.2749384 0.0267341 0.0163009
4 0.4705310 0.2749384 0.0267341 0.0163009
12 0.5385814 0.2749384 0.0267341 0.0163009
1 0.6746823 0.2749384 0.0267341 0.0163009
30 0.7427328 0.2749384 0.0267342 0.0163009
5 0.4024805 0.3330785 0.0267341 0.0152142
17 0.4705310 0.3330785 0.0267341 0.0152142
3 0.5385814 0.3330785 0.0267341 0.0152142
25 0.7427328 0.3330785 0.0267342 0.0152142
31 0.4024805 0.3923053 0.0267341 0.0163010
2 0.4705310 0.3923053 0.0267341 0.0163010
13 0.6746823 0.3923053 0.0267341 0.0163010
15 0.7427328 0.3923053 0.0267342 0.0163010
10 0.4024805 0.4509888 0.0267341 0.0163010
26 0.4705310 0.4509888 0.0267341 0.0163010
6 0.5385814 0.4509888 0.0267341 0.0163010
19 0.6746823 0.4509888 0.0267341 0.0163010
21 0.7427328 0.4509888 0.0267342 0.0163010
16 0.4024805 0.5096722 0.0267341 0.0163009
22 0.6066319 0.5096722 0.0267341 0.0163009
24 0.7427328 0.5096722 0.0267342 0.0163009
33 0.8107832 0.5091289 0.0631897 0.0586835
6 0.8107832 0.5096722 0.0267340 0.0163009
14 0.6066319 0.3923053 0.0267341 0.0163010
9 0.6066319 0.3330785 0.0267341 0.0152142
3 0.5385814 0.5096722 0.0267341 0.0163009
18 0.8107832 0.3923053 0.0267340 0.0163010
7 0.4705310 0.5096722 0.0267341 0.0163009
18 0.6746823 0.5096722 0.0267341 0.0163009
3 0.5385814 0.3923053 0.0267341 0.0163010
25 0.8107832 0.4509888 0.0267340 0.0163010
22 0.8107832 0.3330785 0.0267340 0.0152142
15 0.8107832 0.2749384 0.0267340 0.0163009
9 0.6746823 0.3330785 0.0267341 0.0152142
