25 0.3453247 0.4885998 0.0288560 0.0156276
16 0.4922278 0.3680434 0.0288560 0.0156277
32 0.3407339 0.4573444 0.5312123 0.4286448
27 0.2718731 0.3077652 0.0288560 0.0156277
31 0.4187762 0.3077652 0.0288560 0.0156277
14 0.5656794 0.3077652 0.0288560 0.0156277
11 0.1249699 0.3680434 0.0288560 0.0156277
13 0.1984215 0.3680434 0.0288560 0.0156277
3 0.2718731 0.3680434 0.0288560 0.0156277
20 0.3453247 0.3680434 0.0288560 0.0156277
10 0.5656794 0.3680434 0.0288560 0.0156277
15 0.1249699 0.4283216 0.0288560 0.0156276
1 0.3453247 0.4283216 0.0288560 0.0156276
5 0.4187762 0.4283216 0.0288560 0.0156276
33 0.5656794 0.4283216 0.0682050 0.0602782
26 0.5656794 0.4283216 0.0288560 0.0156276
19 0.1249699 0.4885998 0.0288560 0.0156276
22 0.2718731 0.4885998 0.0288560 0.0156276
17 0.4187762 0.4885998 0.0288560 0.0156276
24 0.4922278 0.4885998 0.0288560 0.0156276
6 0.5656794 0.4885998 0.0288560 0.0156276
26 0.1249699 0.5488779 0.0288560 0.0156276
30 0.2718731 0.5488779 0.0288560 0.0156276
28 0.4187762 0.5488779 0.0288560 0.0156276
18 0.4922278 0.5488779 0.0288560 0.0156276
9 0.5656794 0.5488779 0.0288560 0.0156276
7 0.2718731 0.4283216 0.0288560 0.0156276
27 0.1984215 0.5488779 0.0288560 0.0156276
28 0.1984215 0.3077652 0.0288560 0.0156277
19 0.1249699 0.3077652 0.0288560 0.0156277
26 0.4922278 0.4283216 0.0288560 0.0156276
20 0.3453247 0.5488779 0.0288560 0.0156276
30 0.1984215 0.4283216 0.0288560 0.0156276
20 0.3453247 0.3077652 0.0288560 0.0156277
21 0.1984215 0.4885998 0.0288560 0.0156276
14 0.4922278 0.3077652 0.0288560 0.0156277
16 0.4187762 0.3680434 0.0288560 0.0156277
