8 0.4092680 0.6145204 0.0273810 0.0148403
30 0.4092680 0.5572792 0.0273810 0.0148403
32 0.4049119 0.4703575 0.5040586 0.4070481
28 0.2001770 0.3283146 0.0273810 0.0148403
16 0.2698740 0.3283146 0.0273810 0.0148403
19 0.3395710 0.3283146 0.0273809 0.0148403
1 0.4092680 0.3283146 0.0273810 0.0148403
29 0.6183590 0.3283146 0.0273810 0.0148403
14 0.2698740 0.3855558 0.0273810 0.0148403
33 0.4092680 0.3855558 0.0647186 0.0572411
29 0.4092680 0.3855558 0.0273810 0.0148403
9 0.5486620 0.3855558 0.0273810 0.0148403
25 0.6183590 0.3855558 0.0273810 0.0148403
4 0.2001770 0.4427969 0.0273810 0.0148403
7 0.4092680 0.4427969 0.0273810 0.0148403
27 0.4789650 0.4427969 0.0273810 0.0148403
21 0.6183590 0.4427969 0.0273810 0.0148403
5 0.2001770 0.5000381 0.0273810 0.0148403
17 0.2698740 0.5000381 0.0273810 0.0148403
8 0.3395710 0.5000381 0.0273809 0.0148403
24 0.4789650 0.5000381 0.0273810 0.0148403
15 0.5486620 0.5000381 0.0273810 0.0148403
13 0.6183590 0.5000381 0.0273810 0.0148403
23 0.2001770 0.5572792 0.0273810 0.0148403
18 0.2698740 0.5572792 0.0273810 0.0148403
3 0.4789650 0.5572792 0.0273810 0.0148403
26 0.6183590 0.5572792 0.0273810 0.0148403
31 0.2001770 0.6145204 0.0273810 0.0148403
2 0.2698740 0.6145204 0.0273810 0.0148403
6 0.3395710 0.6145204 0.0273809 0.0148403
10 0.4789650 0.6145204 0.0273810 0.0148403
12 0.5486620 0.6145204 0.0273810 0.0148403
22 0.6183590 0.6145204 0.0273810 0.0148403
6 0.4092680 0.5000381 0.0273810 0.0148403
7 0.5486620 0.3283146 0.0273810 0.0148403
9 0.5486620 0.5572792 0.0273810 0.0148403
27 0.4789650 0.3855558 0.0273810 0.0148403
8 0.2001770 0.3855558 0.0273810 0.0148403
5 0.4789650 0.3283146 0.0273810 0.0148403
21 0.3395710 0.3855558 0.0273809 0.0148403
4 0.3395710 0.4427969 0.0273809 0.0148403
2 0.3395710 0.5572792 0.0273809 0.0148403
8 0.5486620 0.4427969 0.0273810 0.0148403
4 0.2698740 0.4427969 0.0273810 0.0148403
