5 0.8132287 0.2200116 0.0267094 0.0163529
30 0.7452408 0.3966237 0.0267095 0.0163529
32 0.6098721 0.3611922 0.4916981 0.4186361
14 0.4732893 0.2200116 0.0267095 0.0163529
33 0.5412772 0.2194665 0.0631316 0.0588707
12 0.5412772 0.2200116 0.0267096 0.0163529
7 0.6092651 0.2200116 0.0267096 0.0163529
15 0.6772530 0.2200116 0.0267095 0.0163529
25 0.7452408 0.2200116 0.0267095 0.0163529
16 0.4053014 0.2783372 0.0267095 0.0152628
9 0.4732893 0.2783372 0.0267095 0.0152628
18 0.6092651 0.2783372 0.0267096 0.0152628
10 0.7452408 0.2783372 0.0267095 0.0152628
1 0.8132287 0.2783372 0.0267094 0.0152628
27 0.4732893 0.3377530 0.0267095 0.0163529
6 0.5412772 0.3377530 0.0267096 0.0163529
24 0.6092651 0.3377530 0.0267096 0.0163529
8 0.6772530 0.3377530 0.0267095 0.0163529
2 0.7452408 0.3377530 0.0267095 0.0163529
12 0.8132287 0.3377530 0.0267094 0.0163529
4 0.4732893 0.3966237 0.0267095 0.0163529
26 0.6092651 0.3966237 0.0267096 0.0163529
13 0.8132287 0.3966237 0.0267094 0.0163529
28 0.4053014 0.4554944 0.0267095 0.0163529
20 0.5412772 0.4554944 0.0267096 0.0163529
3 0.6092651 0.4554944 0.0267096 0.0163529
31 0.6772530 0.4554944 0.0267095 0.0163529
11 0.8132287 0.4554944 0.0267094 0.0163529
21 0.4732893 0.5138200 0.0267095 0.0152628
19 0.5412772 0.5138200 0.0267096 0.0152628
22 0.6092651 0.5138200 0.0267096 0.0152628
17 0.7452408 0.5138200 0.0267095 0.0152628
23 0.8132287 0.5138200 0.0267094 0.0152628
1 0.4053014 0.5138200 0.0267095 0.0152628
12 0.5412772 0.3966237 0.0267096 0.0163529
20 0.5412772 0.2783372 0.0267096 0.0152628
4 0.4053014 0.2200116 0.0267095 0.0163529
29 0.4053014 0.3966237 0.0267095 0.0163529
31 0.4053014 0.3377530 0.0267095 0.0163529
16 0.7452408 0.4554944 0.0267095 0.0163529
20 0.4732893 0.4554944 0.0267095 0.0163529
20 0.6772530 0.5138200 0.0267095 0.0152628
26 0.6772530 0.2783372 0.0267095 0.0152628
4 0.6772530 0.3966237 0.0267095 0.0163529
