12 0.5298598 0.4020036 0.0278059 0.0154604
14 0.6714170 0.5809029 0.0278059 0.0154604
32 0.5962147 0.4903490 0.5118809 0.4240575
13 0.3883026 0.3423706 0.0278059 0.0154604
15 0.4590812 0.3423706 0.0278059 0.0154604
4 0.5298598 0.3423706 0.0278059 0.0154604
9 0.6714170 0.3423706 0.0278059 0.0154604
16 0.7421956 0.3423706 0.0278059 0.0154604
8 0.3883026 0.4020036 0.0278059 0.0154604
14 0.4590812 0.4020036 0.0278059 0.0154604
1 0.7421956 0.4020036 0.0278059 0.0154604
18 0.8129742 0.4020036 0.0278059 0.0154604
7 0.3883026 0.4616368 0.0278059 0.0154605
3 0.4590812 0.4616368 0.0278059 0.0154605
11 0.5298598 0.4616368 0.0278059 0.0154605
22 0.6006384 0.4616368 0.0278059 0.0154605
20 0.6714170 0.4616368 0.0278059 0.0154605
23 0.7421956 0.4616368 0.0278059 0.0154605
30 0.8129742 0.4616368 0.0278059 0.0154605
5 0.3883026 0.5212698 0.0278059 0.0154604
21 0.4590812 0.5212698 0.0278059 0.0154604
2 0.5298598 0.5212698 0.0278059 0.0154604
17 0.6006384 0.5212698 0.0278059 0.0154604
12 0.6714170 0.5212698 0.0278059 0.0154604
24 0.7421956 0.5212698 0.0278059 0.0154604
31 0.5298598 0.5809029 0.0278059 0.0154604
10 0.8129742 0.5809029 0.0278059 0.0154604
33 0.3883026 0.6405360 0.0657230 0.0596331
21 0.3883026 0.6405360 0.0278059 0.0154604
19 0.5298598 0.6405360 0.0278059 0.0154604
29 0.6006384 0.6405360 0.0278059 0.0154604
6 0.7421956 0.6405360 0.0278059 0.0154604
27 0.8129742 0.6405360 0.0278059 0.0154604
4 0.3883026 0.5809029 0.0278059 0.0154604
2 0.6006384 0.4020036 0.0278059 0.0154604
24 0.7421956 0.5809029 0.0278059 0.0154604
5 0.4590812 0.6405360 0.0278059 0.0154604
4 0.8129742 0.5212698 0.0278059 0.0154604
13 0.4590812 0.5809029 0.0278059 0.0154604
2 0.6714170 0.4020036 0.0278059 0.0154604
14 0.6006384 0.5809029 0.0278059 0.0154604
20 0.6006384 0.3423706 0.0278059 0.0154604
5 0.6714170 0.6405360 0.0278059 0.0154604
18 0.8129742 0.3423706 0.0278059 0.0154604
