10 0.4401228 0.1879212 0.0283936 0.0152237
23 0.2232988 0.3640816 0.0283936 0.0152237
32 0.4356057 0.3336341 0.5227007 0.4175655
10 0.2232988 0.1879212 0.0283936 0.0152237
24 0.2955735 0.2466413 0.0283936 0.0152238
9 0.3678482 0.2466413 0.0283936 0.0152238
33 0.4401228 0.2466413 0.0671122 0.0587201
17 0.4401228 0.2466413 0.0283936 0.0152238
5 0.5123975 0.2466413 0.0283936 0.0152238
27 0.5846722 0.2466413 0.0283936 0.0152238
7 0.6569469 0.2466413 0.0283936 0.0152238
22 0.2232988 0.3053615 0.0283936 0.0152238
18 0.4401228 0.3053615 0.0283936 0.0152238
13 0.5123975 0.3053615 0.0283936 0.0152238
17 0.5846722 0.3053615 0.0283936 0.0152238
4 0.6569469 0.3053615 0.0283936 0.0152238
26 0.2955735 0.3640816 0.0283936 0.0152237
21 0.4401228 0.3640816 0.0283936 0.0152237
3 0.5123975 0.3640816 0.0283936 0.0152237
8 0.5846722 0.3640816 0.0283936 0.0152237
23 0.6569469 0.3640816 0.0283936 0.0152237
6 0.2232988 0.4228018 0.0283936 0.0152237
29 0.2955735 0.4228018 0.0283936 0.0152237
12 0.3678482 0.4228018 0.0283936 0.0152237
25 0.4401228 0.4228018 0.0283936 0.0152237
14 0.5123975 0.4228018 0.0283936 0.0152237
30 0.2955735 0.1879212 0.0283936 0.0152237
1 0.3678482 0.3640816 0.0283936 0.0152237
10 0.3678482 0.1879212 0.0283936 0.0152237
29 0.6569469 0.1879212 0.0283936 0.0152237
21 0.2232988 0.2466413 0.0283936 0.0152238
3 0.2955735 0.3053615 0.0283936 0.0152238
9 0.5846722 0.4228018 0.0283936 0.0152237
24 0.3678482 0.3053615 0.0283936 0.0152238
2 0.5123975 0.1879212 0.0283936 0.0152237
10 0.5846722 0.1879212 0.0283936 0.0152237
2 0.6569469 0.4228018 0.0283936 0.0152237
