13 0.5152531 0.3778959 0.0277098 0.0167659
13 0.7973893 0.3169800 0.0277098 0.0156481
32 0.5864169 0.4019270 0.5101123 0.4292056
16 0.3741850 0.2571819 0.0277098 0.0167658
9 0.5152531 0.2571819 0.0277098 0.0167658
25 0.5857871 0.2571819 0.0277098 0.0167658
4 0.6563212 0.2571819 0.0277098 0.0167658
7 0.7268552 0.2571819 0.0277098 0.0167658
3 0.3741850 0.3169800 0.0277098 0.0156481
31 0.5152531 0.3169800 0.0277098 0.0156481
15 0.6563212 0.3169800 0.0277098 0.0156481
1 0.3741850 0.3778959 0.0277098 0.0167659
19 0.4447191 0.3778959 0.0277098 0.0167659
29 0.5857871 0.3778959 0.0277098 0.0167659
8 0.6563212 0.3778959 0.0277098 0.0167659
23 0.7268552 0.3778959 0.0277098 0.0167659
20 0.7973893 0.3778959 0.0277098 0.0167659
30 0.3741850 0.4382530 0.0277098 0.0167658
5 0.4447191 0.4382530 0.0277098 0.0167658
13 0.7973893 0.4382530 0.0277098 0.0167658
17 0.4447191 0.4986100 0.0277098 0.0167658
21 0.5857871 0.4986100 0.0277098 0.0167658
28 0.6563212 0.4986100 0.0277098 0.0167658
14 0.7268552 0.4986100 0.0277098 0.0167658
33 0.7973892 0.4980511 0.0654959 0.0603570
9 0.7973893 0.4986100 0.0277098 0.0167658
12 0.4447191 0.3169800 0.0277098 0.0156481
15 0.5857871 0.4382530 0.0277098 0.0167658
16 0.7268552 0.3169800 0.0277098 0.0156481
11 0.5857871 0.3169800 0.0277098 0.0156481
29 0.3741850 0.4986100 0.0277098 0.0167658
24 0.4447191 0.2571819 0.0277098 0.0167658
12 0.5152531 0.4986100 0.0277098 0.0167658
16 0.7268552 0.4382530 0.0277098 0.0167658
16 0.6563212 0.4382530 0.0277098 0.0167658
7 0.7973893 0.2571819 0.0277098 0.0167658
20 0.5152531 0.4382530 0.0277098 0.0167658
