2 0.3278205 0.4593085 0.0285412 0.0153479
29 0.4004708 0.4001093 0.0285412 0.0153480
32 0.3959302 0.4878119 0.5254170 0.4209727
12 0.1825201 0.3409100 0.0285412 0.0153480
18 0.2551703 0.3409100 0.0285412 0.0153480
3 0.3278205 0.3409100 0.0285412 0.0153480
2 0.4004708 0.3409100 0.0285412 0.0153480
22 0.4731211 0.3409100 0.0285412 0.0153480
14 0.5457713 0.3409100 0.0285411 0.0153480
33 0.6184216 0.3409100 0.0674609 0.0591993
18 0.6184216 0.3409100 0.0285412 0.0153480
1 0.1825201 0.4001093 0.0285412 0.0153480
6 0.3278205 0.4001093 0.0285412 0.0153480
21 0.4731211 0.4001093 0.0285412 0.0153480
26 0.1825201 0.4593085 0.0285412 0.0153479
7 0.2551703 0.4593085 0.0285412 0.0153479
23 0.4731211 0.4593085 0.0285412 0.0153479
9 0.5457713 0.4593085 0.0285411 0.0153479
11 0.1825201 0.5185079 0.0285412 0.0153480
10 0.4004708 0.5185079 0.0285412 0.0153480
13 0.6184216 0.5185079 0.0285412 0.0153480
29 0.2551703 0.5777071 0.0285412 0.0153480
19 0.3278205 0.5777071 0.0285412 0.0153480
15 0.4004708 0.5777071 0.0285412 0.0153480
27 0.4731211 0.5777071 0.0285412 0.0153480
4 0.6184216 0.5777071 0.0285412 0.0153480
5 0.1825201 0.6369065 0.0285412 0.0153480
31 0.2551703 0.6369065 0.0285412 0.0153480
20 0.3278205 0.6369065 0.0285412 0.0153480
24 0.4004708 0.6369065 0.0285412 0.0153480
16 0.4731211 0.6369065 0.0285412 0.0153480
8 0.5457713 0.6369065 0.0285411 0.0153480
25 0.6184216 0.6369065 0.0285412 0.0153480
7 0.6184216 0.4001093 0.0285412 0.0153480
8 0.6184216 0.4593085 0.0285412 0.0153479
14 0.2551703 0.5185079 0.0285412 0.0153480
27 0.5457713 0.4001093 0.0285411 0.0153480
17 0.1825201 0.5777071 0.0285412 0.0153480
19 0.3278205 0.5185079 0.0285412 0.0153480
28 0.5457713 0.5185079 0.0285411 0.0153480
21 0.5457713 0.5777071 0.0285411 0.0153480
29 0.4004708 0.4593085 0.0285412 0.0153479
30 0.4731211 0.5185079 0.0285412 0.0153480
28 0.2551703 0.4001093 0.0285412 0.0153480
