31 0.6862529 0.5970346 0.0288139 0.0154801
29 0.2461856 0.4179076 0.0288139 0.0154801
32 0.4616352 0.5063655 0.5304382 0.4245974
1 0.2461856 0.3581986 0.0288139 0.0154801
19 0.3195301 0.3581986 0.0288139 0.0154801
3 0.3928747 0.3581986 0.0288139 0.0154801
6 0.5395638 0.3581986 0.0288139 0.0154801
30 0.6129083 0.3581986 0.0288139 0.0154801
27 0.6862529 0.3581986 0.0288139 0.0154801
9 0.3195301 0.4179076 0.0288139 0.0154801
17 0.4662193 0.4179076 0.0288139 0.0154801
12 0.5395638 0.4179076 0.0288139 0.0154801
31 0.6129083 0.4179076 0.0288139 0.0154801
2 0.6862529 0.4179076 0.0288139 0.0154801
10 0.4662193 0.4776167 0.0288139 0.0154801
26 0.5395638 0.4776167 0.0288139 0.0154801
29 0.6129083 0.4776167 0.0288139 0.0154801
23 0.6862529 0.4776167 0.0288139 0.0154801
24 0.2461856 0.5373257 0.0288139 0.0154801
21 0.3195301 0.5373257 0.0288139 0.0154801
25 0.3928747 0.5373257 0.0288139 0.0154801
8 0.4662193 0.5373257 0.0288139 0.0154801
18 0.5395638 0.5373257 0.0288139 0.0154801
14 0.6129083 0.5373257 0.0288139 0.0154801
13 0.2461856 0.5970346 0.0288139 0.0154801
4 0.3195301 0.5970346 0.0288139 0.0154801
11 0.5395638 0.5970346 0.0288139 0.0154801
33 0.6129084 0.5970346 0.0681057 0.0597090
30 0.6129083 0.5970346 0.0288139 0.0154801
20 0.3195301 0.6567437 0.0288139 0.0154801
22 0.3928747 0.6567437 0.0288139 0.0154801
7 0.5395638 0.6567437 0.0288139 0.0154801
5 0.6129083 0.6567437 0.0288139 0.0154801
30 0.2461856 0.6567437 0.0288139 0.0154801
19 0.2461856 0.4776167 0.0288139 0.0154801
27 0.3928747 0.5970346 0.0288139 0.0154801
5 0.4662193 0.6567437 0.0288139 0.0154801
28 0.6862529 0.5373257 0.0288139 0.0154801
28 0.4662193 0.3581986 0.0288139 0.0154801
10 0.3195301 0.4776167 0.0288139 0.0154801
16 0.3928747 0.4179076 0.0288139 0.0154801
26 0.3928747 0.4776167 0.0288139 0.0154801
16 0.4662193 0.5970346 0.0288139 0.0154801
22 0.6862529 0.6567437 0.0288139 0.0154801
