1 0.7193620 0.5415967 0.0285794 0.0152584
6 0.7193620 0.4238894 0.0285794 0.0152584
32 0.5693201 0.5110801 0.5261209 0.4185149
30 0.3556241 0.3650358 0.0285794 0.0152584
14 0.5738669 0.3650358 0.0285794 0.0152584
20 0.6466145 0.3650358 0.0285794 0.0152584
6 0.7921097 0.3650358 0.0285794 0.0152584
5 0.3556241 0.4238894 0.0285794 0.0152584
9 0.4283717 0.4238894 0.0285794 0.0152584
13 0.5011193 0.4238894 0.0285794 0.0152584
1 0.7921097 0.4238894 0.0285794 0.0152584
17 0.4283717 0.4827431 0.0285794 0.0152583
22 0.5011193 0.4827431 0.0285794 0.0152583
25 0.5738669 0.4827431 0.0285794 0.0152583
7 0.6466145 0.4827431 0.0285794 0.0152583
3 0.7921097 0.4827431 0.0285794 0.0152583
31 0.4283717 0.5415967 0.0285794 0.0152584
29 0.5011193 0.5415967 0.0285794 0.0152584
8 0.5738669 0.5415967 0.0285794 0.0152584
2 0.6466145 0.5415967 0.0285794 0.0152584
27 0.7921097 0.5415967 0.0285794 0.0152584
33 0.3556241 0.6004504 0.0675513 0.0588537
7 0.3556241 0.6004504 0.0285794 0.0152584
11 0.4283717 0.6004504 0.0285794 0.0152584
18 0.5011193 0.6004504 0.0285794 0.0152584
23 0.5738669 0.6004504 0.0285794 0.0152584
26 0.6466145 0.6004504 0.0285794 0.0152584
15 0.7921097 0.6004504 0.0285794 0.0152584
21 0.4283717 0.6593041 0.0285794 0.0152583
10 0.5011193 0.6593041 0.0285794 0.0152583
28 0.5738669 0.6593041 0.0285794 0.0152583
16 0.6466145 0.6593041 0.0285794 0.0152583
24 0.7193620 0.6593041 0.0285794 0.0152583
4 0.7193620 0.6004504 0.0285794 0.0152584
31 0.5011193 0.3650358 0.0285794 0.0152584
18 0.6466145 0.4238894 0.0285794 0.0152584
5 0.3556241 0.6593041 0.0285794 0.0152583
19 0.7921097 0.6593041 0.0285794 0.0152583
13 0.3556241 0.4827431 0.0285794 0.0152583
20 0.4283717 0.3650358 0.0285794 0.0152584
13 0.7193620 0.3650358 0.0285794 0.0152584
21 0.3556241 0.5415967 0.0285794 0.0152584
31 0.5738669 0.4238894 0.0285794 0.0152584
29 0.7193620 0.4827431 0.0285794 0.0152583
