16 0.6762770 0.4562304 0.0285104 0.0149311
9 0.8214214 0.5714135 0.0285105 0.0149312
32 0.5991690 0.5991428 0.5248522 0.4095400
29 0.3859883 0.4562304 0.0285105 0.0149311
10 0.4585605 0.4562304 0.0285105 0.0149311
18 0.6037048 0.4562304 0.0285105 0.0149311
14 0.8214214 0.4562304 0.0285105 0.0149311
13 0.4585605 0.5138220 0.0285105 0.0149311
23 0.6037048 0.5138220 0.0285105 0.0149311
11 0.6762770 0.5138220 0.0285104 0.0149311
3 0.7488492 0.5138220 0.0285105 0.0149311
7 0.8214214 0.5138220 0.0285105 0.0149311
12 0.3859883 0.5714135 0.0285105 0.0149312
30 0.4585605 0.5714135 0.0285105 0.0149312
5 0.5311327 0.5714135 0.0285105 0.0149312
16 0.6037048 0.5714135 0.0285105 0.0149312
31 0.3859883 0.6290051 0.0285105 0.0149312
17 0.4585605 0.6290051 0.0285105 0.0149312
6 0.5311327 0.6290051 0.0285105 0.0149312
22 0.6762770 0.6290051 0.0285104 0.0149312
1 0.7488492 0.6290051 0.0285105 0.0149312
9 0.8214214 0.6290051 0.0285105 0.0149312
26 0.3859883 0.6865966 0.0285105 0.0149312
4 0.4585605 0.6865966 0.0285105 0.0149312
33 0.6037048 0.6865966 0.0673885 0.0575916
20 0.6037048 0.6865966 0.0285105 0.0149312
27 0.6762770 0.6865966 0.0285104 0.0149312
15 0.8214214 0.6865966 0.0285105 0.0149312
8 0.3859883 0.7441882 0.0285105 0.0149312
20 0.4585605 0.7441882 0.0285105 0.0149312
24 0.5311327 0.7441882 0.0285105 0.0149312
21 0.6762770 0.7441882 0.0285104 0.0149312
19 0.8214214 0.7441882 0.0285105 0.0149312
15 0.7488492 0.4562304 0.0285105 0.0149311
31 0.7488492 0.7441882 0.0285105 0.0149312
2 0.6037048 0.7441882 0.0285105 0.0149312
4 0.6037048 0.6290051 0.0285105 0.0149312
22 0.7488492 0.5714135 0.0285105 0.0149312
6 0.6762770 0.5714135 0.0285104 0.0149312
5 0.7488492 0.6865966 0.0285105 0.0149312
16 0.5311327 0.6865966 0.0285105 0.0149312
24 0.3859883 0.5138220 0.0285105 0.0149311
25 0.5311327 0.5138220 0.0285105 0.0149311
9 0.5311327 0.4562304 0.0285105 0.0149311
