20 0.6185356 0.2991975 0.0274194 0.0164974
4 0.5487406 0.3580383 0.0274195 0.0153976
32 0.5493637 0.4416252 0.5047678 0.4223339
30 0.3393554 0.2991975 0.0274195 0.0164974
17 0.4091505 0.2991975 0.0274195 0.0164974
12 0.7581258 0.2991975 0.0274195 0.0164974
25 0.3393554 0.3580383 0.0274195 0.0153976
6 0.4789455 0.3580383 0.0274195 0.0153976
5 0.6185356 0.3580383 0.0274194 0.0153976
23 0.7581258 0.3580383 0.0274195 0.0153976
14 0.3393554 0.4179789 0.0274195 0.0164975
18 0.4091505 0.4179789 0.0274195 0.0164975
13 0.4789455 0.4179789 0.0274195 0.0164975
15 0.6883307 0.4179789 0.0274195 0.0164975
33 0.7581258 0.4174290 0.0648096 0.0593907
21 0.7581258 0.4179789 0.0274195 0.0164975
8 0.3393554 0.4773696 0.0274195 0.0164974
4 0.4091505 0.4773696 0.0274195 0.0164974
27 0.4789455 0.4773696 0.0274195 0.0164974
28 0.5487406 0.4773696 0.0274195 0.0164974
20 0.7581258 0.4773696 0.0274195 0.0164974
2 0.3393554 0.5367603 0.0274195 0.0164974
19 0.4091505 0.5367603 0.0274195 0.0164974
22 0.4789455 0.5367603 0.0274195 0.0164974
21 0.6883307 0.5367603 0.0274195 0.0164974
10 0.7581258 0.5367603 0.0274195 0.0164974
6 0.6883307 0.2991975 0.0274195 0.0164974
19 0.4091505 0.3580383 0.0274195 0.0153976
26 0.6883307 0.3580383 0.0274195 0.0153976
20 0.4789455 0.2991975 0.0274195 0.0164974
7 0.5487406 0.4179789 0.0274195 0.0164975
4 0.6185356 0.5367603 0.0274194 0.0164974
18 0.6883307 0.4773696 0.0274195 0.0164974
3 0.6185356 0.4773696 0.0274194 0.0164974
20 0.5487406 0.5367603 0.0274195 0.0164974
21 0.5487406 0.2991975 0.0274195 0.0164974
20 0.6185356 0.4179789 0.0274194 0.0164975
