25 0.6095990 0.6681979 0.0287633 0.0157807
4 0.8292463 0.4855925 0.0287633 0.0157807
32 0.6050230 0.6366365 0.5295069 0.4328424
8 0.3899517 0.4855925 0.0287634 0.0157807
17 0.4631675 0.4855925 0.0287634 0.0157807
27 0.5363832 0.4855925 0.0287634 0.0157807
25 0.6828148 0.4855925 0.0287634 0.0157807
26 0.3899517 0.5464610 0.0287634 0.0157807
30 0.4631675 0.5464610 0.0287634 0.0157807
1 0.5363832 0.5464610 0.0287634 0.0157807
18 0.6095990 0.5464610 0.0287633 0.0157807
12 0.6828148 0.5464610 0.0287634 0.0157807
6 0.8292463 0.5464610 0.0287633 0.0157807
22 0.4631675 0.6073294 0.0287634 0.0157807
10 0.5363832 0.6073294 0.0287634 0.0157807
13 0.6095990 0.6073294 0.0287633 0.0157807
7 0.6828148 0.6073294 0.0287634 0.0157807
9 0.8292463 0.6073294 0.0287633 0.0157807
5 0.3899517 0.6681979 0.0287634 0.0157807
24 0.5363832 0.6681979 0.0287634 0.0157807
14 0.6828148 0.6681979 0.0287634 0.0157807
3 0.7560305 0.6681979 0.0287633 0.0157807
16 0.8292463 0.6681979 0.0287633 0.0157807
2 0.3899517 0.7290664 0.0287634 0.0157807
33 0.4631675 0.7290664 0.0679861 0.0608685
5 0.4631675 0.7290664 0.0287634 0.0157807
19 0.5363832 0.7290664 0.0287634 0.0157807
23 0.6095990 0.7290664 0.0287633 0.0157807
29 0.6828148 0.7290664 0.0287634 0.0157807
11 0.7560305 0.7290664 0.0287633 0.0157807
21 0.4631675 0.7899348 0.0287634 0.0157807
4 0.6828148 0.7899348 0.0287634 0.0157807
20 0.8292463 0.7899348 0.0287633 0.0157807
22 0.7560305 0.6073294 0.0287633 0.0157807
13 0.6095990 0.7899348 0.0287633 0.0157807
10 0.6095990 0.4855925 0.0287633 0.0157807
5 0.7560305 0.4855925 0.0287633 0.0157807
30 0.7560305 0.5464610 0.0287633 0.0157807
14 0.7560305 0.7899348 0.0287633 0.0157807
1 0.5363832 0.7899348 0.0287634 0.0157807
1 0.4631675 0.6681979 0.0287634 0.0157807
2 0.3899517 0.7899348 0.0287634 0.0157807
4 0.3899517 0.6073294 0.0287634 0.0157807
1 0.8292463 0.7290664 0.0287633 0.0157807
