31 0.4718192 0.5121811 0.0277530 0.0153457
18 0.4718192 0.3346088 0.0277530 0.0153458
32 0.6086919 0.4222988 0.5109072 0.4209122
18 0.4718192 0.2754180 0.0277530 0.0153458
20 0.5424632 0.2754180 0.0277530 0.0153458
21 0.7543951 0.2754180 0.0277530 0.0153458
23 0.8250391 0.2754180 0.0277530 0.0153458
1 0.5424632 0.3346088 0.0277530 0.0153458
19 0.6131071 0.3346088 0.0277530 0.0153458
13 0.6837511 0.3346088 0.0277530 0.0153458
24 0.7543951 0.3346088 0.0277530 0.0153458
30 0.8250391 0.3346088 0.0277530 0.0153458
3 0.4011753 0.3937995 0.0277530 0.0153458
6 0.4718192 0.3937995 0.0277530 0.0153458
28 0.5424632 0.3937995 0.0277530 0.0153458
2 0.6131071 0.3937995 0.0277530 0.0153458
11 0.7543951 0.3937995 0.0277530 0.0153458
7 0.4011753 0.4529903 0.0277530 0.0153457
29 0.4718192 0.4529903 0.0277530 0.0153457
9 0.5424632 0.4529903 0.0277530 0.0153457
4 0.6837511 0.4529903 0.0277530 0.0153457
33 0.7543951 0.4529903 0.0655980 0.0591908
2 0.7543951 0.4529903 0.0277530 0.0153457
22 0.8250391 0.4529903 0.0277530 0.0153457
31 0.4011753 0.5121811 0.0277530 0.0153457
27 0.5424632 0.5121811 0.0277530 0.0153457
8 0.6131071 0.5121811 0.0277530 0.0153457
16 0.6837511 0.5121811 0.0277530 0.0153457
10 0.4011753 0.5713719 0.0277530 0.0153458
14 0.4718192 0.5713719 0.0277530 0.0153458
5 0.6131071 0.5713719 0.0277530 0.0153458
25 0.7543951 0.5713719 0.0277530 0.0153458
12 0.8250391 0.5713719 0.0277530 0.0153458
30 0.7543951 0.5121811 0.0277530 0.0153457
12 0.6837511 0.2754180 0.0277530 0.0153458
10 0.6837511 0.3937995 0.0277530 0.0153458
25 0.8250391 0.5121811 0.0277530 0.0153457
16 0.8250391 0.3937995 0.0277530 0.0153458
17 0.4011753 0.2754180 0.0277530 0.0153458
12 0.6131071 0.2754180 0.0277530 0.0153458
22 0.5424632 0.5713719 0.0277530 0.0153458
27 0.6131071 0.4529903 0.0277530 0.0153457
19 0.4011753 0.3346088 0.0277530 0.0153458
13 0.6837511 0.5713719 0.0277530 0.0153458
