3 0.6646201 0.4022581 0.0278485 0.0160284
5 0.5228461 0.4022581 0.0278485 0.0160284
32 0.5234790 0.3675297 0.5126649 0.4103292
7 0.3101851 0.2291505 0.0278485 0.0160285
11 0.3810721 0.2291505 0.0278485 0.0160285
28 0.4519590 0.2291505 0.0278484 0.0160285
8 0.5937331 0.2291505 0.0278485 0.0160285
30 0.6646201 0.2291505 0.0278485 0.0160285
17 0.7355070 0.2291505 0.0278485 0.0160285
24 0.3101851 0.2863187 0.0278485 0.0149599
27 0.4519590 0.2863187 0.0278484 0.0149599
26 0.5228461 0.2863187 0.0278485 0.0149599
19 0.5937331 0.2863187 0.0278485 0.0149599
3 0.7355070 0.2863187 0.0278485 0.0149599
25 0.3101851 0.3445555 0.0278485 0.0160285
2 0.4519590 0.3445555 0.0278484 0.0160285
33 0.5228461 0.3440213 0.0658236 0.0577025
5 0.5228461 0.3445555 0.0278485 0.0160285
1 0.6646201 0.3445555 0.0278485 0.0160285
15 0.7355070 0.3445555 0.0278485 0.0160285
22 0.4519590 0.4022581 0.0278484 0.0160284
6 0.3810721 0.4599606 0.0278485 0.0160285
13 0.4519590 0.4599606 0.0278484 0.0160285
18 0.5228461 0.4599606 0.0278485 0.0160285
9 0.7355070 0.4599606 0.0278485 0.0160285
20 0.5228461 0.2291505 0.0278485 0.0160285
26 0.3810721 0.4022581 0.0278485 0.0160284
30 0.6646201 0.2863187 0.0278485 0.0149599
1 0.3810721 0.3445555 0.0278485 0.0160285
28 0.3101851 0.4022581 0.0278485 0.0160284
21 0.3810721 0.2863187 0.0278485 0.0149599
20 0.7355070 0.4022581 0.0278485 0.0160284
2 0.5937331 0.3445555 0.0278485 0.0160285
27 0.5937331 0.4022581 0.0278485 0.0160284
19 0.3101851 0.4599606 0.0278485 0.0160285
17 0.6646201 0.4599606 0.0278485 0.0160285
3 0.5937331 0.4599606 0.0278485 0.0160285
