13 0.6552499 0.6073813 0.0285001 0.0155661
4 0.3650677 0.6073813 0.0285000 0.0155661
32 0.5056247 0.4561677 0.5246598 0.4269560
18 0.2925221 0.3071779 0.0285000 0.0155661
20 0.4376132 0.3071779 0.0285000 0.0155661
12 0.5101588 0.3071779 0.0285001 0.0155661
17 0.5827043 0.3071779 0.0285001 0.0155661
2 0.2925221 0.3672186 0.0285000 0.0155661
33 0.3650676 0.3672186 0.0673637 0.0600407
27 0.3650677 0.3672186 0.0285000 0.0155661
19 0.4376132 0.3672186 0.0285000 0.0155661
8 0.5101588 0.3672186 0.0285001 0.0155661
25 0.5827043 0.3672186 0.0285001 0.0155661
29 0.6552499 0.3672186 0.0285001 0.0155661
22 0.7277954 0.3672186 0.0285000 0.0155661
14 0.3650677 0.4272592 0.0285000 0.0155661
5 0.4376132 0.4272592 0.0285000 0.0155661
27 0.5101588 0.4272592 0.0285001 0.0155661
26 0.6552499 0.4272592 0.0285001 0.0155661
31 0.7277954 0.4272592 0.0285000 0.0155661
21 0.2925221 0.4872999 0.0285000 0.0155661
3 0.5827043 0.4872999 0.0285001 0.0155661
7 0.6552499 0.4872999 0.0285001 0.0155661
10 0.7277954 0.4872999 0.0285000 0.0155661
9 0.2925221 0.5473406 0.0285000 0.0155661
1 0.3650677 0.5473406 0.0285000 0.0155661
15 0.4376132 0.5473406 0.0285000 0.0155661
4 0.5101588 0.5473406 0.0285001 0.0155661
30 0.2925221 0.6073813 0.0285000 0.0155661
6 0.5101588 0.6073813 0.0285001 0.0155661
23 0.5827043 0.6073813 0.0285001 0.0155661
11 0.7277954 0.6073813 0.0285000 0.0155661
28 0.5827043 0.4272592 0.0285001 0.0155661
4 0.6552499 0.5473406 0.0285001 0.0155661
8 0.2925221 0.4272592 0.0285000 0.0155661
6 0.5101588 0.4872999 0.0285001 0.0155661
4 0.4376132 0.6073813 0.0285000 0.0155661
26 0.3650677 0.3071779 0.0285000 0.0155661
13 0.7277954 0.3071779 0.0285000 0.0155661
9 0.7277954 0.5473406 0.0285000 0.0155661
24 0.4376132 0.4872999 0.0285000 0.0155661
3 0.6552499 0.3071779 0.0285001 0.0155661
2 0.3650677 0.4872999 0.0285000 0.0155661
19 0.5827043 0.5473406 0.0285001 0.0155661
