17 0.6374407 0.4628351 0.0282168 0.0157934
21 0.5656161 0.5846700 0.0282168 0.0157934
32 0.6329517 0.5530832 0.5194459 0.4331909
14 0.4219669 0.4019177 0.0282168 0.0157934
6 0.5656161 0.4019177 0.0282168 0.0157934
27 0.7092653 0.4019177 0.0282168 0.0157934
5 0.7810899 0.4019177 0.0282168 0.0157934
23 0.8529146 0.4019177 0.0282169 0.0157934
1 0.4219669 0.4628351 0.0282168 0.0157934
7 0.5656161 0.4628351 0.0282168 0.0157934
30 0.7810899 0.4628351 0.0282168 0.0157934
13 0.8529146 0.4628351 0.0282169 0.0157934
31 0.4219669 0.5237526 0.0282168 0.0157935
33 0.7092653 0.5237526 0.0666943 0.0609174
28 0.7092653 0.5237526 0.0282168 0.0157935
16 0.7810899 0.5237526 0.0282168 0.0157935
11 0.4219669 0.5846700 0.0282168 0.0157934
3 0.4937915 0.5846700 0.0282168 0.0157934
12 0.6374407 0.5846700 0.0282168 0.0157934
22 0.7092653 0.5846700 0.0282168 0.0157934
19 0.8529146 0.5846700 0.0282169 0.0157934
8 0.4937915 0.6455876 0.0282168 0.0157934
15 0.5656161 0.6455876 0.0282168 0.0157934
26 0.6374407 0.6455876 0.0282168 0.0157934
20 0.7810899 0.6455876 0.0282168 0.0157934
19 0.7092653 0.4628351 0.0282168 0.0157934
27 0.6374407 0.5237526 0.0282168 0.0157935
8 0.8529146 0.6455876 0.0282169 0.0157934
17 0.5656161 0.5237526 0.0282168 0.0157935
4 0.4937915 0.4628351 0.0282168 0.0157934
27 0.4937915 0.4019177 0.0282168 0.0157934
30 0.6374407 0.4019177 0.0282168 0.0157934
31 0.7810899 0.5846700 0.0282168 0.0157934
19 0.7092653 0.6455876 0.0282168 0.0157934
4 0.8529146 0.5237526 0.0282169 0.0157935
21 0.4219669 0.6455876 0.0282168 0.0157934
22 0.4937915 0.5237526 0.0282168 0.0157935
