17 0.7028370 0.2737339 0.0284058 0.0156092
7 0.3413090 0.2135270 0.0284058 0.0156092
32 0.5537066 0.3629293 0.5229244 0.4281378
13 0.4859202 0.2135270 0.0284058 0.0156092
24 0.5582258 0.2135270 0.0284058 0.0156092
31 0.7028370 0.2135270 0.0284058 0.0156092
7 0.7751426 0.2135270 0.0284058 0.0156092
20 0.3413090 0.2737339 0.0284058 0.0156092
30 0.4136146 0.2737339 0.0284058 0.0156092
16 0.6305314 0.2737339 0.0284058 0.0156092
14 0.3413090 0.3339407 0.0284058 0.0156092
10 0.4136146 0.3339407 0.0284058 0.0156092
26 0.4859202 0.3339407 0.0284058 0.0156092
23 0.5582258 0.3339407 0.0284058 0.0156092
21 0.7028370 0.3339407 0.0284058 0.0156092
8 0.7751426 0.3339407 0.0284058 0.0156092
17 0.3413090 0.3941476 0.0284058 0.0156092
29 0.4859202 0.3941476 0.0284058 0.0156092
15 0.5582258 0.3941476 0.0284058 0.0156092
6 0.6305314 0.3941476 0.0284058 0.0156092
2 0.7028370 0.3941476 0.0284058 0.0156092
4 0.7751426 0.3941476 0.0284058 0.0156092
28 0.5582258 0.4543545 0.0284058 0.0156092
19 0.6305314 0.4543545 0.0284058 0.0156092
33 0.7028369 0.4543545 0.0671409 0.0602069
5 0.7028370 0.4543545 0.0284058 0.0156092
3 0.4136146 0.5145614 0.0284058 0.0156092
12 0.4859202 0.5145614 0.0284058 0.0156092
11 0.5582258 0.5145614 0.0284058 0.0156092
22 0.6305314 0.5145614 0.0284058 0.0156092
27 0.7028370 0.5145614 0.0284058 0.0156092
5 0.7751426 0.5145614 0.0284058 0.0156092
8 0.7751426 0.2737339 0.0284058 0.0156092
9 0.7751426 0.4543545 0.0284058 0.0156092
4 0.4136146 0.3941476 0.0284058 0.0156092
5 0.6305314 0.3339407 0.0284058 0.0156092
2 0.4859202 0.2737339 0.0284058 0.0156092
24 0.3413090 0.5145614 0.0284058 0.0156092
13 0.3413090 0.4543545 0.0284058 0.0156092
26 0.6305314 0.2135270 0.0284058 0.0156092
7 0.5582258 0.2737339 0.0284058 0.0156092
27 0.4859202 0.4543545 0.0284058 0.0156092
15 0.4136146 0.4543545 0.0284058 0.0156092
4 0.4136146 0.2135270 0.0284058 0.0156092
