2 0.5916371 0.6890903 0.0285609 0.0156598
27 0.5916371 0.7494926 0.0285609 0.0156599
32 0.5870933 0.5973684 0.5257795 0.4295271
3 0.3735360 0.4474814 0.0285609 0.0156598
23 0.4462363 0.4474814 0.0285608 0.0156598
16 0.5189367 0.4474814 0.0285608 0.0156598
5 0.7370378 0.4474814 0.0285608 0.0156598
6 0.8097382 0.4474814 0.0285609 0.0156598
12 0.4462363 0.5078836 0.0285608 0.0156598
9 0.5189367 0.5078836 0.0285608 0.0156598
8 0.5916371 0.5078836 0.0285609 0.0156598
11 0.6643375 0.5078836 0.0285608 0.0156598
4 0.8097382 0.5078836 0.0285609 0.0156598
15 0.3735360 0.5682859 0.0285609 0.0156599
19 0.5189367 0.5682859 0.0285608 0.0156599
1 0.7370378 0.5682859 0.0285608 0.0156599
10 0.3735360 0.6286881 0.0285609 0.0156599
27 0.4462363 0.6286881 0.0285608 0.0156599
33 0.5189367 0.6286881 0.0675075 0.0604023
6 0.5189367 0.6286881 0.0285608 0.0156599
14 0.5916371 0.6286881 0.0285609 0.0156599
20 0.7370378 0.6286881 0.0285608 0.0156599
30 0.3735360 0.6890903 0.0285609 0.0156598
2 0.4462363 0.6890903 0.0285608 0.0156598
17 0.5189367 0.6890903 0.0285608 0.0156598
31 0.6643375 0.6890903 0.0285608 0.0156598
22 0.7370378 0.6890903 0.0285608 0.0156598
7 0.8097382 0.6890903 0.0285609 0.0156598
13 0.5189367 0.7494926 0.0285608 0.0156599
21 0.6643375 0.7494926 0.0285608 0.0156599
26 0.7370378 0.7494926 0.0285608 0.0156599
18 0.8097382 0.7494926 0.0285609 0.0156599
20 0.8097382 0.5682859 0.0285609 0.0156599
10 0.6643375 0.6286881 0.0285608 0.0156599
7 0.7370378 0.5078836 0.0285608 0.0156598
13 0.3735360 0.7494926 0.0285609 0.0156599
27 0.4462363 0.7494926 0.0285608 0.0156599
28 0.5916371 0.5682859 0.0285609 0.0156599
19 0.6643375 0.4474814 0.0285608 0.0156598
17 0.8097382 0.6286881 0.0285609 0.0156599
8 0.5916371 0.4474814 0.0285609 0.0156598
3 0.6643375 0.5682859 0.0285608 0.0156599
26 0.3735360 0.5078836 0.0285609 0.0156598
12 0.4462363 0.5682859 0.0285608 0.0156599
