6 0.6404733 0.5564154 0.0267588 0.0152031
28 0.6404733 0.6150560 0.0267588 0.0152031
32 0.4999897 0.5846498 0.4926045 0.4169997
22 0.3680204 0.4391343 0.0267588 0.0152031
2 0.4361336 0.4391343 0.0267588 0.0152031
1 0.5723600 0.4391343 0.0267588 0.0152031
7 0.6404733 0.4391343 0.0267588 0.0152031
31 0.2999072 0.4977749 0.0267588 0.0152031
12 0.5042468 0.4977749 0.0267587 0.0152031
16 0.5723600 0.4977749 0.0267588 0.0152031
19 0.6404733 0.4977749 0.0267588 0.0152031
8 0.7085864 0.4977749 0.0267588 0.0152031
33 0.2999072 0.5564155 0.0632480 0.0586406
10 0.2999072 0.5564154 0.0267588 0.0152031
9 0.4361336 0.5564154 0.0267588 0.0152031
10 0.5723600 0.5564154 0.0267588 0.0152031
4 0.7085864 0.5564154 0.0267588 0.0152031
25 0.3680204 0.6150560 0.0267588 0.0152031
11 0.4361336 0.6150560 0.0267588 0.0152031
6 0.5042468 0.6150560 0.0267587 0.0152031
15 0.5723600 0.6150560 0.0267588 0.0152031
23 0.7085864 0.6150560 0.0267588 0.0152031
3 0.2999072 0.6736967 0.0267588 0.0152031
5 0.5042468 0.6736967 0.0267587 0.0152031
28 0.6404733 0.6736967 0.0267588 0.0152031
14 0.7085864 0.6736967 0.0267588 0.0152031
13 0.2999072 0.7323372 0.0267588 0.0152031
20 0.3680204 0.7323372 0.0267588 0.0152031
24 0.5042468 0.7323372 0.0267587 0.0152031
26 0.5723600 0.7323372 0.0267588 0.0152031
21 0.6404733 0.7323372 0.0267588 0.0152031
17 0.7085864 0.7323372 0.0267588 0.0152031
27 0.5042468 0.4391343 0.0267587 0.0152031
22 0.4361336 0.4977749 0.0267588 0.0152031
26 0.2999072 0.4391343 0.0267588 0.0152031
8 0.5042468 0.5564154 0.0267587 0.0152031
26 0.7085864 0.4391343 0.0267588 0.0152031
22 0.2999072 0.6150560 0.0267588 0.0152031
18 0.5723600 0.6736967 0.0267588 0.0152031
28 0.4361336 0.7323372 0.0267588 0.0152031
21 0.4361336 0.6736967 0.0267588 0.0152031
15 0.3680204 0.5564154 0.0267588 0.0152031
6 0.3680204 0.6736967 0.0267588 0.0152031
16 0.3680204 0.4977749 0.0267588 0.0152031
