16 0.3969793 0.3896017 0.0280684 0.0150089
4 0.5398727 0.3896017 0.0280684 0.0150089
32 0.4690639 0.4710783 0.5167126 0.4116711
23 0.3255326 0.3322465 0.0280683 0.0160809
21 0.3969793 0.3322465 0.0280684 0.0160809
19 0.4684260 0.3322465 0.0280684 0.0160809
12 0.5398727 0.3322465 0.0280684 0.0160809
17 0.6113194 0.3322465 0.0280684 0.0160809
10 0.6827660 0.3322465 0.0280683 0.0160809
3 0.2540859 0.3896017 0.0280683 0.0150089
33 0.3255326 0.3896017 0.0663434 0.0578913
21 0.3255326 0.3896017 0.0280683 0.0150089
5 0.6113194 0.3896017 0.0280684 0.0150089
1 0.2540859 0.4480290 0.0280683 0.0160809
4 0.3255326 0.4480290 0.0280683 0.0160809
14 0.3969793 0.4480290 0.0280684 0.0160809
22 0.6113194 0.4480290 0.0280684 0.0160809
16 0.6827660 0.4480290 0.0280683 0.0160809
31 0.3255326 0.5059203 0.0280683 0.0160809
2 0.3969793 0.5059203 0.0280684 0.0160809
25 0.4684260 0.5059203 0.0280684 0.0160809
15 0.5398727 0.5059203 0.0280684 0.0160809
29 0.6113194 0.5059203 0.0280684 0.0160809
9 0.2540859 0.5638115 0.0280683 0.0160809
27 0.3255326 0.5638115 0.0280683 0.0160809
8 0.3969793 0.5638115 0.0280684 0.0160809
24 0.3255326 0.6211667 0.0280683 0.0150089
6 0.3969793 0.6211667 0.0280684 0.0150089
28 0.4684260 0.6211667 0.0280684 0.0150089
13 0.5398727 0.6211667 0.0280684 0.0150089
7 0.6113194 0.6211667 0.0280684 0.0150089
18 0.6827660 0.6211667 0.0280683 0.0150089
3 0.2540859 0.5059203 0.0280683 0.0160809
2 0.5398727 0.5638115 0.0280684 0.0160809
6 0.2540859 0.6211667 0.0280683 0.0150089
24 0.6827660 0.3896017 0.0280683 0.0150089
8 0.2540859 0.3322465 0.0280683 0.0160809
2 0.4684260 0.4480290 0.0280684 0.0160809
30 0.6827660 0.5059203 0.0280683 0.0160809
10 0.5398727 0.4480290 0.0280684 0.0160809
9 0.6113194 0.5638115 0.0280684 0.0160809
27 0.4684260 0.3896017 0.0280684 0.0150089
25 0.6827660 0.5638115 0.0280683 0.0160809
14 0.4684260 0.5638115 0.0280684 0.0160809
