30 0.6949910 0.6524738 0.0283964 0.0164686
27 0.4058643 0.4740639 0.0283964 0.0153707
32 0.6233546 0.5575048 0.5227514 0.4215963
12 0.4058643 0.4153259 0.0283964 0.0164686
14 0.4781459 0.4153259 0.0283963 0.0164686
20 0.6227092 0.4153259 0.0283964 0.0164686
33 0.8395542 0.4147769 0.0671187 0.0592870
2 0.8395543 0.4153259 0.0283964 0.0164686
13 0.4781459 0.4740639 0.0283963 0.0153707
3 0.5504276 0.4740639 0.0283964 0.0153707
10 0.6227092 0.4740639 0.0283964 0.0153707
8 0.7672726 0.4740639 0.0283964 0.0153707
1 0.8395543 0.4740639 0.0283964 0.0153707
9 0.4058643 0.5338998 0.0283964 0.0164686
6 0.4781459 0.5338998 0.0283963 0.0164686
22 0.5504276 0.5338998 0.0283964 0.0164686
7 0.6949910 0.5338998 0.0283964 0.0164686
11 0.8395543 0.5338998 0.0283964 0.0164686
31 0.4058643 0.5931868 0.0283964 0.0164686
18 0.4781459 0.5931868 0.0283963 0.0164686
21 0.5504276 0.5931868 0.0283964 0.0164686
24 0.6227092 0.5931868 0.0283964 0.0164686
26 0.6949910 0.5931868 0.0283964 0.0164686
29 0.7672726 0.5931868 0.0283964 0.0164686
25 0.4058643 0.6524738 0.0283964 0.0164686
2 0.4781459 0.6524738 0.0283963 0.0164686
17 0.6227092 0.6524738 0.0283964 0.0164686
16 0.7672726 0.6524738 0.0283964 0.0164686
28 0.8395543 0.6524738 0.0283964 0.0164686
27 0.4781459 0.7112118 0.0283963 0.0153707
23 0.6949910 0.7112118 0.0283964 0.0153707
4 0.8395543 0.7112118 0.0283964 0.0153707
15 0.7672726 0.4153259 0.0283964 0.0164686
21 0.5504276 0.7112118 0.0283964 0.0153707
28 0.4058643 0.7112118 0.0283964 0.0153707
1 0.8395543 0.5931868 0.0283964 0.0164686
1 0.7672726 0.7112118 0.0283964 0.0153707
2 0.6949910 0.4153259 0.0283964 0.0164686
8 0.6949910 0.4740639 0.0283964 0.0153707
17 0.6227092 0.5338998 0.0283964 0.0164686
11 0.5504276 0.6524738 0.0283964 0.0164686
17 0.7672726 0.5338998 0.0283964 0.0164686
11 0.5504276 0.4153259 0.0283964 0.0164686
13 0.6227092 0.7112118 0.0283964 0.0153707
