1 0.4677326 0.3650267 0.0283181 0.0159779
28 0.8281448 0.4882849 0.0283180 0.0159779
32 0.6073923 0.4563291 0.5213105 0.4382514
10 0.3956502 0.3033976 0.0283181 0.0159779
29 0.4677326 0.3033976 0.0283181 0.0159779
12 0.5398150 0.3033976 0.0283181 0.0159779
18 0.6839799 0.3033976 0.0283181 0.0159779
23 0.3956502 0.3650267 0.0283181 0.0159779
26 0.5398150 0.3650267 0.0283181 0.0159779
16 0.6839799 0.3650267 0.0283181 0.0159779
1 0.7560623 0.3650267 0.0283181 0.0159779
9 0.8281448 0.3650267 0.0283180 0.0159779
25 0.3956502 0.4266558 0.0283181 0.0159779
3 0.4677326 0.4266558 0.0283181 0.0159779
15 0.5398150 0.4266558 0.0283181 0.0159779
21 0.6118975 0.4266558 0.0283181 0.0159779
8 0.6839799 0.4266558 0.0283181 0.0159779
11 0.7560623 0.4266558 0.0283181 0.0159779
4 0.8281448 0.4266558 0.0283180 0.0159779
33 0.3956502 0.4882849 0.0669337 0.0616291
13 0.3956502 0.4882849 0.0283181 0.0159779
19 0.4677326 0.4882849 0.0283181 0.0159779
7 0.5398150 0.4882849 0.0283181 0.0159779
6 0.6839799 0.4882849 0.0283181 0.0159779
20 0.4677326 0.5499140 0.0283181 0.0159779
22 0.6118975 0.5499140 0.0283181 0.0159779
13 0.6839799 0.5499140 0.0283181 0.0159779
5 0.7560623 0.5499140 0.0283181 0.0159779
31 0.8281448 0.5499140 0.0283180 0.0159779
27 0.3956502 0.6115431 0.0283181 0.0159779
2 0.5398150 0.6115431 0.0283181 0.0159779
24 0.7560623 0.6115431 0.0283181 0.0159779
25 0.6118975 0.6115431 0.0283181 0.0159779
27 0.6839799 0.6115431 0.0283181 0.0159779
4 0.8281448 0.3033976 0.0283180 0.0159779
7 0.7560623 0.3033976 0.0283181 0.0159779
18 0.7560623 0.4882849 0.0283181 0.0159779
10 0.4677326 0.6115431 0.0283181 0.0159779
20 0.6118975 0.3033976 0.0283181 0.0159779
6 0.3956502 0.5499140 0.0283181 0.0159779
9 0.5398150 0.5499140 0.0283181 0.0159779
21 0.8281448 0.6115431 0.0283180 0.0159779
25 0.6118975 0.4882849 0.0283181 0.0159779
11 0.6118975 0.3650267 0.0283181 0.0159779
