11 0.1190755 0.4874308 0.0265465 0.0147811
12 0.3893668 0.2593795 0.0265465 0.0147811
32 0.3175707 0.3438429 0.4886964 0.4054245
13 0.1866483 0.2023666 0.0265465 0.0147811
24 0.2542212 0.2023666 0.0265465 0.0147811
21 0.3217940 0.2023666 0.0265465 0.0147811
31 0.3893668 0.2023666 0.0265465 0.0147811
26 0.5245125 0.2023666 0.0265464 0.0147811
16 0.1866483 0.2593795 0.0265465 0.0147811
4 0.2542212 0.2593795 0.0265465 0.0147811
30 0.3217940 0.2593795 0.0265465 0.0147811
22 0.4569397 0.2593795 0.0265465 0.0147811
23 0.1190755 0.3163923 0.0265465 0.0147811
20 0.1866483 0.3163923 0.0265465 0.0147811
29 0.2542212 0.3163923 0.0265465 0.0147811
12 0.3217940 0.3163923 0.0265465 0.0147811
9 0.5245125 0.3163923 0.0265464 0.0147811
1 0.1866483 0.3734052 0.0265465 0.0147811
19 0.2542212 0.3734052 0.0265465 0.0147811
3 0.3217940 0.3734052 0.0265465 0.0147811
5 0.3893668 0.3734052 0.0265465 0.0147811
11 0.4569397 0.3734052 0.0265465 0.0147811
15 0.5245125 0.3734052 0.0265464 0.0147811
25 0.1190755 0.4304180 0.0265465 0.0147811
27 0.1866483 0.4304180 0.0265465 0.0147811
14 0.2542212 0.4304180 0.0265465 0.0147811
33 0.3217940 0.4304180 0.0627462 0.0570128
24 0.3217940 0.4304180 0.0265465 0.0147811
17 0.5245125 0.4304180 0.0265464 0.0147811
8 0.1866483 0.4874308 0.0265465 0.0147811
2 0.3217940 0.4874308 0.0265465 0.0147811
10 0.4569397 0.4874308 0.0265465 0.0147811
22 0.5245125 0.2593795 0.0265464 0.0147811
8 0.1190755 0.2593795 0.0265465 0.0147811
6 0.3893668 0.3163923 0.0265465 0.0147811
7 0.1190755 0.2023666 0.0265465 0.0147811
25 0.4569397 0.4304180 0.0265465 0.0147811
25 0.1190755 0.3734052 0.0265465 0.0147811
6 0.3893668 0.4304180 0.0265465 0.0147811
31 0.4569397 0.3163923 0.0265465 0.0147811
20 0.5245125 0.4874308 0.0265464 0.0147811
29 0.4569397 0.2023666 0.0265465 0.0147811
14 0.2542212 0.4874308 0.0265465 0.0147811
12 0.3893668 0.4874308 0.0265465 0.0147811
