18 0.3578857 0.3372787 0.0285553 0.0155389
20 0.5759441 0.3972145 0.0285553 0.0155389
32 0.4987151 0.4860082 0.5256764 0.4262098
4 0.5032580 0.3372787 0.0285553 0.0155389
9 0.7213164 0.3372787 0.0285553 0.0155389
23 0.2851996 0.3972145 0.0285553 0.0155389
1 0.6486302 0.3972145 0.0285552 0.0155389
26 0.7213164 0.3972145 0.0285553 0.0155389
33 0.2851996 0.4571502 0.0674943 0.0599358
30 0.2851996 0.4571502 0.0285553 0.0155389
20 0.3578857 0.4571502 0.0285553 0.0155389
7 0.4305719 0.4571502 0.0285553 0.0155389
24 0.5032580 0.4571502 0.0285553 0.0155389
30 0.7213164 0.4571502 0.0285553 0.0155389
19 0.2851996 0.5170860 0.0285553 0.0155389
12 0.3578857 0.5170860 0.0285553 0.0155389
3 0.5032580 0.5170860 0.0285553 0.0155389
22 0.6486302 0.5170860 0.0285552 0.0155389
16 0.7213164 0.5170860 0.0285553 0.0155389
10 0.2851996 0.5770218 0.0285553 0.0155389
2 0.3578857 0.5770218 0.0285553 0.0155389
15 0.4305719 0.5770218 0.0285553 0.0155389
21 0.5032580 0.5770218 0.0285553 0.0155389
28 0.6486302 0.5770218 0.0285552 0.0155389
5 0.7213164 0.5770218 0.0285553 0.0155389
27 0.4305719 0.5170860 0.0285553 0.0155389
8 0.5032580 0.3972145 0.0285553 0.0155389
11 0.4305719 0.3972145 0.0285553 0.0155389
26 0.2851996 0.3372787 0.0285553 0.0155389
8 0.5759441 0.5170860 0.0285553 0.0155389
3 0.5759441 0.3372787 0.0285553 0.0155389
9 0.5759441 0.4571502 0.0285553 0.0155389
24 0.6486302 0.3372787 0.0285552 0.0155389
13 0.4305719 0.3372787 0.0285553 0.0155389
27 0.6486302 0.4571502 0.0285552 0.0155389
10 0.3578857 0.3972145 0.0285553 0.0155389
15 0.5759441 0.5770218 0.0285553 0.0155389
