22 0.4939579 0.6269480 0.0263494 0.0152974
10 0.3598155 0.6269480 0.0263494 0.0152974
32 0.5568372 0.5373490 0.4850687 0.4195855
14 0.5610292 0.3909311 0.0263494 0.0152974
25 0.6281004 0.3909311 0.0263494 0.0152974
13 0.6951717 0.3909311 0.0263494 0.0152974
7 0.3598155 0.4499353 0.0263494 0.0152974
20 0.4268867 0.4499353 0.0263494 0.0152974
5 0.6281004 0.4499353 0.0263494 0.0152974
6 0.6951717 0.4499353 0.0263494 0.0152974
9 0.7622429 0.4499353 0.0263494 0.0152974
4 0.3598155 0.5089395 0.0263494 0.0152974
15 0.4268867 0.5089395 0.0263494 0.0152974
2 0.6281004 0.5089395 0.0263494 0.0152974
33 0.6951717 0.5089395 0.0622804 0.0590042
13 0.6951717 0.5089395 0.0263494 0.0152974
8 0.7622429 0.5089395 0.0263494 0.0152974
12 0.3598155 0.5679438 0.0263494 0.0152974
1 0.4268867 0.5679438 0.0263494 0.0152974
24 0.6281004 0.5679438 0.0263494 0.0152974
26 0.6951717 0.5679438 0.0263494 0.0152974
21 0.7622429 0.5679438 0.0263494 0.0152974
16 0.6281004 0.6269480 0.0263494 0.0152974
22 0.6951717 0.6269480 0.0263494 0.0152974
3 0.7622429 0.6269480 0.0263494 0.0152974
2 0.4939579 0.3909311 0.0263494 0.0152974
3 0.5610292 0.5679438 0.0263494 0.0152974
20 0.5610292 0.5089395 0.0263494 0.0152974
21 0.5610292 0.6269480 0.0263494 0.0152974
10 0.7622429 0.3909311 0.0263494 0.0152974
2 0.4939579 0.4499353 0.0263494 0.0152974
31 0.5610292 0.4499353 0.0263494 0.0152974
22 0.3598155 0.3909311 0.0263494 0.0152974
29 0.4939579 0.5679438 0.0263494 0.0152974
11 0.4939579 0.5089395 0.0263494 0.0152974
29 0.4268867 0.3909311 0.0263494 0.0152974
8 0.4268867 0.6269480 0.0263494 0.0152974
