13 0.4773930 0.4443625 0.0267679 0.0151861
15 0.3411201 0.5615125 0.0267679 0.0151861
32 0.3368615 0.5897152 0.4927729 0.4165332
5 0.1367106 0.4443625 0.0267679 0.0151861
15 0.2048470 0.4443625 0.0267679 0.0151861
3 0.3411201 0.4443625 0.0267679 0.0151861
10 0.4092565 0.4443625 0.0267679 0.0151861
18 0.5455295 0.4443625 0.0267679 0.0151861
33 0.1367106 0.5029374 0.0632696 0.0585750
25 0.1367106 0.5029374 0.0267679 0.0151861
29 0.2048470 0.5029374 0.0267679 0.0151861
25 0.4092565 0.5029374 0.0267679 0.0151861
17 0.1367106 0.5615125 0.0267679 0.0151861
20 0.2048470 0.5615125 0.0267679 0.0151861
23 0.4092565 0.5615125 0.0267679 0.0151861
4 0.4773930 0.5615125 0.0267679 0.0151861
19 0.5455295 0.5615125 0.0267679 0.0151861
1 0.1367106 0.6200873 0.0267679 0.0151861
30 0.4092565 0.6200873 0.0267679 0.0151861
13 0.5455295 0.6200873 0.0267679 0.0151861
7 0.1367106 0.6786624 0.0267679 0.0151861
22 0.2729836 0.6786624 0.0267679 0.0151861
2 0.3411201 0.6786624 0.0267679 0.0151861
24 0.4773930 0.6786624 0.0267679 0.0151861
16 0.5455295 0.6786624 0.0267679 0.0151861
16 0.2729836 0.4443625 0.0267679 0.0151861
4 0.4773930 0.5029374 0.0267679 0.0151861
24 0.2729836 0.5029374 0.0267679 0.0151861
17 0.2729836 0.6200873 0.0267679 0.0151861
7 0.3411201 0.5029374 0.0267679 0.0151861
12 0.5455295 0.5029374 0.0267679 0.0151861
30 0.3411201 0.6200873 0.0267679 0.0151861
19 0.4773930 0.6200873 0.0267679 0.0151861
25 0.2048470 0.6200873 0.0267679 0.0151861
10 0.2048470 0.6786624 0.0267679 0.0151861
7 0.4092565 0.6786624 0.0267679 0.0151861
25 0.2729836 0.5615125 0.0267679 0.0151861
