4 0.2366428 0.6626502 0.0285315 0.0169769
7 0.5271455 0.7237669 0.0285316 0.0169769
32 0.4551683 0.6258670 0.5252393 0.4346074
11 0.2366428 0.4793002 0.0285315 0.0169769
22 0.3092684 0.4793002 0.0285315 0.0169769
6 0.3818941 0.4793002 0.0285315 0.0169769
9 0.5997712 0.4793002 0.0285315 0.0169769
19 0.3092684 0.5398510 0.0285315 0.0158451
5 0.4545198 0.5398510 0.0285315 0.0158451
30 0.5271455 0.5398510 0.0285316 0.0158451
8 0.6723969 0.5398510 0.0285315 0.0158451
24 0.3092684 0.6015335 0.0285315 0.0169769
16 0.3818941 0.6015335 0.0285315 0.0169769
28 0.4545198 0.6015335 0.0285315 0.0169769
33 0.5997712 0.6009677 0.0674381 0.0611167
31 0.5997712 0.6015335 0.0285315 0.0169769
25 0.6723969 0.6015335 0.0285315 0.0169769
2 0.3092684 0.6626502 0.0285315 0.0169769
1 0.3818941 0.6626502 0.0285315 0.0169769
21 0.4545198 0.6626502 0.0285315 0.0169769
12 0.5271455 0.6626502 0.0285316 0.0169769
14 0.6723969 0.6626502 0.0285315 0.0169769
3 0.2366428 0.7237669 0.0285315 0.0169769
17 0.3818941 0.7237669 0.0285315 0.0169769
15 0.4545198 0.7237669 0.0285315 0.0169769
7 0.5997712 0.7237669 0.0285315 0.0169769
4 0.6723969 0.7237669 0.0285315 0.0169769
27 0.2366428 0.7843177 0.0285315 0.0158451
29 0.3092684 0.7843177 0.0285315 0.0158451
20 0.3818941 0.7843177 0.0285315 0.0158451
18 0.4545198 0.7843177 0.0285315 0.0158451
10 0.6723969 0.7843177 0.0285315 0.0158451
26 0.5997712 0.7843177 0.0285315 0.0158451
1 0.5271455 0.7843177 0.0285316 0.0158451
11 0.3818941 0.5398510 0.0285315 0.0158451
5 0.5271455 0.4793002 0.0285316 0.0169769
15 0.6723969 0.4793002 0.0285315 0.0169769
10 0.3092684 0.7237669 0.0285315 0.0169769
27 0.2366428 0.6015335 0.0285315 0.0169769
26 0.5271455 0.6015335 0.0285316 0.0169769
14 0.5997712 0.6626502 0.0285315 0.0169769
20 0.5997712 0.5398510 0.0285315 0.0158451
7 0.4545198 0.4793002 0.0285315 0.0169769
25 0.2366428 0.5398510 0.0285315 0.0158451
