21 0.7005569 0.2625809 0.0270129 0.0157372
5 0.4942762 0.3238437 0.0270129 0.0168613
32 0.6324106 0.3480116 0.4972839 0.4316499
11 0.4255160 0.2024421 0.0270130 0.0168613
12 0.4942762 0.2024421 0.0270129 0.0168613
9 0.7693172 0.2024421 0.0270129 0.0168613
31 0.8380774 0.2024421 0.0270129 0.0168613
13 0.4255160 0.2625809 0.0270130 0.0157372
2 0.4942762 0.2625809 0.0270129 0.0157372
17 0.5630364 0.2625809 0.0270129 0.0157372
6 0.6317967 0.2625809 0.0270130 0.0157372
1 0.7693172 0.2625809 0.0270129 0.0157372
8 0.8380774 0.2625809 0.0270129 0.0157372
16 0.4255160 0.3238437 0.0270130 0.0168613
19 0.6317967 0.3238437 0.0270130 0.0168613
21 0.7005569 0.3238437 0.0270129 0.0168613
20 0.4255160 0.3845444 0.0270130 0.0168614
33 0.4942762 0.3839824 0.0638488 0.0607008
7 0.4942762 0.3845444 0.0270129 0.0168614
10 0.6317967 0.3845444 0.0270130 0.0168614
4 0.7005569 0.3845444 0.0270129 0.0168614
29 0.7693172 0.3845444 0.0270129 0.0168614
24 0.4255160 0.4452452 0.0270130 0.0168614
15 0.5630364 0.4452452 0.0270129 0.0168614
5 0.6317967 0.4452452 0.0270130 0.0168614
14 0.7005569 0.4452452 0.0270129 0.0168614
18 0.7693172 0.4452452 0.0270129 0.0168614
25 0.8380774 0.4452452 0.0270129 0.0168614
28 0.5630364 0.5053839 0.0270129 0.0157372
23 0.6317967 0.5053839 0.0270130 0.0157372
3 0.7005569 0.5053839 0.0270129 0.0157372
26 0.8380774 0.5053839 0.0270129 0.0157372
9 0.7005569 0.2024421 0.0270129 0.0168613
12 0.4255160 0.5053839 0.0270130 0.0157372
21 0.7693172 0.3238437 0.0270129 0.0168613
24 0.4942762 0.5053839 0.0270129 0.0157372
14 0.7693172 0.5053839 0.0270129 0.0157372
4 0.5630364 0.3238437 0.0270129 0.0168613
4 0.5630364 0.3845444 0.0270129 0.0168614
30 0.4942762 0.4452452 0.0270129 0.0168614
31 0.8380774 0.3845444 0.0270129 0.0168614
20 0.6317967 0.2024421 0.0270130 0.0168613
8 0.5630364 0.2024421 0.0270129 0.0168613
7 0.8380774 0.3238437 0.0270129 0.0168613
