24 0.5413001 0.4923991 0.0278078 0.0155992
4 0.6120837 0.4923991 0.0278078 0.0155992
32 0.5368762 0.4010327 0.5119166 0.4278623
4 0.3997331 0.2517266 0.0278078 0.0155992
21 0.4705166 0.2517266 0.0278078 0.0155992
25 0.5413001 0.2517266 0.0278078 0.0155992
1 0.6120837 0.2517266 0.0278078 0.0155992
15 0.6828672 0.2517266 0.0278078 0.0155992
16 0.7536507 0.2517266 0.0278078 0.0155992
27 0.3997331 0.3118947 0.0278078 0.0155991
23 0.6828672 0.3118947 0.0278078 0.0155991
5 0.7536507 0.3118947 0.0278078 0.0155991
8 0.4705166 0.3720629 0.0278078 0.0155991
33 0.5413001 0.3720629 0.0657275 0.0601682
7 0.5413001 0.3720629 0.0278078 0.0155991
6 0.6120837 0.3720629 0.0278078 0.0155991
19 0.7536507 0.3720629 0.0278078 0.0155991
2 0.3289495 0.4322310 0.0278078 0.0155992
24 0.3997331 0.4322310 0.0278078 0.0155992
10 0.4705166 0.4322310 0.0278078 0.0155992
18 0.5413001 0.4322310 0.0278078 0.0155992
20 0.6120837 0.4322310 0.0278078 0.0155992
13 0.7536507 0.4322310 0.0278078 0.0155992
17 0.3289495 0.4923991 0.0278078 0.0155992
14 0.4705166 0.4923991 0.0278078 0.0155992
26 0.6828672 0.4923991 0.0278078 0.0155992
22 0.3289495 0.5525672 0.0278078 0.0155992
11 0.3997331 0.5525672 0.0278078 0.0155992
31 0.4705166 0.5525672 0.0278078 0.0155992
30 0.5413001 0.5525672 0.0278078 0.0155992
29 0.6120837 0.5525672 0.0278078 0.0155992
12 0.7536507 0.5525672 0.0278078 0.0155992
22 0.6828672 0.3720629 0.0278078 0.0155991
5 0.4705166 0.3118947 0.0278078 0.0155991
5 0.3997331 0.4923991 0.0278078 0.0155992
6 0.7536507 0.4923991 0.0278078 0.0155992
29 0.6828672 0.4322310 0.0278078 0.0155992
29 0.6828672 0.5525672 0.0278078 0.0155992
7 0.3997331 0.3720629 0.0278078 0.0155991
16 0.5413001 0.3118947 0.0278078 0.0155991
11 0.3289495 0.2517266 0.0278078 0.0155992
16 0.3289495 0.3720629 0.0278078 0.0155991
9 0.3289495 0.3118947 0.0278078 0.0155991
14 0.6120837 0.3118947 0.0278078 0.0155991
