21 0.6831628 0.3373889 0.0275834 0.0159962
19 0.6129504 0.3373889 0.0275834 0.0159962
32 0.4681374 0.4904958 0.5077859 0.4387540
6 0.2618886 0.3373889 0.0275834 0.0159962
11 0.3321010 0.3373889 0.0275835 0.0159962
22 0.4023133 0.3373889 0.0275834 0.0159962
17 0.4725257 0.3373889 0.0275835 0.0159962
4 0.5427381 0.3373889 0.0275834 0.0159962
28 0.2618886 0.3990887 0.0275834 0.0159962
19 0.4023133 0.3990887 0.0275834 0.0159962
27 0.4725257 0.3990887 0.0275835 0.0159962
13 0.6129504 0.3990887 0.0275834 0.0159962
10 0.4023133 0.4607885 0.0275834 0.0159962
7 0.4725257 0.4607885 0.0275835 0.0159962
21 0.6129504 0.4607885 0.0275834 0.0159962
25 0.6831628 0.4607885 0.0275834 0.0159962
33 0.3321010 0.5224883 0.0651972 0.0616998
14 0.3321010 0.5224883 0.0275835 0.0159962
23 0.4023133 0.5224883 0.0275834 0.0159962
31 0.4725257 0.5224883 0.0275835 0.0159962
2 0.6129504 0.5224883 0.0275834 0.0159962
1 0.2618886 0.5841881 0.0275834 0.0159962
18 0.3321010 0.5841881 0.0275835 0.0159962
29 0.4023133 0.5841881 0.0275834 0.0159962
3 0.5427381 0.5841881 0.0275834 0.0159962
14 0.6831628 0.5841881 0.0275834 0.0159962
5 0.2618886 0.6458879 0.0275834 0.0159962
26 0.3321010 0.6458879 0.0275835 0.0159962
9 0.4725257 0.6458879 0.0275835 0.0159962
30 0.5427381 0.6458879 0.0275834 0.0159962
20 0.6129504 0.6458879 0.0275834 0.0159962
24 0.6831628 0.6458879 0.0275834 0.0159962
17 0.6831628 0.3990887 0.0275834 0.0159962
5 0.5427381 0.4607885 0.0275834 0.0159962
29 0.2618886 0.5224883 0.0275834 0.0159962
5 0.5427381 0.3990887 0.0275834 0.0159962
15 0.4725257 0.5841881 0.0275835 0.0159962
30 0.4023133 0.6458879 0.0275834 0.0159962
14 0.2618886 0.4607885 0.0275834 0.0159962
9 0.5427381 0.5224883 0.0275834 0.0159962
8 0.6831628 0.5224883 0.0275834 0.0159962
11 0.3321010 0.4607885 0.0275835 0.0159962
27 0.3321010 0.3990887 0.0275835 0.0159962
24 0.6129504 0.5841881 0.0275834 0.0159962
