17 0.5917197 0.3723907 0.0261546 0.0163322
15 0.5917197 0.5613780 0.0261546 0.0163322
32 0.6541342 0.4657178 0.4814831 0.4479699
22 0.5251443 0.3093949 0.0261546 0.0163322
23 0.6582952 0.3093949 0.0261546 0.0163322
11 0.4585689 0.3723907 0.0261546 0.0163322
31 0.5251443 0.3723907 0.0261546 0.0163322
10 0.6582952 0.3723907 0.0261546 0.0163322
24 0.8580215 0.3723907 0.0261546 0.0163322
25 0.5251443 0.4353865 0.0261546 0.0163323
16 0.5917197 0.4353865 0.0261546 0.0163323
13 0.7248706 0.4353865 0.0261546 0.0163323
15 0.4585689 0.4983822 0.0261546 0.0163323
17 0.5251443 0.4983822 0.0261546 0.0163323
3 0.5917197 0.4983822 0.0261546 0.0163323
30 0.6582952 0.4983822 0.0261546 0.0163323
19 0.7248706 0.4983822 0.0261546 0.0163323
27 0.7914460 0.4983822 0.0261546 0.0163323
1 0.8580215 0.4983822 0.0261546 0.0163323
33 0.4585689 0.5613780 0.0618200 0.0629957
17 0.4585689 0.5613780 0.0261546 0.0163322
14 0.5251443 0.5613780 0.0261546 0.0163322
4 0.6582952 0.5613780 0.0261546 0.0163322
21 0.7248706 0.5613780 0.0261546 0.0163322
8 0.7914460 0.5613780 0.0261546 0.0163322
29 0.8580215 0.5613780 0.0261546 0.0163322
5 0.5251443 0.6243738 0.0261546 0.0163323
28 0.5917197 0.6243738 0.0261546 0.0163323
2 0.6582952 0.6243738 0.0261546 0.0163323
18 0.7248706 0.6243738 0.0261546 0.0163323
6 0.7914460 0.6243738 0.0261546 0.0163323
20 0.8580215 0.6243738 0.0261546 0.0163323
29 0.8580215 0.4353865 0.0261546 0.0163323
7 0.6582952 0.4353865 0.0261546 0.0163323
23 0.8580215 0.3093949 0.0261546 0.0163322
19 0.4585689 0.3093949 0.0261546 0.0163322
30 0.7248706 0.3093949 0.0261546 0.0163322
21 0.7914460 0.4353865 0.0261546 0.0163323
26 0.7248706 0.3723907 0.0261546 0.0163322
15 0.5917197 0.3093949 0.0261546 0.0163322
15 0.7914460 0.3093949 0.0261546 0.0163322
21 0.4585689 0.6243738 0.0261546 0.0163323
7 0.4585689 0.4353865 0.0261546 0.0163323
21 0.7914460 0.3723907 0.0261546 0.0163322
