11 0.1725959 0.3194084 0.0278061 0.0149189
17 0.1018167 0.5495856 0.0278061 0.0149189
32 0.3097306 0.4622036 0.5118855 0.4092040
22 0.1018167 0.3194084 0.0278061 0.0149189
33 0.3141544 0.3194084 0.0657236 0.0575443
19 0.3141544 0.3194084 0.0278061 0.0149189
17 0.3849335 0.3194084 0.0278061 0.0149189
30 0.4557128 0.3194084 0.0278061 0.0149189
13 0.5264920 0.3194084 0.0278061 0.0149189
3 0.1018167 0.3769527 0.0278061 0.0149189
12 0.2433751 0.3769527 0.0278061 0.0149189
31 0.3849335 0.3769527 0.0278061 0.0149189
4 0.4557128 0.3769527 0.0278061 0.0149189
7 0.1725959 0.4344970 0.0278061 0.0149189
2 0.2433751 0.4344970 0.0278061 0.0149189
23 0.3849335 0.4344970 0.0278061 0.0149189
5 0.4557128 0.4344970 0.0278061 0.0149189
15 0.5264920 0.4344970 0.0278061 0.0149189
1 0.1725959 0.4920414 0.0278061 0.0149189
27 0.2433751 0.4920414 0.0278061 0.0149189
10 0.3849335 0.4920414 0.0278061 0.0149189
26 0.5264920 0.4920414 0.0278061 0.0149189
16 0.2433751 0.5495856 0.0278061 0.0149189
25 0.3849335 0.5495856 0.0278061 0.0149189
9 0.5264920 0.5495856 0.0278061 0.0149189
15 0.1725959 0.3769527 0.0278061 0.0149189
19 0.3141544 0.5495856 0.0278061 0.0149189
18 0.5264920 0.3769527 0.0278061 0.0149189
18 0.1725959 0.5495856 0.0278061 0.0149189
17 0.4557128 0.5495856 0.0278061 0.0149189
9 0.1018167 0.4344970 0.0278061 0.0149189
5 0.3141544 0.3769527 0.0278061 0.0149189
4 0.1018167 0.4920414 0.0278061 0.0149189
20 0.3141544 0.4344970 0.0278061 0.0149189
9 0.3141544 0.4920414 0.0278061 0.0149189
7 0.2433751 0.3194084 0.0278061 0.0149189
25 0.4557128 0.4920414 0.0278061 0.0149189
