28 0.3184047 0.3110518 0.0279671 0.0150611
5 0.6743504 0.3691447 0.0279672 0.0150611
32 0.4563336 0.3971153 0.5148501 0.4131048
1 0.2472155 0.2529590 0.0279672 0.0150611
6 0.3184047 0.2529590 0.0279671 0.0150611
21 0.3895938 0.2529590 0.0279672 0.0150611
17 0.6743504 0.2529590 0.0279672 0.0150611
5 0.2472155 0.3110518 0.0279672 0.0150611
23 0.4607830 0.3110518 0.0279671 0.0150611
22 0.5319721 0.3110518 0.0279672 0.0150611
30 0.6031613 0.3110518 0.0279671 0.0150611
16 0.6743504 0.3110518 0.0279672 0.0150611
29 0.2472155 0.3691447 0.0279672 0.0150611
31 0.3184047 0.3691447 0.0279671 0.0150611
7 0.5319721 0.3691447 0.0279672 0.0150611
12 0.6031613 0.3691447 0.0279671 0.0150611
9 0.3184047 0.4272376 0.0279671 0.0150611
26 0.3895938 0.4272376 0.0279672 0.0150611
20 0.4607830 0.4272376 0.0279671 0.0150611
15 0.5319721 0.4272376 0.0279672 0.0150611
18 0.2472155 0.4853304 0.0279672 0.0150611
3 0.4607830 0.4853304 0.0279671 0.0150611
33 0.5319721 0.4853304 0.0661042 0.0580929
13 0.5319721 0.4853304 0.0279672 0.0150611
10 0.6031613 0.4853304 0.0279671 0.0150611
19 0.6743504 0.4853304 0.0279672 0.0150611
13 0.2472155 0.5434233 0.0279672 0.0150611
4 0.3184047 0.5434233 0.0279671 0.0150611
2 0.3895938 0.5434233 0.0279672 0.0150611
11 0.4607830 0.5434233 0.0279671 0.0150611
14 0.6031613 0.5434233 0.0279671 0.0150611
24 0.6743504 0.5434233 0.0279672 0.0150611
15 0.3895938 0.3691447 0.0279672 0.0150611
8 0.3184047 0.4853304 0.0279671 0.0150611
11 0.3895938 0.4853304 0.0279672 0.0150611
8 0.4607830 0.2529590 0.0279671 0.0150611
13 0.6743504 0.4272376 0.0279672 0.0150611
4 0.2472155 0.4272376 0.0279672 0.0150611
14 0.5319721 0.5434233 0.0279672 0.0150611
25 0.6031613 0.2529590 0.0279671 0.0150611
15 0.4607830 0.3691447 0.0279671 0.0150611
11 0.6031613 0.4272376 0.0279671 0.0150611
22 0.5319721 0.2529590 0.0279672 0.0150611
8 0.3895938 0.3110518 0.0279672 0.0150611
