30 0.6764335 0.2826201 0.0272331 0.0160069
3 0.6071129 0.2826201 0.0272331 0.0160069
32 0.5334598 0.3740883 0.5013364 0.4390475
26 0.3298306 0.2208790 0.0272331 0.0160069
1 0.5377923 0.2208790 0.0272331 0.0160069
28 0.6764335 0.2208790 0.0272331 0.0160069
5 0.3298306 0.2826201 0.0272331 0.0160069
18 0.4684717 0.2826201 0.0272330 0.0160069
3 0.5377923 0.2826201 0.0272331 0.0160069
4 0.7457541 0.2826201 0.0272330 0.0160069
17 0.3298306 0.3443611 0.0272331 0.0160069
29 0.3991512 0.3443611 0.0272331 0.0160069
14 0.4684717 0.3443611 0.0272330 0.0160069
8 0.5377923 0.3443611 0.0272331 0.0160069
23 0.6071129 0.3443611 0.0272331 0.0160069
20 0.7457541 0.3443611 0.0272330 0.0160069
2 0.3991512 0.4061022 0.0272331 0.0160069
27 0.4684717 0.4061022 0.0272330 0.0160069
31 0.5377923 0.4061022 0.0272331 0.0160069
10 0.6071129 0.4061022 0.0272331 0.0160069
33 0.6764334 0.4061022 0.0643691 0.0617411
26 0.6764335 0.4061022 0.0272331 0.0160069
21 0.3298306 0.4678432 0.0272331 0.0160069
19 0.3991512 0.4678432 0.0272331 0.0160069
25 0.4684717 0.4678432 0.0272330 0.0160069
7 0.6071129 0.4678432 0.0272331 0.0160069
15 0.7457541 0.4678432 0.0272330 0.0160069
11 0.3298306 0.5295843 0.0272331 0.0160069
30 0.3991512 0.5295843 0.0272331 0.0160069
24 0.5377923 0.5295843 0.0272331 0.0160069
22 0.6071129 0.5295843 0.0272331 0.0160069
13 0.6764335 0.5295843 0.0272331 0.0160069
24 0.3991512 0.2826201 0.0272331 0.0160069
28 0.7457541 0.5295843 0.0272330 0.0160069
20 0.4684717 0.2208790 0.0272330 0.0160069
16 0.6071129 0.2208790 0.0272331 0.0160069
5 0.3991512 0.2208790 0.0272331 0.0160069
28 0.5377923 0.4678432 0.0272331 0.0160069
2 0.6764335 0.4678432 0.0272331 0.0160069
3 0.4684717 0.5295843 0.0272330 0.0160069
16 0.3298306 0.4061022 0.0272331 0.0160069
13 0.7457541 0.4061022 0.0272330 0.0160069
20 0.7457541 0.2208790 0.0272330 0.0160069
5 0.6764335 0.3443611 0.0272331 0.0160069
