2 0.4732890 0.7133436 0.0262245 0.0148787
1 0.4732890 0.5985649 0.0262245 0.0148787
32 0.2688573 0.6261968 0.4827687 0.4081022
24 0.0727698 0.4837862 0.0262245 0.0148787
25 0.2062762 0.4837862 0.0262245 0.0148787
12 0.2730294 0.4837862 0.0262245 0.0148787
1 0.3397826 0.4837862 0.0262245 0.0148787
2 0.4065358 0.4837862 0.0262244 0.0148787
11 0.0727698 0.5411755 0.0262245 0.0148787
3 0.2730294 0.5411755 0.0262245 0.0148787
20 0.3397826 0.5411755 0.0262245 0.0148787
30 0.4732890 0.5411755 0.0262245 0.0148787
14 0.0727698 0.5985649 0.0262245 0.0148787
18 0.1395230 0.5985649 0.0262245 0.0148787
15 0.2062762 0.5985649 0.0262245 0.0148787
23 0.3397826 0.5985649 0.0262245 0.0148787
6 0.4065358 0.5985649 0.0262244 0.0148787
29 0.0727698 0.6559543 0.0262245 0.0148787
33 0.1395230 0.6559543 0.0619851 0.0573895
1 0.1395230 0.6559543 0.0262245 0.0148787
7 0.2062762 0.6559543 0.0262245 0.0148787
5 0.2730294 0.6559543 0.0262245 0.0148787
28 0.4732890 0.6559543 0.0262245 0.0148787
21 0.0727698 0.7133436 0.0262245 0.0148787
17 0.1395230 0.7133436 0.0262245 0.0148787
8 0.2062762 0.7133436 0.0262245 0.0148787
13 0.3397826 0.7133436 0.0262245 0.0148787
10 0.0727698 0.7707330 0.0262245 0.0148787
9 0.2062762 0.7707330 0.0262245 0.0148787
27 0.2730294 0.7707330 0.0262245 0.0148787
16 0.3397826 0.7707330 0.0262245 0.0148787
26 0.4732890 0.7707330 0.0262245 0.0148787
15 0.4065358 0.5411755 0.0262244 0.0148787
13 0.4065358 0.7133436 0.0262244 0.0148787
5 0.2062762 0.5411755 0.0262245 0.0148787
25 0.4065358 0.7707330 0.0262244 0.0148787
4 0.4732890 0.4837862 0.0262245 0.0148787
21 0.3397826 0.6559543 0.0262245 0.0148787
18 0.2730294 0.5985649 0.0262245 0.0148787
26 0.1395230 0.7707330 0.0262245 0.0148787
16 0.1395230 0.5411755 0.0262245 0.0148787
5 0.1395230 0.4837862 0.0262245 0.0148787
25 0.4065358 0.6559543 0.0262244 0.0148787
23 0.2730294 0.7133436 0.0262245 0.0148787
