17 0.5280441 0.7169405 0.0283881 0.0152408
15 0.5280441 0.5405824 0.0283881 0.0152408
32 0.3790066 0.6276728 0.5225993 0.4180338
6 0.1667409 0.4817964 0.0283881 0.0152408
1 0.2390016 0.4817964 0.0283881 0.0152408
3 0.5280441 0.4817964 0.0283881 0.0152408
29 0.6003048 0.4817964 0.0283881 0.0152408
31 0.2390016 0.5405824 0.0283881 0.0152408
2 0.3112622 0.5405824 0.0283881 0.0152408
22 0.3835228 0.5405824 0.0283881 0.0152408
26 0.6003048 0.5405824 0.0283881 0.0152408
28 0.1667409 0.5993685 0.0283881 0.0152408
18 0.2390016 0.5993685 0.0283881 0.0152408
5 0.4557835 0.5993685 0.0283881 0.0152408
12 0.1667409 0.6581544 0.0283881 0.0152408
20 0.2390016 0.6581544 0.0283881 0.0152408
33 0.3112622 0.6581544 0.0670992 0.0587860
28 0.3112622 0.6581544 0.0283881 0.0152408
7 0.3835228 0.6581544 0.0283881 0.0152408
15 0.4557835 0.6581544 0.0283881 0.0152408
27 0.6003048 0.6581544 0.0283881 0.0152408
24 0.1667409 0.7169405 0.0283881 0.0152408
8 0.2390016 0.7169405 0.0283881 0.0152408
23 0.3835228 0.7169405 0.0283881 0.0152408
9 0.4557835 0.7169405 0.0283881 0.0152408
31 0.4557835 0.4817964 0.0283881 0.0152408
25 0.3112622 0.7169405 0.0283881 0.0152408
16 0.3835228 0.4817964 0.0283881 0.0152408
7 0.5280441 0.6581544 0.0283881 0.0152408
4 0.6003048 0.7169405 0.0283881 0.0152408
30 0.6003048 0.5993685 0.0283881 0.0152408
15 0.5280441 0.5993685 0.0283881 0.0152408
26 0.4557835 0.5405824 0.0283881 0.0152408
2 0.3112622 0.4817964 0.0283881 0.0152408
7 0.3835228 0.5993685 0.0283881 0.0152408
23 0.1667409 0.5405824 0.0283881 0.0152408
13 0.3112622 0.5993685 0.0283881 0.0152408
