28 0.5654486 0.3262302 0.0281735 0.0161897
3 0.3503056 0.5010797 0.0281735 0.0161898
32 0.4226602 0.4660019 0.5186485 0.4144581
12 0.2068769 0.3262302 0.0281735 0.0161897
20 0.2785912 0.3262302 0.0281735 0.0161897
7 0.3503056 0.3262302 0.0281735 0.0161897
9 0.4937343 0.3262302 0.0281735 0.0161897
21 0.6371630 0.3262302 0.0281734 0.0161897
29 0.2068769 0.3839737 0.0281735 0.0151105
13 0.2785912 0.3839737 0.0281735 0.0151105
3 0.3503056 0.3839737 0.0281735 0.0151105
4 0.4937343 0.3839737 0.0281735 0.0151105
16 0.2068769 0.4427966 0.0281735 0.0161898
30 0.2785912 0.4427966 0.0281735 0.0161898
18 0.3503056 0.4427966 0.0281735 0.0161898
28 0.4220200 0.4427966 0.0281735 0.0161898
5 0.4937343 0.4427966 0.0281735 0.0161898
11 0.5654486 0.4427966 0.0281735 0.0161898
33 0.6371630 0.4422569 0.0665919 0.0582831
25 0.6371630 0.4427966 0.0281734 0.0161898
24 0.2785912 0.5010797 0.0281735 0.0161898
17 0.4220200 0.5010797 0.0281735 0.0161898
19 0.4937343 0.5010797 0.0281735 0.0161898
10 0.6371630 0.5010797 0.0281734 0.0161898
31 0.2068769 0.5593629 0.0281735 0.0161897
25 0.2785912 0.5593629 0.0281735 0.0161897
2 0.4937343 0.5593629 0.0281735 0.0161897
22 0.2068769 0.6171064 0.0281735 0.0151105
8 0.3503056 0.6171064 0.0281735 0.0151105
1 0.4937343 0.6171064 0.0281735 0.0151105
15 0.5654486 0.6171064 0.0281735 0.0151105
23 0.6371630 0.6171064 0.0281734 0.0151105
7 0.6371630 0.3839737 0.0281734 0.0151105
13 0.5654486 0.5010797 0.0281735 0.0161898
27 0.4220200 0.3262302 0.0281735 0.0161897
4 0.3503056 0.5593629 0.0281735 0.0161897
1 0.5654486 0.5593629 0.0281735 0.0161897
12 0.5654486 0.3839737 0.0281735 0.0151105
10 0.2068769 0.5010797 0.0281735 0.0161898
16 0.4220200 0.5593629 0.0281735 0.0161897
23 0.4220200 0.3839737 0.0281735 0.0151105
29 0.2785912 0.6171064 0.0281735 0.0151105
28 0.4220200 0.6171064 0.0281735 0.0151105
15 0.6371630 0.5593629 0.0281734 0.0161897
