2 0.7174599 0.5590843 0.0285985 0.0154698
31 0.7902560 0.3204078 0.0285985 0.0154698
32 0.5673179 0.4684757 0.5264719 0.4243139
19 0.5718676 0.3204078 0.0285985 0.0154698
28 0.6446638 0.3204078 0.0285985 0.0154698
5 0.7174599 0.3204078 0.0285985 0.0154698
10 0.4262754 0.3800769 0.0285985 0.0154698
3 0.4990715 0.3800769 0.0285985 0.0154698
33 0.5718676 0.3800769 0.0675964 0.0596691
9 0.5718676 0.3800769 0.0285985 0.0154698
15 0.6446638 0.3800769 0.0285985 0.0154698
14 0.3534793 0.4397461 0.0285985 0.0154698
30 0.5718676 0.4397461 0.0285985 0.0154698
18 0.6446638 0.4397461 0.0285985 0.0154698
29 0.7902560 0.4397461 0.0285985 0.0154698
31 0.4262754 0.4994152 0.0285985 0.0154698
24 0.4990715 0.4994152 0.0285985 0.0154698
17 0.6446638 0.4994152 0.0285985 0.0154698
7 0.7174599 0.4994152 0.0285985 0.0154698
6 0.7902560 0.4994152 0.0285985 0.0154698
16 0.3534793 0.5590843 0.0285985 0.0154698
2 0.4262754 0.5590843 0.0285985 0.0154698
25 0.4990715 0.5590843 0.0285985 0.0154698
27 0.5718676 0.5590843 0.0285985 0.0154698
9 0.6446638 0.5590843 0.0285985 0.0154698
17 0.7174599 0.4397461 0.0285985 0.0154698
15 0.5718676 0.4994152 0.0285985 0.0154698
22 0.4262754 0.3204078 0.0285985 0.0154698
14 0.7902560 0.3800769 0.0285985 0.0154698
10 0.3534793 0.4994152 0.0285985 0.0154698
3 0.3534793 0.3204078 0.0285985 0.0154698
19 0.3534793 0.3800769 0.0285985 0.0154698
17 0.4990715 0.4397461 0.0285985 0.0154698
21 0.4262754 0.4397461 0.0285985 0.0154698
13 0.7174599 0.3800769 0.0285985 0.0154698
25 0.4990715 0.3204078 0.0285985 0.0154698
7 0.7902560 0.5590843 0.0285985 0.0154698
