24 0.3317324 0.5947707 0.0277699 0.0156631
4 0.6144809 0.6551858 0.0277699 0.0156631
32 0.3980016 0.6238594 0.5112191 0.4296176
3 0.2610453 0.4739408 0.0277699 0.0156631
25 0.3317324 0.4739408 0.0277699 0.0156631
33 0.4024195 0.4739408 0.0656380 0.0604150
1 0.4024195 0.4739408 0.0277699 0.0156631
6 0.4731067 0.4739408 0.0277699 0.0156631
28 0.6144809 0.4739408 0.0277699 0.0156631
17 0.1903583 0.5343557 0.0277699 0.0156631
24 0.2610453 0.5343557 0.0277699 0.0156631
21 0.3317324 0.5343557 0.0277699 0.0156631
5 0.4731067 0.5343557 0.0277699 0.0156631
23 0.6144809 0.5343557 0.0277699 0.0156631
13 0.1903583 0.5947707 0.0277699 0.0156631
22 0.2610453 0.5947707 0.0277699 0.0156631
7 0.4024195 0.5947707 0.0277699 0.0156631
18 0.4731067 0.5947707 0.0277699 0.0156631
27 0.6144809 0.5947707 0.0277699 0.0156631
10 0.1903583 0.6551858 0.0277699 0.0156631
16 0.2610453 0.6551858 0.0277699 0.0156631
4 0.4024195 0.6551858 0.0277699 0.0156631
12 0.5437938 0.6551858 0.0277699 0.0156631
1 0.3317324 0.7156007 0.0277699 0.0156631
8 0.4024195 0.7156007 0.0277699 0.0156631
14 0.4731067 0.7156007 0.0277699 0.0156631
15 0.1903583 0.7760157 0.0277699 0.0156631
26 0.3317324 0.7760157 0.0277699 0.0156631
31 0.4024195 0.7760157 0.0277699 0.0156631
9 0.4731067 0.7760157 0.0277699 0.0156631
19 0.5437938 0.7760157 0.0277699 0.0156631
11 0.6144809 0.7760157 0.0277699 0.0156631
13 0.4024195 0.5343557 0.0277699 0.0156631
17 0.1903583 0.7156007 0.0277699 0.0156631
24 0.5437938 0.5343557 0.0277699 0.0156631
3 0.5437938 0.5947707 0.0277699 0.0156631
20 0.2610453 0.7760157 0.0277699 0.0156631
3 0.1903583 0.4739408 0.0277699 0.0156631
6 0.4731067 0.6551858 0.0277699 0.0156631
28 0.3317324 0.6551858 0.0277699 0.0156631
25 0.6144809 0.7156007 0.0277699 0.0156631
3 0.5437938 0.7156007 0.0277699 0.0156631
23 0.5437938 0.4739408 0.0277699 0.0156631
30 0.2610453 0.7156007 0.0277699 0.0156631
