15 0.4207864 0.4804453 0.0283747 0.0161080
15 0.2763337 0.7910992 0.0283747 0.0161080
32 0.4162723 0.6346216 0.5223514 0.4418189
8 0.2041073 0.4804453 0.0283747 0.0161080
7 0.2763337 0.4804453 0.0283747 0.0161080
21 0.3485600 0.4804453 0.0283746 0.0161080
17 0.4930128 0.4804453 0.0283746 0.0161080
10 0.5652391 0.4804453 0.0283746 0.0161080
26 0.3485600 0.5425761 0.0283746 0.0161080
22 0.4207864 0.5425761 0.0283747 0.0161080
11 0.4930128 0.5425761 0.0283746 0.0161080
31 0.5652391 0.5425761 0.0283746 0.0161080
19 0.2041073 0.6047068 0.0283747 0.0161080
14 0.2763337 0.6047068 0.0283747 0.0161080
4 0.3485600 0.6047068 0.0283746 0.0161080
33 0.4207864 0.6047069 0.0670673 0.0621308
10 0.4207864 0.6047068 0.0283747 0.0161080
9 0.4930128 0.6047068 0.0283746 0.0161080
20 0.6374655 0.6047068 0.0283746 0.0161080
24 0.2041073 0.6668376 0.0283747 0.0161080
29 0.2763337 0.6668376 0.0283747 0.0161080
30 0.4207864 0.6668376 0.0283747 0.0161080
28 0.4930128 0.6668376 0.0283746 0.0161080
5 0.5652391 0.6668376 0.0283746 0.0161080
18 0.2041073 0.7289684 0.0283747 0.0161080
16 0.2763337 0.7289684 0.0283747 0.0161080
27 0.4930128 0.7289684 0.0283746 0.0161080
6 0.5652391 0.7289684 0.0283746 0.0161080
1 0.2041073 0.7910992 0.0283747 0.0161080
12 0.4930128 0.7910992 0.0283746 0.0161080
3 0.5652391 0.7910992 0.0283746 0.0161080
25 0.6374655 0.7910992 0.0283746 0.0161080
20 0.3485600 0.7289684 0.0283746 0.0161080
18 0.2763337 0.5425761 0.0283747 0.0161080
2 0.4207864 0.7289684 0.0283747 0.0161080
30 0.4207864 0.7910992 0.0283747 0.0161080
25 0.6374655 0.5425761 0.0283746 0.0161080
16 0.6374655 0.7289684 0.0283746 0.0161080
17 0.6374655 0.4804453 0.0283746 0.0161080
17 0.6374655 0.6668376 0.0283746 0.0161080
24 0.2041073 0.5425761 0.0283747 0.0161080
2 0.3485600 0.7910992 0.0283746 0.0161080
12 0.3485600 0.6668376 0.0283746 0.0161080
17 0.5652391 0.6047068 0.0283746 0.0161080
