20 0.4051172 0.3222073 0.0279382 0.0169619
11 0.3340018 0.2605792 0.0279382 0.0158311
32 0.2635213 0.3465193 0.5143168 0.4342238
5 0.1206555 0.2000819 0.0279382 0.0169619
19 0.1917710 0.2000819 0.0279382 0.0169619
10 0.4051172 0.2000819 0.0279382 0.0169619
20 0.0495401 0.2605792 0.0279382 0.0158311
31 0.1917710 0.2605792 0.0279382 0.0158311
8 0.2628864 0.2605792 0.0279382 0.0158311
25 0.4051172 0.2605792 0.0279382 0.0158311
22 0.4762326 0.2605792 0.0279382 0.0158311
21 0.0495401 0.3222073 0.0279382 0.0169619
33 0.1206555 0.3216419 0.0660357 0.0610628
8 0.1206555 0.3222073 0.0279382 0.0169619
30 0.2628864 0.3222073 0.0279382 0.0169619
26 0.3340018 0.3222073 0.0279382 0.0169619
3 0.1206555 0.3832701 0.0279382 0.0169619
4 0.1917710 0.3832701 0.0279382 0.0169619
14 0.2628864 0.3832701 0.0279382 0.0169619
29 0.3340018 0.3832701 0.0279382 0.0169619
28 0.4762326 0.3832701 0.0279382 0.0169619
1 0.0495401 0.4443328 0.0279382 0.0169619
6 0.1206555 0.4443328 0.0279382 0.0169619
7 0.2628864 0.4443328 0.0279382 0.0169619
24 0.4762326 0.4443328 0.0279382 0.0169619
26 0.3340018 0.2000819 0.0279382 0.0169619
14 0.0495401 0.3832701 0.0279382 0.0169619
17 0.4762326 0.2000819 0.0279382 0.0169619
8 0.4051172 0.4443328 0.0279382 0.0169619
23 0.1206555 0.2605792 0.0279382 0.0158311
3 0.2628864 0.2000819 0.0279382 0.0169619
30 0.4762326 0.3222073 0.0279382 0.0169619
17 0.1917710 0.3222073 0.0279382 0.0169619
5 0.3340018 0.4443328 0.0279382 0.0169619
28 0.1917710 0.4443328 0.0279382 0.0169619
3 0.0495401 0.2000819 0.0279382 0.0169619
14 0.4051172 0.3832701 0.0279382 0.0169619
