25 0.1711081 0.7008418 0.0269147 0.0160801
30 0.3081285 0.4527497 0.0269147 0.0160800
32 0.3038466 0.6066587 0.4954756 0.4410526
17 0.1025979 0.4527497 0.0269147 0.0160800
28 0.1711081 0.4527497 0.0269147 0.0160800
3 0.5136591 0.4527497 0.0269147 0.0160800
8 0.1025979 0.5147727 0.0269147 0.0160801
10 0.1711081 0.5147727 0.0269147 0.0160801
21 0.2396183 0.5147727 0.0269147 0.0160801
14 0.3081285 0.5147727 0.0269147 0.0160801
13 0.3766387 0.5147727 0.0269147 0.0160801
18 0.4451489 0.5147727 0.0269147 0.0160801
33 0.5136591 0.5147727 0.0636166 0.0620230
5 0.5136591 0.5147727 0.0269147 0.0160801
12 0.1711081 0.5767957 0.0269147 0.0160801
1 0.3081285 0.5767957 0.0269147 0.0160801
30 0.3766387 0.5767957 0.0269147 0.0160801
20 0.5136591 0.5767957 0.0269147 0.0160801
16 0.1711081 0.6388188 0.0269147 0.0160801
19 0.2396183 0.6388188 0.0269147 0.0160801
31 0.3081285 0.6388188 0.0269147 0.0160801
4 0.3766387 0.6388188 0.0269147 0.0160801
29 0.4451489 0.6388188 0.0269147 0.0160801
2 0.3766387 0.7008418 0.0269147 0.0160801
26 0.4451489 0.7008418 0.0269147 0.0160801
20 0.2396183 0.7008418 0.0269147 0.0160801
22 0.5136591 0.6388188 0.0269147 0.0160801
16 0.2396183 0.4527497 0.0269147 0.0160800
28 0.3766387 0.4527497 0.0269147 0.0160800
9 0.4451489 0.5767957 0.0269147 0.0160801
22 0.4451489 0.4527497 0.0269147 0.0160800
23 0.5136591 0.7008418 0.0269147 0.0160801
6 0.3081285 0.7008418 0.0269147 0.0160801
16 0.1025979 0.6388188 0.0269147 0.0160801
10 0.1025979 0.7008418 0.0269147 0.0160801
9 0.1025979 0.5767957 0.0269147 0.0160801
13 0.2396183 0.5767957 0.0269147 0.0160801
