28 0.4656133 0.2696391 0.0277691 0.0155474
2 0.3242437 0.5095129 0.0277690 0.0155474
32 0.3198259 0.3584812 0.5112025 0.4264423
21 0.1121894 0.2096706 0.0277690 0.0155474
29 0.2535590 0.2096706 0.0277690 0.0155474
24 0.3949285 0.2096706 0.0277690 0.0155474
5 0.5362981 0.2096706 0.0277690 0.0155474
19 0.1121894 0.2696391 0.0277690 0.0155474
18 0.1828742 0.2696391 0.0277691 0.0155474
16 0.2535590 0.2696391 0.0277690 0.0155474
13 0.3242437 0.2696391 0.0277690 0.0155474
10 0.3949285 0.2696391 0.0277690 0.0155474
14 0.5362981 0.2696391 0.0277690 0.0155474
4 0.1121894 0.3296075 0.0277690 0.0155474
8 0.1828742 0.3296075 0.0277691 0.0155474
7 0.2535590 0.3296075 0.0277690 0.0155474
2 0.3242437 0.3296075 0.0277690 0.0155474
22 0.3949285 0.3296075 0.0277690 0.0155474
6 0.4656133 0.3296075 0.0277691 0.0155474
26 0.5362981 0.3296075 0.0277690 0.0155474
25 0.1828742 0.3895760 0.0277691 0.0155474
12 0.3949285 0.3895760 0.0277690 0.0155474
23 0.1828742 0.4495445 0.0277691 0.0155474
30 0.2535590 0.4495445 0.0277690 0.0155474
11 0.3949285 0.4495445 0.0277690 0.0155474
20 0.4656133 0.4495445 0.0277691 0.0155474
33 0.5362981 0.4495444 0.0656359 0.0599685
3 0.5362981 0.4495445 0.0277690 0.0155474
15 0.1121894 0.5095129 0.0277690 0.0155474
1 0.2535590 0.5095129 0.0277690 0.0155474
27 0.4656133 0.5095129 0.0277691 0.0155474
31 0.5362981 0.5095129 0.0277690 0.0155474
21 0.4656133 0.3895760 0.0277691 0.0155474
9 0.2535590 0.3895760 0.0277690 0.0155474
4 0.1121894 0.3895760 0.0277690 0.0155474
9 0.3242437 0.3895760 0.0277690 0.0155474
5 0.4656133 0.2096706 0.0277691 0.0155474
13 0.1121894 0.4495445 0.0277690 0.0155474
14 0.3242437 0.2096706 0.0277690 0.0155474
25 0.3949285 0.5095129 0.0277690 0.0155474
20 0.1828742 0.2096706 0.0277691 0.0155474
4 0.3242437 0.4495445 0.0277690 0.0155474
11 0.1828742 0.5095129 0.0277691 0.0155474
21 0.5362981 0.3895760 0.0277690 0.0155474
