25 0.7700721 0.5455528 0.0277649 0.0162756
30 0.4873745 0.5455528 0.0277650 0.0162756
32 0.5536317 0.6385559 0.5111274 0.4464147
7 0.4167001 0.4827757 0.0277649 0.0162756
12 0.6287233 0.4827757 0.0277649 0.0162756
15 0.6993977 0.4827757 0.0277650 0.0162756
16 0.3460257 0.5455528 0.0277650 0.0162756
8 0.5580489 0.5455528 0.0277649 0.0162756
2 0.6287233 0.5455528 0.0277649 0.0162756
22 0.3460257 0.6083299 0.0277650 0.0162755
26 0.5580489 0.6083299 0.0277649 0.0162755
4 0.6993977 0.6083299 0.0277650 0.0162755
29 0.3460257 0.6711069 0.0277650 0.0162756
28 0.4873745 0.6711069 0.0277650 0.0162756
25 0.6287233 0.6711069 0.0277649 0.0162756
24 0.6993977 0.6711069 0.0277650 0.0162756
10 0.7700721 0.6711069 0.0277649 0.0162756
5 0.3460257 0.7338840 0.0277650 0.0162755
33 0.4167001 0.7338840 0.0656262 0.0627771
29 0.4167001 0.7338840 0.0277649 0.0162755
9 0.4873745 0.7338840 0.0277650 0.0162755
17 0.5580489 0.7338840 0.0277649 0.0162755
6 0.6287233 0.7338840 0.0277649 0.0162755
19 0.6993977 0.7338840 0.0277650 0.0162755
18 0.7700721 0.7338840 0.0277649 0.0162755
3 0.4167001 0.6711069 0.0277649 0.0162756
1 0.6993977 0.5455528 0.0277650 0.0162756
28 0.4167001 0.5455528 0.0277649 0.0162756
5 0.4873745 0.6083299 0.0277650 0.0162755
28 0.4873745 0.4827757 0.0277650 0.0162756
21 0.3460257 0.4827757 0.0277650 0.0162756
2 0.7700721 0.6083299 0.0277649 0.0162755
3 0.4167001 0.6083299 0.0277649 0.0162755
27 0.6287233 0.6083299 0.0277649 0.0162755
27 0.5580489 0.6711069 0.0277649 0.0162756
5 0.5580489 0.4827757 0.0277649 0.0162756
17 0.7700721 0.4827757 0.0277649 0.0162756
