5 0.3101358 0.4446984 0.0285337 0.0147802
16 0.1648735 0.4446984 0.0285337 0.0147802
32 0.3782275 0.4721473 0.5252788 0.4053993
14 0.2375047 0.3306798 0.0285337 0.0147802
21 0.3101358 0.3306798 0.0285337 0.0147802
25 0.3827670 0.3306798 0.0285336 0.0147802
16 0.5280293 0.3306798 0.0285337 0.0147802
27 0.6006604 0.3306798 0.0285337 0.0147802
1 0.1648735 0.3876891 0.0285337 0.0147802
2 0.2375047 0.3876891 0.0285337 0.0147802
9 0.3101358 0.3876891 0.0285337 0.0147802
29 0.3827670 0.3876891 0.0285336 0.0147802
31 0.4553981 0.3876891 0.0285336 0.0147802
10 0.5280293 0.3876891 0.0285337 0.0147802
33 0.2375047 0.4446984 0.0674432 0.0570092
30 0.2375047 0.4446984 0.0285337 0.0147802
19 0.3827670 0.4446984 0.0285336 0.0147802
18 0.4553981 0.4446984 0.0285336 0.0147802
15 0.5280293 0.4446984 0.0285337 0.0147802
30 0.2375047 0.5017077 0.0285337 0.0147802
20 0.3827670 0.5017077 0.0285336 0.0147802
12 0.4553981 0.5017077 0.0285336 0.0147802
5 0.5280293 0.5017077 0.0285337 0.0147802
4 0.1648735 0.5587169 0.0285337 0.0147802
23 0.2375047 0.5587169 0.0285337 0.0147802
3 0.3827670 0.5587169 0.0285336 0.0147802
28 0.4553981 0.5587169 0.0285336 0.0147802
26 0.5280293 0.5587169 0.0285337 0.0147802
17 0.6006604 0.5587169 0.0285337 0.0147802
24 0.2375047 0.6157262 0.0285337 0.0147802
11 0.3101358 0.6157262 0.0285337 0.0147802
7 0.3827670 0.6157262 0.0285336 0.0147802
21 0.6006604 0.4446984 0.0285337 0.0147802
26 0.6006604 0.5017077 0.0285337 0.0147802
7 0.1648735 0.3306798 0.0285337 0.0147802
3 0.6006604 0.3876891 0.0285337 0.0147802
24 0.6006604 0.6157262 0.0285337 0.0147802
30 0.4553981 0.3306798 0.0285336 0.0147802
10 0.1648735 0.5017077 0.0285337 0.0147802
19 0.4553981 0.6157262 0.0285336 0.0147802
30 0.3101358 0.5587169 0.0285337 0.0147802
23 0.3101358 0.5017077 0.0285337 0.0147802
13 0.5280293 0.6157262 0.0285337 0.0147802
14 0.1648735 0.6157262 0.0285337 0.0147802
