14 0.5464321 0.5911206 0.0263720 0.0157901
27 0.2779177 0.5911206 0.0263720 0.0157901
32 0.4079794 0.4986359 0.4854838 0.4330991
30 0.3450463 0.3475023 0.0263720 0.0157901
20 0.4121749 0.3475023 0.0263719 0.0157901
33 0.4793035 0.3475023 0.0623337 0.0609045
31 0.4793035 0.3475023 0.0263720 0.0157901
31 0.5464321 0.3475023 0.0263720 0.0157901
26 0.6135607 0.3475023 0.0263720 0.0157901
11 0.2107891 0.4084069 0.0263719 0.0157901
12 0.4121749 0.4084069 0.0263719 0.0157901
7 0.4793035 0.4084069 0.0263720 0.0157901
25 0.5464321 0.4084069 0.0263720 0.0157901
27 0.6135607 0.4084069 0.0263720 0.0157901
6 0.2107891 0.4693115 0.0263719 0.0157901
14 0.4121749 0.4693115 0.0263719 0.0157901
4 0.5464321 0.4693115 0.0263720 0.0157901
2 0.6135607 0.4693115 0.0263720 0.0157901
24 0.2107891 0.5302160 0.0263719 0.0157901
5 0.2779177 0.5302160 0.0263720 0.0157901
9 0.3450463 0.5302160 0.0263720 0.0157901
18 0.4121749 0.5302160 0.0263719 0.0157901
16 0.4793035 0.5302160 0.0263720 0.0157901
1 0.5464321 0.5302160 0.0263720 0.0157901
15 0.2107891 0.5911206 0.0263719 0.0157901
19 0.3450463 0.5911206 0.0263720 0.0157901
22 0.4121749 0.5911206 0.0263719 0.0157901
17 0.4793035 0.5911206 0.0263720 0.0157901
23 0.2107891 0.6520251 0.0263719 0.0157901
29 0.3450463 0.6520251 0.0263720 0.0157901
3 0.5464321 0.6520251 0.0263720 0.0157901
18 0.2779177 0.6520251 0.0263720 0.0157901
29 0.2779177 0.4084069 0.0263720 0.0157901
31 0.3450463 0.4084069 0.0263720 0.0157901
27 0.6135607 0.6520251 0.0263720 0.0157901
20 0.6135607 0.5911206 0.0263720 0.0157901
21 0.4793035 0.6520251 0.0263720 0.0157901
20 0.6135607 0.5302160 0.0263720 0.0157901
24 0.4793035 0.4693115 0.0263720 0.0157901
11 0.2779177 0.3475023 0.0263720 0.0157901
17 0.2779177 0.4693115 0.0263720 0.0157901
10 0.2107891 0.3475023 0.0263719 0.0157901
1 0.4121749 0.6520251 0.0263719 0.0157901
6 0.3450463 0.4693115 0.0263720 0.0157901
