16 0.7468266 0.6686940 0.0264454 0.0169148
19 0.6795111 0.4251211 0.0264454 0.0169148
32 0.5454812 0.5711520 0.4868352 0.4330184
1 0.3429337 0.4251211 0.0264454 0.0169148
17 0.5448802 0.4251211 0.0264454 0.0169148
29 0.6121957 0.4251211 0.0264454 0.0169148
11 0.7468266 0.4251211 0.0264454 0.0169148
2 0.3429337 0.4854505 0.0264454 0.0157872
21 0.4102492 0.4854505 0.0264454 0.0157872
14 0.5448802 0.4854505 0.0264454 0.0157872
7 0.6121957 0.4854505 0.0264454 0.0157872
13 0.7468266 0.4854505 0.0264454 0.0157872
16 0.4102492 0.5469075 0.0264454 0.0169148
30 0.5448802 0.5469075 0.0264454 0.0169148
9 0.6121957 0.5469075 0.0264454 0.0169148
26 0.6795111 0.5469075 0.0264454 0.0169148
33 0.7468266 0.5463437 0.0625072 0.0608932
12 0.7468266 0.5469075 0.0264454 0.0169148
28 0.3429337 0.6078007 0.0264454 0.0169148
3 0.4102492 0.6078007 0.0264454 0.0169148
20 0.5448802 0.6078007 0.0264454 0.0169148
10 0.6121957 0.6078007 0.0264454 0.0169148
6 0.6795111 0.6078007 0.0264454 0.0169148
31 0.7468266 0.6078007 0.0264454 0.0169148
24 0.4102492 0.6686940 0.0264454 0.0169148
25 0.4775647 0.6686940 0.0264454 0.0169148
27 0.5448802 0.6686940 0.0264454 0.0169148
12 0.3429337 0.7290233 0.0264454 0.0157872
22 0.5448802 0.7290233 0.0264454 0.0157872
8 0.6121957 0.7290233 0.0264454 0.0157872
19 0.7468266 0.7290233 0.0264454 0.0157872
16 0.4102492 0.7290233 0.0264454 0.0157872
7 0.3429337 0.6686940 0.0264454 0.0169148
27 0.3429337 0.5469075 0.0264454 0.0169148
18 0.4775647 0.7290233 0.0264454 0.0157872
25 0.4775647 0.4251211 0.0264454 0.0169148
18 0.4775647 0.4854505 0.0264454 0.0157872
9 0.4775647 0.6078007 0.0264454 0.0169148
22 0.6795111 0.7290233 0.0264454 0.0157872
12 0.4775647 0.5469075 0.0264454 0.0169148
15 0.6121957 0.6686940 0.0264454 0.0169148
18 0.6795111 0.4854505 0.0264454 0.0157872
13 0.4102492 0.4251211 0.0264454 0.0169148
11 0.6795111 0.6686940 0.0264454 0.0169148
