1 0.2835443 0.5665756 0.0287008 0.0159071
15 0.7218835 0.5052200 0.0287007 0.0159070
32 0.4981479 0.5961171 0.5283552 0.4363062
25 0.2835443 0.4438644 0.0287008 0.0159070
13 0.3566008 0.4438644 0.0287008 0.0159070
6 0.5027139 0.4438644 0.0287008 0.0159070
5 0.5757704 0.4438644 0.0287008 0.0159070
4 0.6488269 0.4438644 0.0287008 0.0159070
26 0.7218835 0.4438644 0.0287007 0.0159070
18 0.4296574 0.5052200 0.0287008 0.0159070
9 0.5027139 0.5052200 0.0287008 0.0159070
27 0.6488269 0.5052200 0.0287008 0.0159070
7 0.3566008 0.5665756 0.0287008 0.0159071
15 0.4296574 0.5665756 0.0287008 0.0159071
29 0.5757704 0.5665756 0.0287008 0.0159071
17 0.6488269 0.5665756 0.0287008 0.0159071
11 0.2835443 0.6279311 0.0287008 0.0159070
3 0.4296574 0.6279311 0.0287008 0.0159070
33 0.5027139 0.6279311 0.0678382 0.0613555
12 0.5027139 0.6279311 0.0287008 0.0159070
30 0.6488269 0.6279311 0.0287008 0.0159070
1 0.2835443 0.6892867 0.0287008 0.0159070
10 0.3566008 0.6892867 0.0287008 0.0159070
12 0.4296574 0.6892867 0.0287008 0.0159070
23 0.6488269 0.6892867 0.0287008 0.0159070
22 0.2835443 0.7506422 0.0287008 0.0159071
21 0.3566008 0.7506422 0.0287008 0.0159071
24 0.4296574 0.7506422 0.0287008 0.0159071
31 0.5027139 0.7506422 0.0287008 0.0159071
8 0.5757704 0.7506422 0.0287008 0.0159071
19 0.6488269 0.7506422 0.0287008 0.0159071
5 0.5757704 0.5052200 0.0287008 0.0159070
31 0.4296574 0.4438644 0.0287008 0.0159070
25 0.7218835 0.7506422 0.0287007 0.0159071
12 0.7218835 0.6892867 0.0287007 0.0159070
17 0.5757704 0.6279311 0.0287008 0.0159070
15 0.5027139 0.6892867 0.0287008 0.0159070
26 0.3566008 0.6279311 0.0287008 0.0159070
27 0.3566008 0.5052200 0.0287008 0.0159070
19 0.2835443 0.5052200 0.0287008 0.0159070
20 0.7218835 0.5665756 0.0287007 0.0159071
18 0.7218835 0.6279311 0.0287007 0.0159070
27 0.5757704 0.6892867 0.0287008 0.0159070
15 0.5027139 0.5665756 0.0287008 0.0159071
