7 0.5083380 0.6282425 0.0273512 0.0159925
29 0.5779591 0.6282425 0.0273512 0.0159925
32 0.4343655 0.5345723 0.5035102 0.4386509
15 0.2994745 0.3815014 0.0273512 0.0159925
11 0.3690956 0.3815014 0.0273512 0.0159925
25 0.5083380 0.3815014 0.0273512 0.0159925
23 0.5779591 0.3815014 0.0273512 0.0159925
30 0.6475803 0.3815014 0.0273512 0.0159925
28 0.3690956 0.4431866 0.0273512 0.0159924
4 0.4387168 0.4431866 0.0273512 0.0159924
10 0.5083380 0.4431866 0.0273512 0.0159924
13 0.5779591 0.4431866 0.0273512 0.0159924
14 0.6475803 0.4431866 0.0273512 0.0159924
16 0.2298533 0.5048719 0.0273512 0.0159925
5 0.5083380 0.5048719 0.0273512 0.0159925
33 0.5779591 0.5048719 0.0646483 0.0616853
19 0.5779591 0.5048719 0.0273512 0.0159925
31 0.2298533 0.5665572 0.0273512 0.0159924
12 0.2994745 0.5665572 0.0273512 0.0159924
29 0.3690956 0.5665572 0.0273512 0.0159924
24 0.5083380 0.5665572 0.0273512 0.0159924
18 0.5779591 0.5665572 0.0273512 0.0159924
1 0.6475803 0.5665572 0.0273512 0.0159924
20 0.3690956 0.6282425 0.0273512 0.0159925
28 0.2994745 0.5048719 0.0273512 0.0159925
29 0.4387168 0.5048719 0.0273512 0.0159925
3 0.3690956 0.5048719 0.0273512 0.0159925
20 0.4387168 0.3815014 0.0273512 0.0159925
29 0.2994745 0.6282425 0.0273512 0.0159925
10 0.2298533 0.6282425 0.0273512 0.0159925
29 0.6475803 0.6282425 0.0273512 0.0159925
4 0.2994745 0.4431866 0.0273512 0.0159924
17 0.4387168 0.6282425 0.0273512 0.0159925
4 0.2298533 0.4431866 0.0273512 0.0159924
24 0.4387168 0.5665572 0.0273512 0.0159924
31 0.6475803 0.5048719 0.0273512 0.0159925
26 0.2298533 0.3815014 0.0273512 0.0159925
