28 0.4982436 0.4818501 0.0284948 0.0155959
26 0.3531789 0.4818501 0.0284949 0.0155959
32 0.4211780 0.6311254 0.5245642 0.4277737
8 0.2806466 0.4818501 0.0284948 0.0155959
6 0.2081143 0.5420058 0.0284948 0.0155959
4 0.2806466 0.5420058 0.0284948 0.0155959
14 0.4257113 0.5420058 0.0284948 0.0155959
30 0.5707759 0.5420058 0.0284949 0.0155959
9 0.2081143 0.6021615 0.0284948 0.0155958
11 0.3531789 0.6021615 0.0284949 0.0155958
24 0.4257113 0.6021615 0.0284948 0.0155958
18 0.4982436 0.6021615 0.0284948 0.0155958
27 0.5707759 0.6021615 0.0284949 0.0155958
12 0.6433083 0.6021615 0.0284949 0.0155958
3 0.2081143 0.6623172 0.0284948 0.0155960
28 0.3531789 0.6623172 0.0284949 0.0155960
25 0.4257113 0.6623172 0.0284948 0.0155960
5 0.5707759 0.6623172 0.0284949 0.0155960
2 0.2081143 0.7224729 0.0284948 0.0155960
20 0.2806466 0.7224729 0.0284948 0.0155960
29 0.3531789 0.7224729 0.0284949 0.0155960
33 0.5707759 0.7224729 0.0673515 0.0601557
19 0.5707759 0.7224729 0.0284949 0.0155960
19 0.6433083 0.7224729 0.0284949 0.0155960
19 0.6433083 0.6623172 0.0284949 0.0155960
13 0.6433083 0.5420058 0.0284949 0.0155959
25 0.6433083 0.4818501 0.0284949 0.0155959
26 0.4982436 0.6623172 0.0284948 0.0155960
25 0.2081143 0.4818501 0.0284948 0.0155959
23 0.4982436 0.5420058 0.0284948 0.0155959
26 0.4257113 0.7224729 0.0284948 0.0155960
19 0.5707759 0.4818501 0.0284949 0.0155959
21 0.4982436 0.7224729 0.0284948 0.0155960
3 0.4257113 0.4818501 0.0284948 0.0155959
30 0.2806466 0.6021615 0.0284948 0.0155958
1 0.2806466 0.6623172 0.0284948 0.0155960
1 0.3531789 0.5420058 0.0284949 0.0155959
