14 0.3326915 0.5210111 0.0268862 0.0157537
10 0.5380048 0.6425400 0.0268863 0.0157537
32 0.3284142 0.5502681 0.4949514 0.4321026
8 0.1273783 0.3994823 0.0268862 0.0157538
24 0.2642538 0.3994823 0.0268863 0.0157538
19 0.3326915 0.3994823 0.0268862 0.0157538
29 0.4695670 0.3994823 0.0268863 0.0157538
30 0.5380048 0.3994823 0.0268863 0.0157538
23 0.1273783 0.4602467 0.0268862 0.0157538
6 0.1958161 0.4602467 0.0268862 0.0157538
33 0.2642538 0.4602467 0.0635493 0.0607644
4 0.2642538 0.4602467 0.0268863 0.0157538
26 0.5380048 0.4602467 0.0268863 0.0157538
17 0.4011293 0.5210111 0.0268863 0.0157537
1 0.4695670 0.5210111 0.0268863 0.0157537
27 0.1273783 0.5817756 0.0268862 0.0157537
14 0.1958161 0.5817756 0.0268862 0.0157537
20 0.3326915 0.5817756 0.0268862 0.0157537
16 0.4011293 0.5817756 0.0268863 0.0157537
22 0.4695670 0.5817756 0.0268863 0.0157537
12 0.1273783 0.6425400 0.0268862 0.0157537
18 0.1958161 0.6425400 0.0268862 0.0157537
3 0.2642538 0.6425400 0.0268863 0.0157537
11 0.3326915 0.6425400 0.0268862 0.0157537
22 0.1273783 0.5210111 0.0268862 0.0157537
24 0.1958161 0.5210111 0.0268862 0.0157537
8 0.5380048 0.5210111 0.0268863 0.0157537
14 0.4011293 0.4602467 0.0268863 0.0157538
22 0.2642538 0.5817756 0.0268863 0.0157537
24 0.4695670 0.4602467 0.0268863 0.0157538
24 0.1958161 0.3994823 0.0268862 0.0157538
4 0.5380048 0.5817756 0.0268863 0.0157537
24 0.4695670 0.6425400 0.0268863 0.0157537
25 0.3326915 0.4602467 0.0268862 0.0157538
19 0.2642538 0.5210111 0.0268863 0.0157537
15 0.4011293 0.6425400 0.0268863 0.0157537
15 0.4011293 0.3994823 0.0268863 0.0157538
