14 0.5609193 0.5076743 0.0283502 0.0164468
1 0.8495756 0.3892576 0.0283501 0.0164467
32 0.6337277 0.5312480 0.5219008 0.4210370
25 0.4165912 0.3892576 0.0283501 0.0164467
33 0.4887553 0.3887094 0.0670095 0.0592083
16 0.4887553 0.3892576 0.0283502 0.0164467
15 0.5609193 0.3892576 0.0283502 0.0164467
12 0.6330834 0.3892576 0.0283501 0.0164467
3 0.7774115 0.3892576 0.0283502 0.0164467
10 0.4165912 0.4479178 0.0283501 0.0153503
30 0.4887553 0.4479178 0.0283502 0.0153503
6 0.7052475 0.4479178 0.0283501 0.0153503
23 0.8495756 0.4479178 0.0283501 0.0153503
9 0.4887553 0.5076743 0.0283502 0.0164468
27 0.6330834 0.5076743 0.0283501 0.0164468
24 0.7052475 0.5076743 0.0283501 0.0164468
8 0.7774115 0.5076743 0.0283502 0.0164468
11 0.8495756 0.5076743 0.0283501 0.0164468
5 0.4165912 0.5668826 0.0283501 0.0164467
22 0.5609193 0.5668826 0.0283502 0.0164467
7 0.6330834 0.5668826 0.0283501 0.0164467
14 0.7052475 0.5668826 0.0283501 0.0164467
29 0.4165912 0.6260909 0.0283501 0.0164467
21 0.5609193 0.6260909 0.0283502 0.0164467
13 0.8495756 0.6260909 0.0283501 0.0164467
18 0.4165912 0.6847510 0.0283501 0.0153503
19 0.4887553 0.6847510 0.0283502 0.0153503
16 0.6330834 0.6847510 0.0283501 0.0153503
4 0.7052475 0.6847510 0.0283501 0.0153503
2 0.7774115 0.6847510 0.0283502 0.0153503
1 0.8495756 0.6847510 0.0283501 0.0153503
15 0.7774115 0.6260909 0.0283502 0.0164467
28 0.5609193 0.6847510 0.0283502 0.0153503
14 0.7052475 0.3892576 0.0283501 0.0164467
5 0.5609193 0.4479178 0.0283502 0.0153503
18 0.8495756 0.5668826 0.0283501 0.0164467
14 0.4887553 0.6260909 0.0283502 0.0164467
30 0.4165912 0.5076743 0.0283501 0.0164468
27 0.6330834 0.6260909 0.0283501 0.0164467
19 0.7052475 0.6260909 0.0283501 0.0164467
14 0.6330834 0.4479178 0.0283501 0.0153503
30 0.7774115 0.4479178 0.0283502 0.0153503
27 0.7774115 0.5668826 0.0283502 0.0164467
3 0.4887553 0.5668826 0.0283502 0.0164467
