19 0.7029581 0.2707771 0.0276352 0.0170333
5 0.4919259 0.4547363 0.0276352 0.0170333
32 0.5628981 0.4178309 0.5087384 0.4360516
19 0.3512378 0.2707771 0.0276352 0.0170333
31 0.6326141 0.2707771 0.0276352 0.0170333
3 0.7733022 0.2707771 0.0276351 0.0170333
17 0.3512378 0.3315291 0.0276352 0.0158978
29 0.5622700 0.3315291 0.0276352 0.0158978
14 0.6326141 0.3315291 0.0276352 0.0158978
7 0.7733022 0.3315291 0.0276351 0.0158978
6 0.3512378 0.3934166 0.0276352 0.0170333
30 0.4919259 0.3934166 0.0276352 0.0170333
15 0.5622700 0.3934166 0.0276352 0.0170333
33 0.6326141 0.3928488 0.0653195 0.0613198
7 0.6326141 0.3934166 0.0276352 0.0170333
28 0.5622700 0.4547363 0.0276352 0.0170333
26 0.7029581 0.4547363 0.0276352 0.0170333
21 0.7733022 0.4547363 0.0276351 0.0170333
4 0.3512378 0.5160561 0.0276352 0.0170333
24 0.4215818 0.5160561 0.0276352 0.0170333
1 0.4919259 0.5160561 0.0276352 0.0170333
10 0.5622700 0.5160561 0.0276352 0.0170333
16 0.6326141 0.5160561 0.0276352 0.0170333
13 0.7029581 0.5160561 0.0276352 0.0170333
3 0.7029581 0.3934166 0.0276352 0.0170333
3 0.7733022 0.3934166 0.0276351 0.0170333
5 0.7733022 0.5160561 0.0276351 0.0170333
26 0.6326141 0.4547363 0.0276352 0.0170333
5 0.7029581 0.3315291 0.0276352 0.0158978
13 0.4215818 0.4547363 0.0276352 0.0170333
16 0.5622700 0.2707771 0.0276352 0.0170333
16 0.4215818 0.2707771 0.0276352 0.0170333
4 0.4215818 0.3934166 0.0276352 0.0170333
22 0.3512378 0.4547363 0.0276352 0.0170333
1 0.4919259 0.2707771 0.0276352 0.0170333
5 0.4919259 0.3315291 0.0276352 0.0158978
28 0.4215818 0.3315291 0.0276352 0.0158978
