27 0.6376517 0.4209978 0.0276923 0.0161512
20 0.5671623 0.6078901 0.0276923 0.0161512
32 0.6332461 0.4509928 0.5097892 0.4430040
9 0.4261836 0.2964029 0.0276923 0.0161512
24 0.4966730 0.2964029 0.0276922 0.0161512
5 0.5671623 0.2964029 0.0276923 0.0161512
21 0.6376517 0.2964029 0.0276923 0.0161512
31 0.7081410 0.2964029 0.0276923 0.0161512
17 0.7786304 0.2964029 0.0276923 0.0161512
15 0.8491197 0.2964029 0.0276923 0.0161512
6 0.4261836 0.3587004 0.0276923 0.0161512
4 0.5671623 0.3587004 0.0276923 0.0161512
28 0.7786304 0.3587004 0.0276923 0.0161512
16 0.8491197 0.3587004 0.0276923 0.0161512
1 0.4261836 0.4209978 0.0276923 0.0161512
2 0.4966730 0.4209978 0.0276922 0.0161512
11 0.8491197 0.4209978 0.0276923 0.0161512
8 0.4261836 0.4832952 0.0276923 0.0161512
27 0.4966730 0.4832952 0.0276922 0.0161512
18 0.5671623 0.4832952 0.0276923 0.0161512
30 0.6376517 0.4832952 0.0276923 0.0161512
20 0.7786304 0.4832952 0.0276923 0.0161512
3 0.4966730 0.5455926 0.0276922 0.0161512
10 0.5671623 0.5455926 0.0276923 0.0161512
14 0.6376517 0.5455926 0.0276923 0.0161512
13 0.8491197 0.5455926 0.0276923 0.0161512
33 0.4261836 0.6078901 0.0654544 0.0622974
8 0.4261836 0.6078901 0.0276923 0.0161512
25 0.4966730 0.6078901 0.0276922 0.0161512
19 0.7081410 0.6078901 0.0276923 0.0161512
26 0.7786304 0.6078901 0.0276923 0.0161512
9 0.8491197 0.6078901 0.0276923 0.0161512
4 0.8491197 0.4832952 0.0276923 0.0161512
10 0.4966730 0.3587004 0.0276922 0.0161512
30 0.5671623 0.4209978 0.0276923 0.0161512
7 0.7081410 0.3587004 0.0276923 0.0161512
16 0.6376517 0.3587004 0.0276923 0.0161512
6 0.6376517 0.6078901 0.0276923 0.0161512
24 0.7786304 0.5455926 0.0276923 0.0161512
31 0.7786304 0.4209978 0.0276923 0.0161512
23 0.4261836 0.5455926 0.0276923 0.0161512
1 0.7081410 0.4209978 0.0276923 0.0161512
28 0.7081410 0.5455926 0.0276923 0.0161512
30 0.7081410 0.4832952 0.0276923 0.0161512
