14 0.5998943 0.3422689 0.0278519 0.0151437
19 0.5998943 0.2254462 0.0278519 0.0151437
32 0.3827764 0.3703929 0.5127275 0.4153696
15 0.1745204 0.2254462 0.0278519 0.0151437
6 0.3163117 0.2254462 0.0278519 0.0151437
26 0.3872073 0.2254462 0.0278518 0.0151437
9 0.4581030 0.2254462 0.0278519 0.0151437
3 0.5289986 0.2254462 0.0278518 0.0151437
30 0.1745204 0.2838576 0.0278519 0.0151437
14 0.2454161 0.2838576 0.0278519 0.0151437
25 0.3163117 0.2838576 0.0278519 0.0151437
22 0.1745204 0.3422689 0.0278519 0.0151437
17 0.2454161 0.3422689 0.0278519 0.0151437
12 0.3163117 0.3422689 0.0278519 0.0151437
29 0.5289986 0.3422689 0.0278518 0.0151437
8 0.1745204 0.4006803 0.0278519 0.0151436
4 0.3163117 0.4006803 0.0278519 0.0151436
11 0.4581030 0.4006803 0.0278519 0.0151436
5 0.5289986 0.4006803 0.0278518 0.0151436
16 0.5998943 0.4006803 0.0278519 0.0151436
13 0.1745204 0.4590916 0.0278519 0.0151437
7 0.3872073 0.4590916 0.0278518 0.0151437
33 0.4581030 0.4590916 0.0658317 0.0584113
5 0.4581030 0.4590916 0.0278519 0.0151437
16 0.5289986 0.4590916 0.0278518 0.0151437
19 0.5998943 0.2838576 0.0278519 0.0151437
20 0.3872073 0.3422689 0.0278518 0.0151437
27 0.4581030 0.3422689 0.0278519 0.0151437
2 0.5289986 0.2838576 0.0278518 0.0151437
18 0.3872073 0.4006803 0.0278518 0.0151436
24 0.4581030 0.2838576 0.0278519 0.0151437
29 0.2454161 0.4006803 0.0278519 0.0151436
20 0.3872073 0.2838576 0.0278518 0.0151437
24 0.2454161 0.2254462 0.0278519 0.0151437
6 0.2454161 0.4590916 0.0278519 0.0151437
13 0.3163117 0.4590916 0.0278519 0.0151437
7 0.5998943 0.4590916 0.0278519 0.0151437
