16 0.8610717 0.5749922 0.0274776 0.0161257
6 0.8610717 0.6371910 0.0274776 0.0161256
32 0.6468714 0.6049398 0.5058376 0.4423026
18 0.4414140 0.4505946 0.0274776 0.0161256
4 0.5113569 0.4505946 0.0274776 0.0161256
20 0.7211858 0.4505946 0.0274776 0.0161256
31 0.7911288 0.4505946 0.0274776 0.0161256
6 0.8610717 0.4505946 0.0274776 0.0161256
30 0.5113569 0.5127934 0.0274776 0.0161257
8 0.6512428 0.5127934 0.0274776 0.0161257
24 0.8610717 0.5127934 0.0274776 0.0161257
15 0.4414140 0.5749922 0.0274776 0.0161257
12 0.5113569 0.5749922 0.0274776 0.0161257
33 0.7211858 0.5749922 0.0649471 0.0621988
9 0.7211858 0.5749922 0.0274776 0.0161257
25 0.4414140 0.6371910 0.0274776 0.0161256
5 0.5113569 0.6371910 0.0274776 0.0161256
1 0.7211858 0.6371910 0.0274776 0.0161256
19 0.7911288 0.6371910 0.0274776 0.0161256
29 0.5113569 0.6993899 0.0274776 0.0161256
28 0.5812999 0.6993899 0.0274776 0.0161256
22 0.6512428 0.6993899 0.0274776 0.0161256
11 0.7911288 0.6993899 0.0274776 0.0161256
23 0.8610717 0.6993899 0.0274776 0.0161256
20 0.7911288 0.5749922 0.0274776 0.0161257
4 0.5812999 0.4505946 0.0274776 0.0161256
29 0.7211858 0.5127934 0.0274776 0.0161257
18 0.4414140 0.5127934 0.0274776 0.0161257
1 0.5812999 0.6371910 0.0274776 0.0161256
1 0.5812999 0.5127934 0.0274776 0.0161257
7 0.7911288 0.5127934 0.0274776 0.0161257
4 0.5812999 0.5749922 0.0274776 0.0161257
21 0.6512428 0.4505946 0.0274776 0.0161256
18 0.6512428 0.5749922 0.0274776 0.0161257
21 0.6512428 0.6371910 0.0274776 0.0161256
21 0.4414140 0.6993899 0.0274776 0.0161256
25 0.7211858 0.6993899 0.0274776 0.0161256
