6 0.3230989 0.3644387 0.0267707 0.0158414
21 0.5275297 0.5477459 0.0267707 0.0158413
32 0.5232707 0.5160632 0.4928242 0.4345061
22 0.5956733 0.3644387 0.0267707 0.0158414
28 0.3230989 0.4255410 0.0267707 0.0158414
9 0.3912425 0.4255410 0.0267707 0.0158414
16 0.7319605 0.4255410 0.0267706 0.0158414
4 0.3230989 0.4866435 0.0267707 0.0158413
5 0.3912425 0.4866435 0.0267707 0.0158413
31 0.4593861 0.4866435 0.0267707 0.0158413
30 0.5275297 0.4866435 0.0267707 0.0158413
33 0.5956733 0.4866435 0.0632762 0.0611024
19 0.5956733 0.4866435 0.0267707 0.0158413
23 0.6638170 0.4866435 0.0267707 0.0158413
20 0.3912425 0.5477459 0.0267707 0.0158413
21 0.4593861 0.5477459 0.0267707 0.0158413
3 0.5956733 0.5477459 0.0267707 0.0158413
14 0.6638170 0.5477459 0.0267707 0.0158413
15 0.7319605 0.5477459 0.0267706 0.0158413
10 0.3230989 0.6088483 0.0267707 0.0158414
26 0.3912425 0.6088483 0.0267707 0.0158414
25 0.4593861 0.6088483 0.0267707 0.0158414
1 0.5275297 0.6088483 0.0267707 0.0158414
6 0.7319605 0.6088483 0.0267706 0.0158414
7 0.7319605 0.3644387 0.0267706 0.0158414
6 0.6638170 0.3644387 0.0267707 0.0158414
23 0.4593861 0.3644387 0.0267707 0.0158414
14 0.5275297 0.3644387 0.0267707 0.0158414
30 0.5956733 0.6088483 0.0267707 0.0158414
26 0.6638170 0.6088483 0.0267707 0.0158414
3 0.3230989 0.5477459 0.0267707 0.0158413
30 0.5956733 0.4255410 0.0267707 0.0158414
20 0.4593861 0.4255410 0.0267707 0.0158414
6 0.3912425 0.3644387 0.0267707 0.0158414
24 0.7319605 0.4866435 0.0267706 0.0158413
7 0.5275297 0.4255410 0.0267707 0.0158414
24 0.6638170 0.4255410 0.0267707 0.0158414
