19 0.8166289 0.3443017 0.0278419 0.0158151
20 0.8166289 0.4663041 0.0278419 0.0158152
32 0.5995889 0.4956750 0.5125431 0.4337862
10 0.3914079 0.3443017 0.0278418 0.0158151
8 0.5331482 0.3443017 0.0278419 0.0158151
13 0.6040183 0.3443017 0.0278418 0.0158151
27 0.7457587 0.3443017 0.0278418 0.0158151
21 0.3914079 0.4053029 0.0278418 0.0158151
33 0.5331482 0.4053029 0.0658080 0.0610012
13 0.5331482 0.4053029 0.0278419 0.0158151
22 0.6040183 0.4053029 0.0278418 0.0158151
31 0.6748885 0.4053029 0.0278419 0.0158151
26 0.8166289 0.4053029 0.0278419 0.0158151
28 0.3914079 0.4663041 0.0278418 0.0158152
2 0.4622780 0.4663041 0.0278418 0.0158152
16 0.6040183 0.4663041 0.0278418 0.0158152
29 0.6748885 0.4663041 0.0278419 0.0158152
18 0.4622780 0.5273052 0.0278418 0.0158152
17 0.5331482 0.5273052 0.0278419 0.0158152
30 0.6040183 0.5273052 0.0278418 0.0158152
12 0.7457587 0.5273052 0.0278418 0.0158152
25 0.8166289 0.5273052 0.0278419 0.0158152
20 0.3914079 0.5883064 0.0278418 0.0158152
24 0.5331482 0.5883064 0.0278419 0.0158152
9 0.6040183 0.5883064 0.0278418 0.0158152
19 0.7457587 0.5883064 0.0278418 0.0158152
11 0.8166289 0.5883064 0.0278419 0.0158152
5 0.3914079 0.6493076 0.0278418 0.0158152
3 0.5331482 0.6493076 0.0278419 0.0158152
7 0.6748885 0.6493076 0.0278419 0.0158152
1 0.8166289 0.6493076 0.0278419 0.0158152
6 0.6748885 0.3443017 0.0278419 0.0158151
27 0.3914079 0.5273052 0.0278418 0.0158152
17 0.4622780 0.4053029 0.0278418 0.0158151
25 0.4622780 0.3443017 0.0278418 0.0158151
7 0.7457587 0.6493076 0.0278418 0.0158152
18 0.6748885 0.5273052 0.0278419 0.0158152
7 0.7457587 0.4053029 0.0278418 0.0158151
16 0.5331482 0.4663041 0.0278419 0.0158152
23 0.7457587 0.4663041 0.0278418 0.0158152
20 0.6040183 0.6493076 0.0278418 0.0158152
23 0.6748885 0.5883064 0.0278419 0.0158152
13 0.4622780 0.6493076 0.0278418 0.0158152
3 0.4622780 0.5883064 0.0278418 0.0158152
