13 0.0926815 0.6611957 0.0277795 0.0158398
27 0.4462385 0.7222921 0.0277795 0.0158398
32 0.3003962 0.6295161 0.5113950 0.4344633
15 0.2341043 0.4779066 0.0277795 0.0158398
28 0.3755271 0.4779066 0.0277795 0.0158398
25 0.0926815 0.5390030 0.0277795 0.0158398
4 0.1633929 0.5390030 0.0277795 0.0158398
23 0.2341043 0.5390030 0.0277795 0.0158398
30 0.3048157 0.5390030 0.0277795 0.0158398
18 0.3755271 0.5390030 0.0277795 0.0158398
29 0.0926815 0.6000993 0.0277795 0.0158398
20 0.1633929 0.6000993 0.0277795 0.0158398
16 0.2341043 0.6000993 0.0277795 0.0158398
9 0.3048157 0.6000993 0.0277795 0.0158398
2 0.3755271 0.6000993 0.0277795 0.0158398
14 0.5169499 0.6000993 0.0277795 0.0158398
3 0.2341043 0.6611957 0.0277795 0.0158398
24 0.3048157 0.6611957 0.0277795 0.0158398
33 0.3755271 0.6611957 0.0656606 0.0610965
14 0.3755271 0.6611957 0.0277795 0.0158398
1 0.4462385 0.6611957 0.0277795 0.0158398
31 0.0926815 0.7222921 0.0277795 0.0158398
19 0.1633929 0.7222921 0.0277795 0.0158398
5 0.3755271 0.7222921 0.0277795 0.0158398
25 0.4462385 0.5390030 0.0277795 0.0158398
16 0.5169499 0.4779066 0.0277795 0.0158398
2 0.4462385 0.4779066 0.0277795 0.0158398
24 0.1633929 0.4779066 0.0277795 0.0158398
29 0.3048157 0.7222921 0.0277795 0.0158398
17 0.4462385 0.6000993 0.0277795 0.0158398
10 0.1633929 0.6611957 0.0277795 0.0158398
11 0.5169499 0.7222921 0.0277795 0.0158398
11 0.5169499 0.6611957 0.0277795 0.0158398
1 0.0926815 0.4779066 0.0277795 0.0158398
3 0.3048157 0.4779066 0.0277795 0.0158398
19 0.2341043 0.7222921 0.0277795 0.0158398
18 0.5169499 0.5390030 0.0277795 0.0158398
