20 0.0870477 0.6821661 0.0268048 0.0147921
27 0.4282000 0.6821661 0.0268048 0.0147921
32 0.2874747 0.5955264 0.4934525 0.4057275
16 0.0870477 0.4539444 0.0268048 0.0147922
11 0.1552782 0.4539444 0.0268048 0.0147922
12 0.2235086 0.4539444 0.0268048 0.0147922
23 0.2917391 0.4539444 0.0268048 0.0147922
17 0.4282000 0.4539444 0.0268048 0.0147922
19 0.2235086 0.5109998 0.0268048 0.0147922
18 0.4964305 0.5109998 0.0268048 0.0147922
31 0.0870477 0.5680553 0.0268048 0.0147921
8 0.1552782 0.5680553 0.0268048 0.0147921
33 0.2235086 0.5680553 0.0633569 0.0570554
27 0.2235086 0.5680553 0.0268048 0.0147921
2 0.2917391 0.5680553 0.0268048 0.0147921
24 0.4282000 0.5680553 0.0268048 0.0147921
29 0.4964305 0.5680553 0.0268048 0.0147921
5 0.0870477 0.6251107 0.0268048 0.0147921
20 0.2235086 0.6251107 0.0268048 0.0147921
3 0.3599696 0.6251107 0.0268048 0.0147921
10 0.4282000 0.6251107 0.0268048 0.0147921
13 0.4964305 0.6251107 0.0268048 0.0147921
15 0.2235086 0.6821661 0.0268048 0.0147921
14 0.2917391 0.6821661 0.0268048 0.0147921
1 0.3599696 0.6821661 0.0268048 0.0147921
7 0.4964305 0.6821661 0.0268048 0.0147921
26 0.0870477 0.7392216 0.0268048 0.0147921
22 0.1552782 0.7392216 0.0268048 0.0147921
4 0.2235086 0.7392216 0.0268048 0.0147921
9 0.2917391 0.7392216 0.0268048 0.0147921
21 0.4964305 0.7392216 0.0268048 0.0147921
7 0.1552782 0.6251107 0.0268048 0.0147921
26 0.2917391 0.5109998 0.0268048 0.0147922
31 0.3599696 0.7392216 0.0268048 0.0147921
6 0.4282000 0.5109998 0.0268048 0.0147922
14 0.0870477 0.5109998 0.0268048 0.0147922
22 0.4964305 0.4539444 0.0268048 0.0147922
3 0.2917391 0.6251107 0.0268048 0.0147921
5 0.3599696 0.5680553 0.0268048 0.0147921
24 0.3599696 0.5109998 0.0268048 0.0147922
15 0.4282000 0.7392216 0.0268048 0.0147921
24 0.1552782 0.6821661 0.0268048 0.0147921
22 0.3599696 0.4539444 0.0268048 0.0147922
10 0.1552782 0.5109998 0.0268048 0.0147922
