19 0.5296378 0.2645328 0.0261282 0.0153835
21 0.4631296 0.3832056 0.0261282 0.0153835
32 0.3924646 0.4117750 0.4809972 0.4219476
31 0.1970966 0.2645328 0.0261282 0.0153835
9 0.3301131 0.2645328 0.0261282 0.0153835
33 0.3966213 0.2645329 0.0617577 0.0593364
23 0.3966213 0.2645328 0.0261282 0.0153835
16 0.4631296 0.2645328 0.0261282 0.0153835
15 0.5961461 0.2645328 0.0261282 0.0153835
8 0.1970966 0.3238692 0.0261282 0.0153835
20 0.2636048 0.3238692 0.0261282 0.0153835
1 0.3301131 0.3238692 0.0261282 0.0153835
26 0.5296378 0.3238692 0.0261282 0.0153835
4 0.1970966 0.3832056 0.0261282 0.0153835
17 0.3966213 0.3832056 0.0261282 0.0153835
2 0.5296378 0.3832056 0.0261282 0.0153835
27 0.5961461 0.3832056 0.0261282 0.0153835
29 0.2636048 0.4425420 0.0261282 0.0153835
12 0.3301131 0.4425420 0.0261282 0.0153835
23 0.3966213 0.4425420 0.0261282 0.0153835
21 0.4631296 0.4425420 0.0261282 0.0153835
14 0.5296378 0.4425420 0.0261282 0.0153835
19 0.2636048 0.5018784 0.0261282 0.0153835
25 0.3966213 0.5018784 0.0261282 0.0153835
30 0.4631296 0.5018784 0.0261282 0.0153835
6 0.5296378 0.5018784 0.0261282 0.0153835
18 0.1970966 0.5612148 0.0261282 0.0153835
7 0.2636048 0.5612148 0.0261282 0.0153835
11 0.3966213 0.5612148 0.0261282 0.0153835
13 0.4631296 0.5612148 0.0261282 0.0153835
3 0.5961461 0.5612148 0.0261282 0.0153835
9 0.5961461 0.3238692 0.0261282 0.0153835
22 0.5296378 0.5612148 0.0261282 0.0153835
7 0.1970966 0.4425420 0.0261282 0.0153835
10 0.5961461 0.5018784 0.0261282 0.0153835
15 0.4631296 0.3238692 0.0261282 0.0153835
22 0.5961461 0.4425420 0.0261282 0.0153835
13 0.3301131 0.5018784 0.0261282 0.0153835
22 0.3301131 0.5612148 0.0261282 0.0153835
15 0.2636048 0.3832056 0.0261282 0.0153835
12 0.2636048 0.2645328 0.0261282 0.0153835
10 0.3966213 0.3238692 0.0261282 0.0153835
25 0.3301131 0.3832056 0.0261282 0.0153835
4 0.1970966 0.5018784 0.0261282 0.0153835
