4 0.4745983 0.3773344 0.0261714 0.0149849
1 0.4079802 0.4929322 0.0261714 0.0149849
32 0.4038165 0.5207613 0.4817917 0.4110143
9 0.2081258 0.3773344 0.0261714 0.0149849
30 0.2747440 0.3773344 0.0261714 0.0149849
1 0.3413621 0.3773344 0.0261714 0.0149849
18 0.4079802 0.3773344 0.0261714 0.0149849
33 0.6078345 0.3773344 0.0618597 0.0577989
7 0.6078345 0.3773344 0.0261714 0.0149849
16 0.2081258 0.4351333 0.0261714 0.0149849
17 0.2747440 0.4351333 0.0261714 0.0149849
29 0.3413621 0.4351333 0.0261714 0.0149849
12 0.4079802 0.4351333 0.0261714 0.0149849
20 0.4745983 0.4351333 0.0261714 0.0149849
6 0.6078345 0.4351333 0.0261714 0.0149849
31 0.2081258 0.4929322 0.0261714 0.0149849
15 0.2747440 0.4929322 0.0261714 0.0149849
22 0.4745983 0.4929322 0.0261714 0.0149849
14 0.2081258 0.5507311 0.0261714 0.0149849
10 0.2747440 0.5507311 0.0261714 0.0149849
2 0.3413621 0.5507311 0.0261714 0.0149849
4 0.4079802 0.5507311 0.0261714 0.0149849
8 0.5412164 0.5507311 0.0261714 0.0149849
24 0.2747440 0.6085300 0.0261714 0.0149849
27 0.4745983 0.6085300 0.0261714 0.0149849
19 0.5412164 0.6085300 0.0261714 0.0149849
21 0.2081258 0.6663288 0.0261714 0.0149849
28 0.2747440 0.6663288 0.0261714 0.0149849
25 0.3413621 0.6663288 0.0261714 0.0149849
11 0.4745983 0.6663288 0.0261714 0.0149849
5 0.5412164 0.6663288 0.0261714 0.0149849
5 0.5412164 0.4351333 0.0261714 0.0149849
20 0.4079802 0.6663288 0.0261714 0.0149849
31 0.4745983 0.5507311 0.0261714 0.0149849
20 0.4079802 0.6085300 0.0261714 0.0149849
15 0.6078345 0.6663288 0.0261714 0.0149849
26 0.5412164 0.3773344 0.0261714 0.0149849
2 0.6078345 0.4929322 0.0261714 0.0149849
20 0.6078345 0.5507311 0.0261714 0.0149849
18 0.6078345 0.6085300 0.0261714 0.0149849
2 0.3413621 0.4929322 0.0261714 0.0149849
7 0.5412164 0.4929322 0.0261714 0.0149849
2 0.3413621 0.6085300 0.0261714 0.0149849
29 0.2081258 0.6085300 0.0261714 0.0149849
