12 0.6795267 0.4383047 0.0285220 0.0153798
20 0.3891216 0.4976269 0.0285219 0.0153798
32 0.6023878 0.3482229 0.5250628 0.4218465
33 0.4617228 0.2010161 0.0674155 0.0593222
31 0.4617228 0.2010161 0.0285219 0.0153798
6 0.5343241 0.2010161 0.0285220 0.0153798
18 0.6069254 0.2010161 0.0285219 0.0153798
14 0.6795267 0.2010161 0.0285220 0.0153798
31 0.7521279 0.2010161 0.0285219 0.0153798
2 0.8247292 0.2010161 0.0285220 0.0153798
16 0.3891216 0.2603383 0.0285219 0.0153798
24 0.4617228 0.2603383 0.0285219 0.0153798
17 0.5343241 0.2603383 0.0285220 0.0153798
12 0.8247292 0.2603383 0.0285220 0.0153798
15 0.3891216 0.3196604 0.0285219 0.0153798
7 0.5343241 0.3196604 0.0285220 0.0153798
13 0.6795267 0.3196604 0.0285220 0.0153798
29 0.7521279 0.3196604 0.0285219 0.0153798
9 0.8247292 0.3196604 0.0285220 0.0153798
23 0.4617228 0.3789826 0.0285219 0.0153798
30 0.5343241 0.3789826 0.0285220 0.0153798
3 0.6795267 0.3789826 0.0285220 0.0153798
11 0.7521279 0.3789826 0.0285219 0.0153798
8 0.8247292 0.3789826 0.0285220 0.0153798
25 0.3891216 0.4383047 0.0285219 0.0153798
5 0.6069254 0.4383047 0.0285219 0.0153798
22 0.4617228 0.4976269 0.0285219 0.0153798
10 0.5343241 0.4976269 0.0285220 0.0153798
21 0.6069254 0.4976269 0.0285219 0.0153798
19 0.6795267 0.4976269 0.0285220 0.0153798
26 0.7521279 0.4976269 0.0285219 0.0153798
26 0.6069254 0.2603383 0.0285219 0.0153798
3 0.4617228 0.3196604 0.0285219 0.0153798
27 0.6069254 0.3789826 0.0285219 0.0153798
16 0.4617228 0.4383047 0.0285219 0.0153798
31 0.8247292 0.4383047 0.0285220 0.0153798
28 0.6795267 0.2603383 0.0285220 0.0153798
8 0.7521279 0.2603383 0.0285219 0.0153798
20 0.8247292 0.4976269 0.0285220 0.0153798
10 0.3891216 0.3789826 0.0285219 0.0153798
8 0.6069254 0.3196604 0.0285219 0.0153798
20 0.7521279 0.4383047 0.0285219 0.0153798
17 0.3891216 0.2010161 0.0285219 0.0153798
10 0.5343241 0.4383047 0.0285220 0.0153798
