26 0.5849632 0.2751212 0.0261903 0.0154519
13 0.3182973 0.3943215 0.0261904 0.0154519
32 0.4474636 0.4230179 0.4821415 0.4238232
16 0.3182973 0.2751212 0.0261904 0.0154519
22 0.4516303 0.2751212 0.0261904 0.0154519
29 0.3182973 0.3347214 0.0261904 0.0154519
30 0.3849638 0.3347214 0.0261904 0.0154519
3 0.4516303 0.3347214 0.0261904 0.0154519
10 0.5849632 0.3347214 0.0261903 0.0154519
15 0.6516296 0.3347214 0.0261904 0.0154519
26 0.3849638 0.3943215 0.0261904 0.0154519
14 0.4516303 0.3943215 0.0261904 0.0154519
8 0.6516296 0.3943215 0.0261904 0.0154519
27 0.2516309 0.4539217 0.0261904 0.0154519
4 0.3182973 0.4539217 0.0261904 0.0154519
5 0.3849638 0.4539217 0.0261904 0.0154519
24 0.4516303 0.4539217 0.0261904 0.0154519
13 0.5182968 0.4539217 0.0261904 0.0154519
18 0.5849632 0.4539217 0.0261903 0.0154519
33 0.3182973 0.5135218 0.0619046 0.0596002
8 0.3182973 0.5135218 0.0261904 0.0154519
1 0.5182968 0.5135218 0.0261904 0.0154519
21 0.5849632 0.5135218 0.0261903 0.0154519
23 0.6516296 0.5135218 0.0261904 0.0154519
15 0.5182968 0.3347214 0.0261904 0.0154519
18 0.5849632 0.3943215 0.0261903 0.0154519
2 0.6516296 0.2751212 0.0261904 0.0154519
3 0.3849638 0.2751212 0.0261904 0.0154519
8 0.2516309 0.5135218 0.0261904 0.0154519
10 0.4516303 0.5135218 0.0261904 0.0154519
17 0.3849638 0.5135218 0.0261904 0.0154519
22 0.2516309 0.3943215 0.0261904 0.0154519
22 0.5182968 0.2751212 0.0261904 0.0154519
7 0.2516309 0.3347214 0.0261904 0.0154519
22 0.5182968 0.3943215 0.0261904 0.0154519
16 0.2516309 0.2751212 0.0261904 0.0154519
30 0.6516296 0.4539217 0.0261904 0.0154519
