17 0.5805386 0.7770154 0.0270393 0.0161332
22 0.5805386 0.4664515 0.0270393 0.0172856
32 0.3746712 0.6156835 0.4977690 0.4425103
11 0.2364020 0.4664515 0.0270393 0.0172856
29 0.3052294 0.4664515 0.0270393 0.0172856
25 0.4428840 0.4664515 0.0270393 0.0172856
2 0.1675747 0.5281033 0.0270393 0.0161332
27 0.2364020 0.5281033 0.0270393 0.0161332
23 0.3740567 0.5281033 0.0270393 0.0161332
26 0.5117113 0.5281033 0.0270393 0.0161332
20 0.5805386 0.5281033 0.0270393 0.0161332
6 0.3052294 0.5909075 0.0270393 0.0172856
31 0.3740567 0.5909075 0.0270393 0.0172856
8 0.5117113 0.5909075 0.0270393 0.0172856
24 0.5805386 0.5909075 0.0270393 0.0172856
9 0.2364020 0.6531356 0.0270393 0.0172856
7 0.3740567 0.6531356 0.0270393 0.0172856
10 0.4428840 0.6531356 0.0270393 0.0172856
18 0.5117113 0.6531356 0.0270393 0.0172856
19 0.5805386 0.6531356 0.0270393 0.0172856
5 0.2364020 0.7153636 0.0270393 0.0172856
13 0.3740567 0.7153636 0.0270393 0.0172856
21 0.4428840 0.7153636 0.0270393 0.0172856
22 0.5117113 0.7153636 0.0270393 0.0172856
3 0.5805386 0.7153636 0.0270393 0.0172856
4 0.1675747 0.7770154 0.0270393 0.0161332
17 0.2364020 0.7770154 0.0270393 0.0161332
30 0.3052294 0.7770154 0.0270393 0.0161332
33 0.3740567 0.7770154 0.0639111 0.0622280
5 0.3740567 0.7770154 0.0270393 0.0161332
1 0.4428840 0.7770154 0.0270393 0.0161332
12 0.5117113 0.4664515 0.0270393 0.0172856
14 0.3052294 0.5281033 0.0270393 0.0161332
26 0.3052294 0.6531356 0.0270393 0.0172856
9 0.3740567 0.4664515 0.0270393 0.0172856
16 0.5117113 0.7770154 0.0270393 0.0161332
6 0.3052294 0.7153636 0.0270393 0.0172856
29 0.4428840 0.5909075 0.0270393 0.0172856
31 0.2364020 0.5909075 0.0270393 0.0172856
20 0.1675747 0.7153636 0.0270393 0.0172856
29 0.1675747 0.5909075 0.0270393 0.0172856
6 0.4428840 0.5281033 0.0270393 0.0161332
16 0.1675747 0.6531356 0.0270393 0.0172856
4 0.1675747 0.4664515 0.0270393 0.0172856
