6 0.5975865 0.5012211 0.0287627 0.0149662
7 0.3779439 0.6744019 0.0287627 0.0149662
32 0.3733680 0.5867425 0.5294955 0.4105024
4 0.2315155 0.4434942 0.0287627 0.0149662
19 0.3047297 0.4434942 0.0287627 0.0149662
27 0.3779439 0.4434942 0.0287627 0.0149662
14 0.4511581 0.4434942 0.0287627 0.0149662
33 0.5243723 0.4434942 0.0679846 0.0577269
11 0.5243723 0.4434942 0.0287627 0.0149662
16 0.2315155 0.5012211 0.0287627 0.0149662
7 0.3047297 0.5012211 0.0287627 0.0149662
24 0.5243723 0.5012211 0.0287627 0.0149662
10 0.1583013 0.5589480 0.0287627 0.0149662
25 0.3779439 0.5589480 0.0287627 0.0149662
21 0.4511581 0.5589480 0.0287627 0.0149662
6 0.5243723 0.5589480 0.0287627 0.0149662
8 0.3779439 0.6166749 0.0287627 0.0149662
17 0.4511581 0.6166749 0.0287627 0.0149662
20 0.5243723 0.6166749 0.0287627 0.0149662
2 0.5975865 0.6166749 0.0287627 0.0149662
3 0.1583013 0.6744019 0.0287627 0.0149662
22 0.3047297 0.6744019 0.0287627 0.0149662
31 0.4511581 0.6744019 0.0287627 0.0149662
9 0.5243723 0.6744019 0.0287627 0.0149662
20 0.3047297 0.5589480 0.0287627 0.0149662
15 0.5975865 0.5589480 0.0287627 0.0149662
25 0.2315155 0.6744019 0.0287627 0.0149662
26 0.5975865 0.4434942 0.0287627 0.0149662
17 0.2315155 0.6166749 0.0287627 0.0149662
23 0.1583013 0.6166749 0.0287627 0.0149662
7 0.1583013 0.4434942 0.0287627 0.0149662
2 0.1583013 0.5012211 0.0287627 0.0149662
26 0.3047297 0.6166749 0.0287627 0.0149662
20 0.2315155 0.5589480 0.0287627 0.0149662
29 0.3779439 0.5012211 0.0287627 0.0149662
5 0.4511581 0.5012211 0.0287627 0.0149662
27 0.5975865 0.6744019 0.0287627 0.0149662
