8 0.3547499 0.6130880 0.0271689 0.0174540
26 0.7696928 0.6130880 0.0271689 0.0174540
32 0.5628389 0.5752711 0.5001543 0.4468211
13 0.4239071 0.4245854 0.0271689 0.0174540
19 0.6313785 0.4245854 0.0271688 0.0174540
6 0.7005357 0.4245854 0.0271688 0.0174540
28 0.3547499 0.4868378 0.0271689 0.0162904
12 0.4239071 0.4868378 0.0271689 0.0162904
18 0.5622214 0.4868378 0.0271689 0.0162904
14 0.6313785 0.4868378 0.0271688 0.0162904
31 0.7005357 0.4868378 0.0271688 0.0162904
10 0.7696928 0.4868378 0.0271689 0.0162904
1 0.4239071 0.5502538 0.0271689 0.0174540
7 0.5622214 0.5502538 0.0271689 0.0174540
3 0.6313785 0.5502538 0.0271688 0.0174540
2 0.7696928 0.5502538 0.0271689 0.0174540
16 0.4239071 0.6130880 0.0271689 0.0174540
17 0.5622214 0.6130880 0.0271689 0.0174540
8 0.7005357 0.6130880 0.0271688 0.0174540
9 0.4239071 0.6759222 0.0271689 0.0174540
22 0.4930643 0.6759222 0.0271688 0.0174540
33 0.5622214 0.6753404 0.0642174 0.0628342
21 0.5622214 0.6759222 0.0271689 0.0174540
20 0.7005357 0.6759222 0.0271688 0.0174540
21 0.4930643 0.4868378 0.0271688 0.0162904
14 0.4930643 0.5502538 0.0271688 0.0174540
24 0.7696928 0.6759222 0.0271689 0.0174540
1 0.3547499 0.6759222 0.0271689 0.0174540
22 0.7696928 0.4245854 0.0271689 0.0174540
6 0.5622214 0.4245854 0.0271689 0.0174540
15 0.4930643 0.4245854 0.0271688 0.0174540
26 0.3547499 0.5502538 0.0271689 0.0174540
20 0.4930643 0.6130880 0.0271688 0.0174540
20 0.7005357 0.5502538 0.0271688 0.0174540
10 0.6313785 0.6759222 0.0271688 0.0174540
20 0.6313785 0.6130880 0.0271688 0.0174540
5 0.3547499 0.4245854 0.0271689 0.0174540
