7 0.4362492 0.3435537 0.0267579 0.0152207
26 0.5724712 0.2261369 0.0267579 0.0152207
32 0.3638812 0.3718206 0.4925888 0.4174816
19 0.1638050 0.2261369 0.0267579 0.0152207
14 0.3000271 0.2261369 0.0267579 0.0152207
29 0.4362492 0.2261369 0.0267579 0.0152207
6 0.1638050 0.2848453 0.0267579 0.0152207
5 0.3000271 0.2848453 0.0267579 0.0152207
15 0.5724712 0.2848453 0.0267579 0.0152207
23 0.1638050 0.3435537 0.0267579 0.0152207
9 0.2319160 0.3435537 0.0267579 0.0152207
20 0.3681381 0.3435537 0.0267579 0.0152207
27 0.5043602 0.3435537 0.0267579 0.0152207
13 0.5724712 0.3435537 0.0267579 0.0152207
3 0.2319160 0.4022620 0.0267579 0.0152207
33 0.3000271 0.4022620 0.0632460 0.0587084
20 0.3000271 0.4022620 0.0267579 0.0152207
12 0.4362492 0.4022620 0.0267579 0.0152207
1 0.5043602 0.4022620 0.0267579 0.0152207
4 0.5724712 0.4022620 0.0267579 0.0152207
22 0.2319160 0.4609704 0.0267579 0.0152207
31 0.4362492 0.4609704 0.0267579 0.0152207
25 0.5043602 0.4609704 0.0267579 0.0152207
30 0.5724712 0.4609704 0.0267579 0.0152207
17 0.5043602 0.2261369 0.0267579 0.0152207
31 0.2319160 0.2848453 0.0267579 0.0152207
16 0.1638050 0.4609704 0.0267579 0.0152207
15 0.5043602 0.2848453 0.0267579 0.0152207
19 0.3681381 0.2261369 0.0267579 0.0152207
29 0.2319160 0.2261369 0.0267579 0.0152207
26 0.3681381 0.4609704 0.0267579 0.0152207
21 0.3000271 0.4609704 0.0267579 0.0152207
5 0.3000271 0.3435537 0.0267579 0.0152207
29 0.3681381 0.4022620 0.0267579 0.0152207
26 0.4362492 0.2848453 0.0267579 0.0152207
23 0.1638050 0.4022620 0.0267579 0.0152207
5 0.3681381 0.2848453 0.0267579 0.0152207
