14 0.7268645 0.5451949 0.0282027 0.0158719
29 0.7268645 0.4227542 0.0282027 0.0158719
32 0.5070115 0.4522307 0.5191864 0.4353448
4 0.4397095 0.3003134 0.0282027 0.0158720
17 0.6550758 0.3003134 0.0282027 0.0158720
7 0.3679208 0.3615338 0.0282027 0.0158720
13 0.4397095 0.3615338 0.0282027 0.0158720
19 0.5114983 0.3615338 0.0282027 0.0158720
11 0.6550758 0.3615338 0.0282027 0.0158720
24 0.7268645 0.3615338 0.0282027 0.0158720
12 0.4397095 0.4227542 0.0282027 0.0158719
5 0.5114983 0.4227542 0.0282027 0.0158719
14 0.5832870 0.4227542 0.0282027 0.0158719
10 0.6550758 0.4227542 0.0282027 0.0158719
33 0.2961321 0.4839746 0.0666610 0.0612204
29 0.2961321 0.4839746 0.0282027 0.0158719
28 0.3679208 0.4839746 0.0282027 0.0158719
22 0.4397095 0.4839746 0.0282027 0.0158719
1 0.5114983 0.4839746 0.0282027 0.0158719
30 0.5832870 0.4839746 0.0282027 0.0158719
3 0.6550758 0.4839746 0.0282027 0.0158719
15 0.7268645 0.4839746 0.0282027 0.0158719
23 0.2961321 0.5451949 0.0282027 0.0158719
27 0.4397095 0.5451949 0.0282027 0.0158719
31 0.5114983 0.5451949 0.0282027 0.0158719
9 0.6550758 0.5451949 0.0282027 0.0158719
29 0.4397095 0.6064153 0.0282027 0.0158719
2 0.5114983 0.6064153 0.0282027 0.0158719
8 0.5832870 0.6064153 0.0282027 0.0158719
18 0.6550758 0.6064153 0.0282027 0.0158719
16 0.7268645 0.6064153 0.0282027 0.0158719
25 0.2961321 0.6064153 0.0282027 0.0158719
27 0.2961321 0.3615338 0.0282027 0.0158720
23 0.3679208 0.3003134 0.0282027 0.0158720
24 0.7268645 0.3003134 0.0282027 0.0158720
4 0.5114983 0.3003134 0.0282027 0.0158720
2 0.3679208 0.5451949 0.0282027 0.0158719
31 0.3679208 0.6064153 0.0282027 0.0158719
25 0.2961321 0.4227542 0.0282027 0.0158719
6 0.5832870 0.3615338 0.0282027 0.0158720
26 0.5832870 0.5451949 0.0282027 0.0158719
23 0.5832870 0.3003134 0.0282027 0.0158720
23 0.3679208 0.4227542 0.0282027 0.0158719
4 0.2961321 0.3003134 0.0282027 0.0158720
