16 0.6432546 0.4298030 0.0288645 0.0148213
26 0.8636745 0.4869709 0.0288645 0.0148213
32 0.6386625 0.5144961 0.5313691 0.4065271
4 0.4228348 0.3726351 0.0288645 0.0148213
17 0.4963081 0.3726351 0.0288645 0.0148213
29 0.5697813 0.3726351 0.0288645 0.0148213
12 0.6432546 0.3726351 0.0288645 0.0148213
27 0.7902011 0.3726351 0.0288645 0.0148213
14 0.8636745 0.3726351 0.0288645 0.0148213
15 0.4963081 0.4298030 0.0288645 0.0148213
31 0.7167279 0.4298030 0.0288644 0.0148213
24 0.7902011 0.4298030 0.0288645 0.0148213
33 0.4963081 0.4869709 0.0682252 0.0571679
19 0.4963081 0.4869709 0.0288645 0.0148213
22 0.5697813 0.4869709 0.0288645 0.0148213
18 0.6432546 0.4869709 0.0288645 0.0148213
3 0.7167279 0.4869709 0.0288644 0.0148213
8 0.4228348 0.5441387 0.0288645 0.0148213
30 0.4963081 0.5441387 0.0288645 0.0148213
25 0.6432546 0.5441387 0.0288645 0.0148213
19 0.7167279 0.5441387 0.0288644 0.0148213
23 0.5697813 0.6013066 0.0288645 0.0148213
9 0.6432546 0.6013066 0.0288645 0.0148213
5 0.7167279 0.6013066 0.0288644 0.0148213
13 0.7902011 0.6013066 0.0288645 0.0148213
7 0.4228348 0.6584745 0.0288645 0.0148213
11 0.5697813 0.6584745 0.0288645 0.0148213
10 0.6432546 0.6584745 0.0288645 0.0148213
16 0.7167279 0.6584745 0.0288644 0.0148213
21 0.7902011 0.6584745 0.0288645 0.0148213
6 0.8636745 0.6584745 0.0288645 0.0148213
14 0.7167279 0.3726351 0.0288644 0.0148213
29 0.4963081 0.6013066 0.0288645 0.0148213
19 0.8636745 0.4298030 0.0288645 0.0148213
13 0.4963081 0.6584745 0.0288645 0.0148213
7 0.8636745 0.5441387 0.0288645 0.0148213
23 0.4228348 0.4298030 0.0288645 0.0148213
22 0.4228348 0.6013066 0.0288645 0.0148213
27 0.7902011 0.5441387 0.0288645 0.0148213
10 0.4228348 0.4869709 0.0288645 0.0148213
27 0.8636745 0.6013066 0.0288645 0.0148213
4 0.5697813 0.4298030 0.0288645 0.0148213
5 0.5697813 0.5441387 0.0288645 0.0148213
15 0.7902011 0.4869709 0.0288645 0.0148213
