6 0.3707070 0.4839887 0.0268227 0.0160647
16 0.2341551 0.3600608 0.0268227 0.0160647
32 0.4347157 0.4518593 0.4937815 0.4406325
26 0.2341551 0.2980969 0.0268227 0.0160647
1 0.4389829 0.2980969 0.0268227 0.0160647
27 0.5072589 0.2980969 0.0268227 0.0160647
11 0.6438108 0.2980969 0.0268227 0.0160647
25 0.3707070 0.3600608 0.0268227 0.0160647
4 0.4389829 0.3600608 0.0268227 0.0160647
17 0.5072589 0.3600608 0.0268227 0.0160647
24 0.5755348 0.3600608 0.0268227 0.0160647
20 0.6438108 0.3600608 0.0268227 0.0160647
2 0.2341551 0.4220248 0.0268227 0.0160647
33 0.4389829 0.4220248 0.0633991 0.0619640
31 0.4389829 0.4220248 0.0268227 0.0160647
21 0.5072589 0.4220248 0.0268227 0.0160647
9 0.5755348 0.4220248 0.0268227 0.0160647
30 0.6438108 0.4220248 0.0268227 0.0160647
16 0.2341551 0.4839887 0.0268227 0.0160647
10 0.3024310 0.4839887 0.0268227 0.0160647
12 0.5755348 0.4839887 0.0268227 0.0160647
29 0.6438108 0.4839887 0.0268227 0.0160647
19 0.2341551 0.5459527 0.0268227 0.0160647
14 0.3707070 0.5459527 0.0268227 0.0160647
22 0.4389829 0.5459527 0.0268227 0.0160647
5 0.6438108 0.5459527 0.0268227 0.0160647
13 0.3707070 0.6079167 0.0268227 0.0160647
6 0.4389829 0.6079167 0.0268227 0.0160647
23 0.5072589 0.6079167 0.0268227 0.0160647
18 0.5755348 0.6079167 0.0268227 0.0160647
15 0.6438108 0.6079167 0.0268227 0.0160647
15 0.5755348 0.2980969 0.0268227 0.0160647
12 0.5755348 0.5459527 0.0268227 0.0160647
8 0.5072589 0.4839887 0.0268227 0.0160647
5 0.3024310 0.6079167 0.0268227 0.0160647
8 0.3707070 0.4220248 0.0268227 0.0160647
20 0.3024310 0.2980969 0.0268227 0.0160647
24 0.4389829 0.4839887 0.0268227 0.0160647
27 0.3024310 0.3600608 0.0268227 0.0160647
1 0.3024310 0.5459527 0.0268227 0.0160647
14 0.3024310 0.4220248 0.0268227 0.0160647
15 0.2341551 0.6079167 0.0268227 0.0160647
4 0.3707070 0.2980969 0.0268227 0.0160647
22 0.5072589 0.5459527 0.0268227 0.0160647
