20 0.4864424 0.5100764 0.0269135 0.0162366
21 0.2809211 0.5100764 0.0269135 0.0162366
32 0.2766394 0.4149764 0.4954532 0.4453464
22 0.1439069 0.2595691 0.0269135 0.0162366
4 0.2124139 0.2595691 0.0269135 0.0162366
19 0.2809211 0.2595691 0.0269135 0.0162366
11 0.3494282 0.2595691 0.0269135 0.0162366
16 0.4179353 0.2595691 0.0269135 0.0162366
17 0.4864424 0.2595691 0.0269135 0.0162366
27 0.1439069 0.3221959 0.0269135 0.0162366
5 0.2124139 0.3221959 0.0269135 0.0162366
9 0.3494282 0.3221959 0.0269135 0.0162366
8 0.4864424 0.3221959 0.0269135 0.0162366
26 0.2124139 0.3848227 0.0269135 0.0162366
23 0.2809211 0.3848227 0.0269135 0.0162366
30 0.0753997 0.4474496 0.0269135 0.0162366
24 0.1439069 0.4474496 0.0269135 0.0162366
12 0.2124139 0.4474496 0.0269135 0.0162366
6 0.3494282 0.4474496 0.0269135 0.0162366
21 0.4179353 0.4474496 0.0269135 0.0162366
33 0.0753997 0.5100764 0.0636137 0.0626268
24 0.0753997 0.5100764 0.0269135 0.0162366
28 0.1439069 0.5100764 0.0269135 0.0162366
10 0.4179353 0.5100764 0.0269135 0.0162366
8 0.2809211 0.3221959 0.0269135 0.0162366
22 0.2809211 0.4474496 0.0269135 0.0162366
16 0.4864424 0.4474496 0.0269135 0.0162366
5 0.2124139 0.5100764 0.0269135 0.0162366
11 0.4179353 0.3848227 0.0269135 0.0162366
17 0.3494282 0.5100764 0.0269135 0.0162366
11 0.0753997 0.3848227 0.0269135 0.0162366
31 0.4179353 0.3221959 0.0269135 0.0162366
31 0.0753997 0.2595691 0.0269135 0.0162366
20 0.4864424 0.3848227 0.0269135 0.0162366
27 0.0753997 0.3221959 0.0269135 0.0162366
24 0.3494282 0.3848227 0.0269135 0.0162366
1 0.1439069 0.3848227 0.0269135 0.0162366
