6 0.7473698 0.6018382 0.0283131 0.0151255
31 0.5311605 0.5434970 0.0283131 0.0151255
32 0.5266562 0.6299285 0.5212186 0.4148711
12 0.3870210 0.4851558 0.0283131 0.0151255
19 0.6032303 0.4851558 0.0283131 0.0151255
7 0.6753000 0.4851558 0.0283131 0.0151255
2 0.7473698 0.4851558 0.0283131 0.0151255
6 0.3149513 0.5434970 0.0283131 0.0151255
17 0.3870210 0.5434970 0.0283131 0.0151255
16 0.4590908 0.5434970 0.0283131 0.0151255
28 0.6032303 0.5434970 0.0283131 0.0151255
18 0.6753000 0.5434970 0.0283131 0.0151255
24 0.7473698 0.5434970 0.0283131 0.0151255
20 0.3870210 0.6018382 0.0283131 0.0151255
33 0.5311605 0.6018382 0.0669219 0.0583413
3 0.5311605 0.6018382 0.0283131 0.0151255
26 0.6032303 0.6018382 0.0283131 0.0151255
10 0.3149513 0.6601796 0.0283131 0.0151255
21 0.3870210 0.6601796 0.0283131 0.0151255
14 0.6032303 0.6601796 0.0283131 0.0151255
13 0.6753000 0.6601796 0.0283131 0.0151255
4 0.3149513 0.7185208 0.0283131 0.0151255
9 0.5311605 0.7185208 0.0283131 0.0151255
22 0.6032303 0.7185208 0.0283131 0.0151255
11 0.6753000 0.7185208 0.0283131 0.0151255
1 0.7473698 0.7185208 0.0283131 0.0151255
3 0.3149513 0.7768621 0.0283131 0.0151255
27 0.3870210 0.7768621 0.0283131 0.0151255
23 0.4590908 0.7768621 0.0283131 0.0151255
8 0.5311605 0.7768621 0.0283131 0.0151255
5 0.7473698 0.7768621 0.0283131 0.0151255
28 0.3149513 0.4851558 0.0283131 0.0151255
20 0.6032303 0.7768621 0.0283131 0.0151255
31 0.4590908 0.4851558 0.0283131 0.0151255
19 0.6753000 0.7768621 0.0283131 0.0151255
7 0.5311605 0.6601796 0.0283131 0.0151255
25 0.6753000 0.6018382 0.0283131 0.0151255
17 0.7473698 0.6601796 0.0283131 0.0151255
3 0.3870210 0.7185208 0.0283131 0.0151255
23 0.5311605 0.4851558 0.0283131 0.0151255
24 0.3149513 0.6018382 0.0283131 0.0151255
28 0.4590908 0.6018382 0.0283131 0.0151255
7 0.4590908 0.6601796 0.0283131 0.0151255
18 0.4590908 0.7185208 0.0283131 0.0151255
