8 0.1244131 0.5344991 0.0274460 0.0162809
13 0.0545506 0.6600943 0.0274460 0.0162809
32 0.2597715 0.5647350 0.5052551 0.4465603
15 0.0545506 0.4089040 0.0274460 0.0162809
8 0.1244131 0.4089040 0.0274460 0.0162809
21 0.3340004 0.4089040 0.0274459 0.0162809
14 0.4038628 0.4089040 0.0274460 0.0162809
13 0.4737252 0.4089040 0.0274459 0.0162809
28 0.1244131 0.4717016 0.0274460 0.0162809
31 0.2641379 0.4717016 0.0274460 0.0162809
23 0.4038628 0.4717016 0.0274460 0.0162809
25 0.0545506 0.5344991 0.0274460 0.0162809
9 0.1942755 0.5344991 0.0274459 0.0162809
17 0.2641379 0.5344991 0.0274460 0.0162809
11 0.3340004 0.5344991 0.0274459 0.0162809
20 0.4737252 0.5344991 0.0274459 0.0162809
18 0.0545506 0.5972967 0.0274460 0.0162809
33 0.1244131 0.5972967 0.0648723 0.0627976
22 0.1244131 0.5972967 0.0274460 0.0162809
22 0.2641379 0.5972967 0.0274460 0.0162809
4 0.4038628 0.5972967 0.0274460 0.0162809
16 0.1942755 0.6600943 0.0274459 0.0162809
7 0.4038628 0.6600943 0.0274460 0.0162809
29 0.4737252 0.6600943 0.0274459 0.0162809
29 0.2641379 0.4089040 0.0274460 0.0162809
17 0.3340004 0.6600943 0.0274459 0.0162809
17 0.1244131 0.6600943 0.0274460 0.0162809
9 0.4737252 0.4717016 0.0274459 0.0162809
23 0.3340004 0.4717016 0.0274459 0.0162809
13 0.1942755 0.4089040 0.0274459 0.0162809
27 0.0545506 0.4717016 0.0274460 0.0162809
28 0.4038628 0.5344991 0.0274460 0.0162809
26 0.1942755 0.4717016 0.0274459 0.0162809
10 0.1942755 0.5972967 0.0274459 0.0162809
3 0.2641379 0.6600943 0.0274460 0.0162809
20 0.4737252 0.5972967 0.0274459 0.0162809
21 0.3340004 0.5972967 0.0274459 0.0162809
