14 0.1469380 0.2021007 0.0284860 0.0150553
21 0.5094870 0.3763122 0.0284860 0.0150553
32 0.2874257 0.3462015 0.5244012 0.4129458
28 0.2194478 0.2021007 0.0284860 0.0150553
31 0.4369772 0.2021007 0.0284860 0.0150553
22 0.5094870 0.2021007 0.0284860 0.0150553
16 0.2919576 0.2601712 0.0284860 0.0150553
6 0.3644674 0.2601712 0.0284860 0.0150553
19 0.4369772 0.2601712 0.0284860 0.0150553
33 0.5094870 0.2601712 0.0673305 0.0580705
31 0.5094870 0.2601712 0.0284860 0.0150553
15 0.0744282 0.3182417 0.0284860 0.0150553
9 0.1469380 0.3182417 0.0284860 0.0150553
2 0.2919576 0.3182417 0.0284860 0.0150553
23 0.5094870 0.3182417 0.0284860 0.0150553
24 0.0744282 0.3763122 0.0284860 0.0150553
21 0.1469380 0.3763122 0.0284860 0.0150553
7 0.2194478 0.3763122 0.0284860 0.0150553
10 0.2919576 0.3763122 0.0284860 0.0150553
25 0.3644674 0.3763122 0.0284860 0.0150553
3 0.0744282 0.4343827 0.0284860 0.0150553
13 0.1469380 0.4343827 0.0284860 0.0150553
5 0.3644674 0.4343827 0.0284860 0.0150553
29 0.5094870 0.4343827 0.0284860 0.0150553
6 0.2194478 0.2601712 0.0284860 0.0150553
29 0.4369772 0.3182417 0.0284860 0.0150553
6 0.0744282 0.2601712 0.0284860 0.0150553
17 0.1469380 0.2601712 0.0284860 0.0150553
15 0.3644674 0.3182417 0.0284860 0.0150553
27 0.2919576 0.4343827 0.0284860 0.0150553
5 0.4369772 0.4343827 0.0284860 0.0150553
28 0.0744282 0.2021007 0.0284860 0.0150553
25 0.2919576 0.2021007 0.0284860 0.0150553
1 0.2194478 0.4343827 0.0284860 0.0150553
28 0.2194478 0.3182417 0.0284860 0.0150553
4 0.4369772 0.3763122 0.0284860 0.0150553
25 0.3644674 0.2021007 0.0284860 0.0150553
