4 0.0829611 0.5051347 0.0282707 0.0166320
9 0.1549229 0.5051347 0.0282707 0.0166320
32 0.2994891 0.5289739 0.5204382 0.4257797
5 0.2988466 0.3853841 0.0282707 0.0166320
21 0.3708084 0.3853841 0.0282707 0.0166320
10 0.4427702 0.3853841 0.0282707 0.0166320
31 0.5147321 0.3853841 0.0282707 0.0166320
33 0.0829611 0.4447050 0.0668217 0.0598753
10 0.0829611 0.4447050 0.0282707 0.0155232
30 0.1549229 0.4447050 0.0282707 0.0155232
11 0.2268848 0.4447050 0.0282707 0.0155232
18 0.3708084 0.4447050 0.0282707 0.0155232
19 0.4427702 0.4447050 0.0282707 0.0155232
2 0.5147321 0.4447050 0.0282707 0.0155232
22 0.2988466 0.5051347 0.0282707 0.0166320
28 0.3708084 0.5051347 0.0282707 0.0166320
4 0.0829611 0.5650099 0.0282707 0.0166320
13 0.1549229 0.5650099 0.0282707 0.0166320
8 0.2988466 0.5650099 0.0282707 0.0166320
3 0.3708084 0.5650099 0.0282707 0.0166320
20 0.5147321 0.5650099 0.0282707 0.0166320
1 0.0829611 0.6248853 0.0282707 0.0166320
17 0.1549229 0.6248853 0.0282707 0.0166320
23 0.5147321 0.6248853 0.0282707 0.0166320
13 0.4427702 0.5051347 0.0282707 0.0166320
12 0.0829611 0.3853841 0.0282707 0.0166320
27 0.2988466 0.4447050 0.0282707 0.0155232
29 0.2268848 0.6248853 0.0282707 0.0166320
26 0.2988466 0.6248853 0.0282707 0.0166320
24 0.5147321 0.5051347 0.0282707 0.0166320
17 0.1549229 0.3853841 0.0282707 0.0166320
30 0.4427702 0.6248853 0.0282707 0.0166320
14 0.2268848 0.5650099 0.0282707 0.0166320
6 0.3708084 0.6248853 0.0282707 0.0166320
19 0.4427702 0.5650099 0.0282707 0.0166320
29 0.2268848 0.5051347 0.0282707 0.0166320
29 0.2268848 0.3853841 0.0282707 0.0166320
