1 0.6609855 0.3239088 0.0268761 0.0163251
24 0.7293975 0.5757818 0.0268761 0.0163251
32 0.5198857 0.4801633 0.4947653 0.4477742
33 0.3873375 0.3239088 0.0635254 0.0629682
22 0.3873375 0.3239088 0.0268761 0.0163251
21 0.4557495 0.3239088 0.0268761 0.0163251
1 0.5925735 0.3239088 0.0268761 0.0163251
7 0.7293975 0.3239088 0.0268761 0.0163251
27 0.3189255 0.3868770 0.0268761 0.0163251
22 0.5241615 0.3868770 0.0268761 0.0163251
4 0.5925735 0.3868770 0.0268761 0.0163251
13 0.6609855 0.3868770 0.0268761 0.0163251
11 0.7293975 0.3868770 0.0268761 0.0163251
18 0.3873375 0.4498453 0.0268761 0.0163251
25 0.5925735 0.4498453 0.0268761 0.0163251
19 0.6609855 0.4498453 0.0268761 0.0163251
8 0.7293975 0.4498453 0.0268761 0.0163251
9 0.3189255 0.5128136 0.0268761 0.0163251
14 0.3873375 0.5128136 0.0268761 0.0163251
10 0.5241615 0.5128136 0.0268761 0.0163251
6 0.5925735 0.5128136 0.0268761 0.0163251
23 0.3189255 0.5757818 0.0268761 0.0163251
24 0.3873375 0.5757818 0.0268761 0.0163251
30 0.4557495 0.5757818 0.0268761 0.0163251
2 0.5241615 0.5757818 0.0268761 0.0163251
20 0.5925735 0.5757818 0.0268761 0.0163251
12 0.6609855 0.5757818 0.0268761 0.0163251
26 0.3873375 0.6387500 0.0268761 0.0163251
29 0.4557495 0.6387500 0.0268761 0.0163251
15 0.6609855 0.6387500 0.0268761 0.0163251
9 0.3189255 0.6387500 0.0268761 0.0163251
18 0.4557495 0.4498453 0.0268761 0.0163251
10 0.5241615 0.6387500 0.0268761 0.0163251
8 0.6609855 0.5128136 0.0268761 0.0163251
13 0.3873375 0.3868770 0.0268761 0.0163251
22 0.5925735 0.6387500 0.0268761 0.0163251
31 0.4557495 0.3868770 0.0268761 0.0163251
6 0.3189255 0.4498453 0.0268761 0.0163251
20 0.7293975 0.6387500 0.0268761 0.0163251
19 0.3189255 0.3239088 0.0268761 0.0163251
4 0.7293975 0.5128136 0.0268761 0.0163251
13 0.5241615 0.4498453 0.0268761 0.0163251
20 0.5241615 0.3239088 0.0268761 0.0163251
24 0.4557495 0.5128136 0.0268761 0.0163251
