16 0.0723453 0.4626409 0.0268447 0.0170484
9 0.0723453 0.3398924 0.0268447 0.0170484
32 0.2779515 0.4870769 0.4941870 0.4364388
7 0.1406773 0.3398924 0.0268447 0.0170484
4 0.4140055 0.3398924 0.0268447 0.0170484
24 0.1406773 0.4006984 0.0268447 0.0159119
1 0.2090094 0.4006984 0.0268447 0.0159119
11 0.3456734 0.4006984 0.0268447 0.0159119
12 0.4140055 0.4006984 0.0268447 0.0159119
8 0.4823375 0.4006984 0.0268447 0.0159119
21 0.1406773 0.4626409 0.0268447 0.0170484
19 0.2773414 0.4626409 0.0268447 0.0170484
18 0.4823375 0.4626409 0.0268447 0.0170484
17 0.0723453 0.5240151 0.0268447 0.0170484
33 0.1406773 0.5234468 0.0634512 0.0613742
9 0.1406773 0.5240151 0.0268447 0.0170484
5 0.2090094 0.5240151 0.0268447 0.0170484
23 0.3456734 0.5240151 0.0268447 0.0170484
27 0.4140055 0.5240151 0.0268447 0.0170484
25 0.4823375 0.5240151 0.0268447 0.0170484
10 0.0723453 0.5853893 0.0268447 0.0170483
28 0.1406773 0.5853893 0.0268447 0.0170483
26 0.2773414 0.5853893 0.0268447 0.0170483
3 0.3456734 0.5853893 0.0268447 0.0170483
2 0.4140055 0.5853893 0.0268447 0.0170483
16 0.0723453 0.6461952 0.0268447 0.0159119
9 0.1406773 0.6461952 0.0268447 0.0159119
13 0.2773414 0.6461952 0.0268447 0.0159119
14 0.4140055 0.6461952 0.0268447 0.0159119
6 0.4823375 0.6461952 0.0268447 0.0159119
26 0.2090094 0.5853893 0.0268447 0.0170483
11 0.2773414 0.3398924 0.0268447 0.0170484
24 0.4823375 0.3398924 0.0268447 0.0170484
28 0.2773414 0.4006984 0.0268447 0.0159119
2 0.4140055 0.4626409 0.0268447 0.0170484
15 0.2773414 0.5240151 0.0268447 0.0170484
8 0.2090094 0.6461952 0.0268447 0.0159119
1 0.0723453 0.4006984 0.0268447 0.0159119
24 0.4823375 0.5853893 0.0268447 0.0170483
26 0.3456734 0.4626409 0.0268447 0.0170484
20 0.2090094 0.3398924 0.0268447 0.0170484
21 0.3456734 0.6461952 0.0268447 0.0159119
28 0.2090094 0.4626409 0.0268447 0.0170484
18 0.3456734 0.3398924 0.0268447 0.0170484
