10 0.4660793 0.5155903 0.0264249 0.0158493
17 0.3988160 0.3933243 0.0264249 0.0158493
32 0.4618753 0.4838917 0.4864575 0.4347237
19 0.2642895 0.3321913 0.0264249 0.0158493
4 0.4660793 0.3321913 0.0264249 0.0158493
12 0.5333425 0.3321913 0.0264249 0.0158493
7 0.6006058 0.3321913 0.0264249 0.0158493
27 0.2642895 0.3933243 0.0264249 0.0158493
31 0.4660793 0.3933243 0.0264249 0.0158493
33 0.6006058 0.3933243 0.0624588 0.0611330
28 0.6006058 0.3933243 0.0264249 0.0158493
18 0.6678690 0.3933243 0.0264249 0.0158493
21 0.2642895 0.4544573 0.0264249 0.0158493
9 0.4660793 0.4544573 0.0264249 0.0158493
30 0.5333425 0.4544573 0.0264249 0.0158493
28 0.6678690 0.4544573 0.0264249 0.0158493
5 0.5333425 0.5155903 0.0264249 0.0158493
14 0.6678690 0.5155903 0.0264249 0.0158493
24 0.2642895 0.5767234 0.0264249 0.0158493
22 0.3315527 0.5767234 0.0264249 0.0158493
15 0.3988160 0.5767234 0.0264249 0.0158493
17 0.6006058 0.5767234 0.0264249 0.0158493
2 0.6678690 0.5767234 0.0264249 0.0158493
5 0.2642895 0.5155903 0.0264249 0.0158493
28 0.5333425 0.3933243 0.0264249 0.0158493
29 0.4660793 0.5767234 0.0264249 0.0158493
24 0.6006058 0.4544573 0.0264249 0.0158493
20 0.3988160 0.4544573 0.0264249 0.0158493
19 0.3315527 0.5155903 0.0264249 0.0158493
23 0.3315527 0.3321913 0.0264249 0.0158493
5 0.6678690 0.3321913 0.0264249 0.0158493
4 0.6006058 0.5155903 0.0264249 0.0158493
2 0.3315527 0.4544573 0.0264249 0.0158493
31 0.3315527 0.3933243 0.0264249 0.0158493
2 0.3988160 0.5155903 0.0264249 0.0158493
20 0.5333425 0.5767234 0.0264249 0.0158493
21 0.3988160 0.3321913 0.0264249 0.0158493
