24 0.2526737 0.3120965 0.0279357 0.0162771
23 0.4660011 0.3120965 0.0279357 0.0162771
32 0.3193385 0.4051086 0.5142713 0.4464585
9 0.1104555 0.2493133 0.0279357 0.0162771
16 0.1815646 0.2493133 0.0279357 0.0162771
26 0.3237828 0.2493133 0.0279358 0.0162771
10 0.3948919 0.2493133 0.0279357 0.0162771
27 0.5371102 0.2493133 0.0279357 0.0162771
5 0.1104555 0.3120965 0.0279357 0.0162771
22 0.1815646 0.3120965 0.0279357 0.0162771
1 0.3237828 0.3120965 0.0279358 0.0162771
12 0.3948919 0.3120965 0.0279357 0.0162771
4 0.5371102 0.3120965 0.0279357 0.0162771
8 0.1815646 0.3748797 0.0279357 0.0162771
2 0.2526737 0.3748797 0.0279357 0.0162771
24 0.3237828 0.3748797 0.0279358 0.0162771
17 0.3948919 0.3748797 0.0279357 0.0162771
30 0.4660011 0.3748797 0.0279357 0.0162771
7 0.1815646 0.4376629 0.0279357 0.0162772
18 0.4660011 0.4376629 0.0279357 0.0162772
31 0.1104555 0.5004462 0.0279357 0.0162771
33 0.1815646 0.5004462 0.0660299 0.0627832
21 0.1815646 0.5004462 0.0279357 0.0162771
14 0.3948919 0.5004462 0.0279357 0.0162771
11 0.1104555 0.5632294 0.0279357 0.0162771
21 0.1815646 0.5632294 0.0279357 0.0162771
28 0.2526737 0.5632294 0.0279357 0.0162771
6 0.3237828 0.5632294 0.0279358 0.0162771
3 0.3948919 0.5632294 0.0279357 0.0162771
13 0.5371102 0.5632294 0.0279357 0.0162771
1 0.5371102 0.5004462 0.0279357 0.0162771
27 0.4660011 0.5004462 0.0279357 0.0162771
30 0.1104555 0.3748797 0.0279357 0.0162771
4 0.3948919 0.4376629 0.0279357 0.0162772
18 0.3237828 0.5004462 0.0279358 0.0162771
6 0.2526737 0.4376629 0.0279357 0.0162772
24 0.5371102 0.4376629 0.0279357 0.0162772
17 0.2526737 0.5004462 0.0279357 0.0162771
26 0.2526737 0.2493133 0.0279357 0.0162771
29 0.4660011 0.2493133 0.0279357 0.0162771
31 0.1104555 0.4376629 0.0279357 0.0162772
26 0.4660011 0.5632294 0.0279357 0.0162771
1 0.5371102 0.3748797 0.0279357 0.0162771
3 0.3237828 0.4376629 0.0279358 0.0162772
