8 0.3859399 0.6089818 0.0286113 0.0159212
9 0.3859399 0.4938176 0.0286113 0.0148599
32 0.3865902 0.5744857 0.5267070 0.4075858
4 0.1674540 0.4370316 0.0286112 0.0159213
24 0.2402827 0.4370316 0.0286112 0.0159213
33 0.3131113 0.4365009 0.0676266 0.0573168
15 0.3131113 0.4370316 0.0286112 0.0159213
26 0.3859399 0.4370316 0.0286113 0.0159213
2 0.5315972 0.4370316 0.0286112 0.0159213
27 0.6044258 0.4370316 0.0286113 0.0159213
20 0.1674540 0.4938176 0.0286112 0.0148599
17 0.2402827 0.4938176 0.0286112 0.0148599
29 0.4587685 0.4938176 0.0286113 0.0148599
11 0.1674540 0.5516650 0.0286112 0.0159213
5 0.4587685 0.5516650 0.0286113 0.0159213
3 0.6044258 0.5516650 0.0286113 0.0159213
7 0.1674540 0.6089818 0.0286112 0.0159212
13 0.3131113 0.6089818 0.0286112 0.0159212
10 0.4587685 0.6089818 0.0286113 0.0159212
28 0.6044258 0.6089818 0.0286113 0.0159212
21 0.2402827 0.6662986 0.0286112 0.0159212
25 0.3859399 0.6662986 0.0286113 0.0159212
30 0.5315972 0.6662986 0.0286112 0.0159212
7 0.5315972 0.4938176 0.0286112 0.0148599
12 0.1674540 0.6662986 0.0286112 0.0159212
29 0.6044258 0.4938176 0.0286113 0.0148599
28 0.2402827 0.5516650 0.0286112 0.0159213
18 0.5315972 0.6089818 0.0286112 0.0159212
4 0.6044258 0.6662986 0.0286113 0.0159212
9 0.5315972 0.5516650 0.0286112 0.0159213
12 0.3859399 0.5516650 0.0286113 0.0159213
17 0.4587685 0.6662986 0.0286113 0.0159212
5 0.4587685 0.4370316 0.0286113 0.0159213
19 0.2402827 0.6089818 0.0286112 0.0159212
20 0.3131113 0.6662986 0.0286112 0.0159212
1 0.3131113 0.5516650 0.0286112 0.0159213
7 0.3131113 0.4938176 0.0286112 0.0148599
