13 0.4273771 0.4519927 0.0263911 0.0150987
17 0.6289097 0.5684691 0.0263912 0.0150988
32 0.5575336 0.4800334 0.4858374 0.4141384
22 0.3601996 0.3355163 0.0263912 0.0150988
20 0.4945546 0.3355163 0.0263912 0.0150988
33 0.5617322 0.3355163 0.0623791 0.0582382
19 0.5617322 0.3355163 0.0263912 0.0150988
24 0.6960872 0.3355163 0.0263911 0.0150988
11 0.7632647 0.3355163 0.0263911 0.0150988
9 0.3601996 0.3937545 0.0263912 0.0150988
23 0.4273771 0.3937545 0.0263911 0.0150988
31 0.4945546 0.3937545 0.0263912 0.0150988
12 0.5617322 0.3937545 0.0263912 0.0150988
5 0.7632647 0.3937545 0.0263911 0.0150988
29 0.3601996 0.4519927 0.0263912 0.0150987
27 0.5617322 0.4519927 0.0263912 0.0150987
30 0.6289097 0.4519927 0.0263912 0.0150987
6 0.6960872 0.4519927 0.0263911 0.0150987
8 0.7632647 0.4519927 0.0263911 0.0150987
7 0.3601996 0.5102310 0.0263912 0.0150988
14 0.4273771 0.5102310 0.0263911 0.0150988
19 0.4945546 0.5102310 0.0263912 0.0150988
10 0.5617322 0.5102310 0.0263912 0.0150988
25 0.6289097 0.5102310 0.0263912 0.0150988
26 0.6960872 0.5102310 0.0263911 0.0150988
3 0.4273771 0.5684691 0.0263911 0.0150988
1 0.6960872 0.5684691 0.0263911 0.0150988
13 0.7632647 0.5684691 0.0263911 0.0150988
15 0.3601996 0.6267074 0.0263912 0.0150988
21 0.4273771 0.6267074 0.0263911 0.0150988
13 0.7632647 0.6267074 0.0263911 0.0150988
15 0.4945546 0.4519927 0.0263912 0.0150987
31 0.7632647 0.5102310 0.0263911 0.0150988
16 0.4945546 0.6267074 0.0263912 0.0150988
14 0.6289097 0.3355163 0.0263912 0.0150988
18 0.4945546 0.5684691 0.0263912 0.0150988
25 0.6960872 0.3937545 0.0263911 0.0150988
8 0.6289097 0.6267074 0.0263912 0.0150988
9 0.6289097 0.3937545 0.0263912 0.0150988
3 0.4273771 0.3355163 0.0263911 0.0150988
24 0.3601996 0.5684691 0.0263912 0.0150988
13 0.6960872 0.6267074 0.0263911 0.0150988
6 0.5617322 0.5684691 0.0263912 0.0150988
7 0.5617322 0.6267074 0.0263912 0.0150988
