1 0.3887072 0.4640650 0.0279651 0.0159363
23 0.3887072 0.5255338 0.0279651 0.0159363
32 0.3842582 0.4936611 0.5148115 0.4371109
13 0.1751558 0.3411276 0.0279651 0.0159363
3 0.2463396 0.3411276 0.0279651 0.0159363
4 0.3175234 0.3411276 0.0279651 0.0159363
19 0.4598911 0.3411276 0.0279651 0.0159363
20 0.6022587 0.3411276 0.0279651 0.0159363
12 0.1751558 0.4025963 0.0279651 0.0159363
1 0.2463396 0.4025963 0.0279651 0.0159363
33 0.3175234 0.4025963 0.0660992 0.0614687
15 0.3175234 0.4025963 0.0279651 0.0159363
28 0.3887072 0.4025963 0.0279651 0.0159363
27 0.5310749 0.4025963 0.0279651 0.0159363
23 0.6022587 0.4025963 0.0279651 0.0159363
18 0.2463396 0.4640650 0.0279651 0.0159363
5 0.4598911 0.4640650 0.0279651 0.0159363
25 0.1751558 0.5255338 0.0279651 0.0159363
7 0.2463396 0.5255338 0.0279651 0.0159363
30 0.5310749 0.5255338 0.0279651 0.0159363
17 0.2463396 0.5870025 0.0279651 0.0159363
9 0.3175234 0.5870025 0.0279651 0.0159363
11 0.6022587 0.5870025 0.0279651 0.0159363
29 0.4598911 0.4025963 0.0279651 0.0159363
2 0.3175234 0.4640650 0.0279651 0.0159363
20 0.1751558 0.5870025 0.0279651 0.0159363
30 0.5310749 0.5870025 0.0279651 0.0159363
2 0.4598911 0.5255338 0.0279651 0.0159363
15 0.3887072 0.3411276 0.0279651 0.0159363
5 0.3175234 0.5255338 0.0279651 0.0159363
14 0.5310749 0.3411276 0.0279651 0.0159363
31 0.5310749 0.4640650 0.0279651 0.0159363
22 0.3887072 0.5870025 0.0279651 0.0159363
25 0.6022587 0.5255338 0.0279651 0.0159363
9 0.6022587 0.4640650 0.0279651 0.0159363
20 0.1751558 0.4640650 0.0279651 0.0159363
19 0.4598911 0.5870025 0.0279651 0.0159363
