15 0.4627720 0.4616532 0.0278849 0.0159028
11 0.7466913 0.5229925 0.0278849 0.0159028
32 0.5293156 0.5525262 0.5133363 0.4361904
9 0.3208123 0.4003140 0.0278849 0.0159028
13 0.3917921 0.4003140 0.0278849 0.0159028
29 0.4627720 0.4003140 0.0278849 0.0159028
24 0.6757114 0.4003140 0.0278850 0.0159028
3 0.3208123 0.4616532 0.0278849 0.0159028
27 0.3917921 0.4616532 0.0278849 0.0159028
1 0.5337518 0.4616532 0.0278849 0.0159028
8 0.7466913 0.4616532 0.0278849 0.0159028
4 0.3208123 0.5229925 0.0278849 0.0159028
26 0.3917921 0.5229925 0.0278849 0.0159028
12 0.4627720 0.5229925 0.0278849 0.0159028
22 0.5337518 0.5229925 0.0278849 0.0159028
19 0.6047316 0.5229925 0.0278849 0.0159028
10 0.3917921 0.5843317 0.0278849 0.0159028
28 0.4627720 0.5843317 0.0278849 0.0159028
23 0.5337518 0.5843317 0.0278849 0.0159028
18 0.6757114 0.5843317 0.0278850 0.0159028
31 0.7466913 0.5843317 0.0278849 0.0159028
14 0.3208123 0.6456710 0.0278849 0.0159028
21 0.3917921 0.6456710 0.0278849 0.0159028
17 0.5337518 0.6456710 0.0278849 0.0159028
5 0.6757114 0.6456710 0.0278850 0.0159028
30 0.7466913 0.6456710 0.0278849 0.0159028
7 0.5337518 0.7070103 0.0278849 0.0159028
20 0.6047316 0.7070103 0.0278849 0.0159028
33 0.7466913 0.7070103 0.0659098 0.0613392
4 0.7466913 0.7070103 0.0278849 0.0159028
4 0.4627720 0.7070103 0.0278849 0.0159028
15 0.7466913 0.4003140 0.0278849 0.0159028
22 0.6757114 0.4616532 0.0278850 0.0159028
5 0.3208123 0.5843317 0.0278849 0.0159028
18 0.3208123 0.7070103 0.0278849 0.0159028
8 0.5337518 0.4003140 0.0278849 0.0159028
16 0.4627720 0.6456710 0.0278849 0.0159028
28 0.6047316 0.4003140 0.0278849 0.0159028
19 0.6757114 0.7070103 0.0278850 0.0159028
4 0.6047316 0.5843317 0.0278849 0.0159028
25 0.3917921 0.7070103 0.0278849 0.0159028
27 0.6047316 0.4616532 0.0278849 0.0159028
2 0.6047316 0.6456710 0.0278849 0.0159028
18 0.6757114 0.5229925 0.0278850 0.0159028
