17 0.1154991 0.3457963 0.0280060 0.0156895
21 0.1154991 0.2852795 0.0280060 0.0156896
32 0.2563261 0.3749341 0.5101522 0.4303420
1 0.1154991 0.2247626 0.0280060 0.0156896
13 0.2580751 0.2247626 0.0280060 0.0156896
25 0.4006512 0.2247626 0.0280060 0.0156896
14 0.4719392 0.2247626 0.0280060 0.0156896
5 0.1867871 0.2852795 0.0280060 0.0156896
33 0.2580751 0.2852795 0.0661960 0.0605168
1 0.2580751 0.2852795 0.0280060 0.0156896
17 0.4719392 0.2852795 0.0280060 0.0156896
6 0.0442111 0.3457963 0.0280060 0.0156895
8 0.1867871 0.3457963 0.0280060 0.0156895
12 0.2580751 0.3457963 0.0280060 0.0156895
22 0.4006512 0.3457963 0.0280060 0.0156895
20 0.4719392 0.3457963 0.0280060 0.0156895
2 0.1154991 0.4063132 0.0280060 0.0156896
9 0.1867871 0.4063132 0.0280060 0.0156896
7 0.4006512 0.4063132 0.0280060 0.0156896
4 0.4719392 0.4063132 0.0280060 0.0156896
3 0.2580751 0.4668300 0.0280060 0.0156896
23 0.3293632 0.4668300 0.0280060 0.0156896
30 0.4719392 0.4668300 0.0280060 0.0156896
27 0.0442111 0.4063132 0.0280060 0.0156896
27 0.0442111 0.2247626 0.0280060 0.0156896
22 0.1154991 0.4668300 0.0280060 0.0156896
11 0.4006512 0.2852795 0.0280060 0.0156896
18 0.1867871 0.2247626 0.0280060 0.0156896
25 0.3293632 0.3457963 0.0280060 0.0156895
19 0.3293632 0.2247626 0.0280060 0.0156896
22 0.1867871 0.4668300 0.0280060 0.0156896
15 0.4006512 0.4668300 0.0280060 0.0156896
19 0.0442111 0.2852795 0.0280060 0.0156896
8 0.2580751 0.4063132 0.0280060 0.0156896
20 0.3293632 0.4063132 0.0280060 0.0156896
14 0.0442111 0.4668300 0.0280060 0.0156896
2 0.3293632 0.2852795 0.0280060 0.0156896
