4 0.3501232 0.5016591 0.0265950 0.0152982
7 0.6209087 0.4426517 0.0265950 0.0152982
32 0.5489812 0.5890776 0.4895898 0.4196087
26 0.4178196 0.4426517 0.0265950 0.0152982
31 0.4855159 0.4426517 0.0265950 0.0152982
3 0.6886050 0.4426517 0.0265950 0.0152982
30 0.4178196 0.5016591 0.0265950 0.0152982
33 0.4855159 0.5016591 0.0628609 0.0590075
8 0.4855159 0.5016591 0.0265950 0.0152982
18 0.5532123 0.5016591 0.0265950 0.0152982
2 0.6209087 0.5016591 0.0265950 0.0152982
19 0.6886050 0.5016591 0.0265950 0.0152982
27 0.3501232 0.5606666 0.0265950 0.0152983
24 0.4855159 0.5606666 0.0265950 0.0152983
16 0.5532123 0.5606666 0.0265950 0.0152983
11 0.6886050 0.5606666 0.0265950 0.0152983
17 0.3501232 0.6196741 0.0265950 0.0152981
20 0.4178196 0.6196741 0.0265950 0.0152981
14 0.5532123 0.6196741 0.0265950 0.0152981
23 0.6209087 0.6196741 0.0265950 0.0152981
15 0.6886050 0.6196741 0.0265950 0.0152981
6 0.7563013 0.6196741 0.0265950 0.0152981
28 0.4178196 0.6786816 0.0265950 0.0152983
21 0.4855159 0.6786816 0.0265950 0.0152983
4 0.5532123 0.6786816 0.0265950 0.0152983
5 0.6886050 0.6786816 0.0265950 0.0152983
25 0.3501232 0.7376890 0.0265950 0.0152983
9 0.6209087 0.7376890 0.0265950 0.0152983
10 0.6886050 0.7376890 0.0265950 0.0152983
22 0.7563013 0.7376890 0.0265950 0.0152983
3 0.4855159 0.6196741 0.0265950 0.0152981
31 0.7563013 0.5016591 0.0265950 0.0152982
14 0.6209087 0.6786816 0.0265950 0.0152983
15 0.3501232 0.4426517 0.0265950 0.0152982
22 0.4178196 0.7376890 0.0265950 0.0152983
16 0.3501232 0.6786816 0.0265950 0.0152983
15 0.7563013 0.6786816 0.0265950 0.0152983
25 0.5532123 0.7376890 0.0265950 0.0152983
26 0.5532123 0.4426517 0.0265950 0.0152982
17 0.7563013 0.4426517 0.0265950 0.0152982
9 0.4178196 0.5606666 0.0265950 0.0152983
9 0.6209087 0.5606666 0.0265950 0.0152983
9 0.7563013 0.5606666 0.0265950 0.0152983
28 0.4855159 0.7376890 0.0265950 0.0152983
