3 0.4037645 0.7062901 0.0283712 0.0152615
31 0.1148940 0.4708260 0.0283712 0.0152616
32 0.3270332 0.6169009 0.5222881 0.4186029
33 0.1871116 0.4708260 0.0670592 0.0588660
8 0.1871116 0.4708260 0.0283712 0.0152616
5 0.2593292 0.4708260 0.0283712 0.0152616
24 0.4759821 0.4708260 0.0283712 0.0152616
23 0.5481997 0.4708260 0.0283712 0.0152616
17 0.1148940 0.5296920 0.0283712 0.0152616
18 0.3315468 0.5296920 0.0283712 0.0152616
27 0.4759821 0.5296920 0.0283712 0.0152616
6 0.5481997 0.5296920 0.0283712 0.0152616
26 0.1871116 0.5885581 0.0283712 0.0152615
4 0.3315468 0.5885581 0.0283712 0.0152615
30 0.4037645 0.5885581 0.0283712 0.0152615
2 0.4759821 0.5885581 0.0283712 0.0152615
1 0.1871116 0.6474241 0.0283712 0.0152616
19 0.3315468 0.6474241 0.0283712 0.0152616
25 0.1871116 0.7062901 0.0283712 0.0152615
8 0.2593292 0.7062901 0.0283712 0.0152615
15 0.3315468 0.7062901 0.0283712 0.0152615
22 0.4759821 0.7062901 0.0283712 0.0152615
3 0.5481997 0.7062901 0.0283712 0.0152615
1 0.1148940 0.5885581 0.0283712 0.0152615
2 0.4037645 0.4708260 0.0283712 0.0152616
4 0.2593292 0.5885581 0.0283712 0.0152615
30 0.4037645 0.6474241 0.0283712 0.0152616
20 0.1148940 0.7062901 0.0283712 0.0152615
12 0.4037645 0.5296920 0.0283712 0.0152616
26 0.1148940 0.6474241 0.0283712 0.0152616
24 0.2593292 0.5296920 0.0283712 0.0152616
25 0.1871116 0.5296920 0.0283712 0.0152616
29 0.2593292 0.6474241 0.0283712 0.0152616
20 0.5481997 0.6474241 0.0283712 0.0152616
24 0.4759821 0.6474241 0.0283712 0.0152616
13 0.3315468 0.4708260 0.0283712 0.0152616
31 0.5481997 0.5885581 0.0283712 0.0152615
