17 0.4101751 0.3913141 0.0275497 0.0170823
28 0.3400484 0.5758031 0.0275498 0.0170823
32 0.4108012 0.5387914 0.5071663 0.4373073
2 0.3400484 0.3913141 0.0275498 0.0170823
11 0.4803018 0.3913141 0.0275498 0.0170823
10 0.6205552 0.3913141 0.0275498 0.0170823
1 0.1997950 0.4522411 0.0275498 0.0159435
18 0.2699217 0.4522411 0.0275498 0.0159435
24 0.3400484 0.4522411 0.0275498 0.0159435
23 0.4803018 0.4522411 0.0275498 0.0159435
7 0.6205552 0.4522411 0.0275498 0.0159435
31 0.2699217 0.5143068 0.0275498 0.0170822
9 0.3400484 0.5143068 0.0275498 0.0170822
27 0.4803018 0.5143068 0.0275498 0.0170822
6 0.5504285 0.5143068 0.0275497 0.0170822
25 0.6205552 0.5143068 0.0275498 0.0170822
22 0.2699217 0.5758031 0.0275498 0.0170823
5 0.4101751 0.5758031 0.0275497 0.0170823
8 0.4803018 0.5758031 0.0275498 0.0170823
15 0.6205552 0.5758031 0.0275498 0.0170823
29 0.1997950 0.6372994 0.0275498 0.0170823
16 0.2699217 0.6372994 0.0275498 0.0170823
12 0.3400484 0.6372994 0.0275498 0.0170823
21 0.4101751 0.6372994 0.0275497 0.0170823
33 0.5504285 0.6367300 0.0651176 0.0614963
29 0.5504285 0.6372994 0.0275497 0.0170823
30 0.6205552 0.6372994 0.0275498 0.0170823
4 0.1997950 0.6982263 0.0275498 0.0159435
3 0.2699217 0.6982263 0.0275498 0.0159435
26 0.5504285 0.6982263 0.0275497 0.0159435
12 0.5504285 0.5758031 0.0275497 0.0170823
29 0.1997950 0.5758031 0.0275498 0.0170823
18 0.4101751 0.6982263 0.0275497 0.0159435
27 0.5504285 0.3913141 0.0275497 0.0170823
14 0.5504285 0.4522411 0.0275497 0.0159435
5 0.2699217 0.3913141 0.0275498 0.0170823
9 0.1997950 0.3913141 0.0275498 0.0170823
29 0.4101751 0.5143068 0.0275497 0.0170822
22 0.4101751 0.4522411 0.0275497 0.0159435
26 0.4803018 0.6982263 0.0275498 0.0159435
27 0.4803018 0.6372994 0.0275498 0.0170823
29 0.3400484 0.6982263 0.0275498 0.0159435
14 0.1997950 0.5143068 0.0275498 0.0170822
3 0.6205552 0.6982263 0.0275498 0.0159435
