8 0.6274675 0.3683048 0.0288652 0.0160485
15 0.7744177 0.3064033 0.0288653 0.0160486
32 0.5494002 0.3981093 0.5313826 0.4401888
6 0.4805172 0.2445017 0.0288652 0.0160486
14 0.5539924 0.2445017 0.0288652 0.0160486
33 0.7744177 0.2445017 0.0682269 0.0619016
3 0.7744177 0.2445017 0.0288653 0.0160486
4 0.5539924 0.3064033 0.0288652 0.0160486
17 0.6274675 0.3064033 0.0288652 0.0160486
18 0.7009426 0.3064033 0.0288652 0.0160486
21 0.3335670 0.3683048 0.0288652 0.0160485
29 0.4070421 0.3683048 0.0288652 0.0160485
26 0.3335670 0.4302064 0.0288652 0.0160486
24 0.4070421 0.4302064 0.0288652 0.0160486
31 0.5539924 0.4302064 0.0288652 0.0160486
5 0.7744177 0.4302064 0.0288653 0.0160486
8 0.3335670 0.4921080 0.0288652 0.0160486
11 0.4070421 0.4921080 0.0288652 0.0160486
13 0.4805172 0.4921080 0.0288652 0.0160486
30 0.5539924 0.4921080 0.0288652 0.0160486
23 0.6274675 0.4921080 0.0288652 0.0160486
22 0.7009426 0.4921080 0.0288652 0.0160486
9 0.7744177 0.4921080 0.0288653 0.0160486
27 0.3335670 0.2445017 0.0288652 0.0160486
1 0.7009426 0.3683048 0.0288652 0.0160485
7 0.6274675 0.2445017 0.0288652 0.0160486
19 0.7009426 0.2445017 0.0288652 0.0160486
15 0.3335670 0.3064033 0.0288652 0.0160486
22 0.4070421 0.2445017 0.0288652 0.0160486
7 0.6274675 0.4302064 0.0288652 0.0160486
9 0.4805172 0.3683048 0.0288652 0.0160485
12 0.4805172 0.3064033 0.0288652 0.0160486
10 0.5539924 0.3683048 0.0288652 0.0160485
17 0.7744177 0.3683048 0.0288653 0.0160485
2 0.4805172 0.4302064 0.0288652 0.0160486
7 0.7009426 0.4302064 0.0288652 0.0160486
24 0.4070421 0.3064033 0.0288652 0.0160486
