2 0.7526353 0.3304919 0.0267841 0.0152583
25 0.6162796 0.3898904 0.0267842 0.0163482
32 0.5487105 0.4133229 0.4930722 0.4185142
4 0.5481017 0.2721833 0.0267842 0.0163482
15 0.6844575 0.2721833 0.0267842 0.0163482
7 0.7526353 0.2721833 0.0267841 0.0163482
18 0.3435681 0.3304919 0.0267842 0.0152583
28 0.4117460 0.3304919 0.0267842 0.0152583
22 0.5481017 0.3304919 0.0267842 0.0152583
21 0.6162796 0.3304919 0.0267842 0.0152583
9 0.4117460 0.3898904 0.0267842 0.0163482
26 0.5481017 0.3898904 0.0267842 0.0163482
11 0.6844575 0.3898904 0.0267842 0.0163482
10 0.3435681 0.4487440 0.0267842 0.0163482
27 0.4117460 0.4487440 0.0267842 0.0163482
30 0.4799239 0.4487440 0.0267842 0.0163482
33 0.5481017 0.4481990 0.0633080 0.0588536
28 0.5481017 0.4487440 0.0267842 0.0163482
5 0.7526353 0.4487440 0.0267841 0.0163482
8 0.3435681 0.5075975 0.0267842 0.0163482
31 0.4799239 0.5075975 0.0267842 0.0163482
20 0.5481017 0.5075975 0.0267842 0.0163482
24 0.6162796 0.5075975 0.0267842 0.0163482
17 0.4117460 0.5075975 0.0267842 0.0163482
14 0.4799239 0.3304919 0.0267842 0.0152583
10 0.3435681 0.2721833 0.0267842 0.0163482
13 0.6162796 0.4487440 0.0267842 0.0163482
18 0.4799239 0.3898904 0.0267842 0.0163482
1 0.4117460 0.2721833 0.0267842 0.0163482
30 0.7526353 0.3898904 0.0267841 0.0163482
14 0.4799239 0.2721833 0.0267842 0.0163482
19 0.6844575 0.5075975 0.0267842 0.0163482
30 0.3435681 0.3898904 0.0267842 0.0163482
27 0.6844575 0.3304919 0.0267842 0.0152583
9 0.6162796 0.2721833 0.0267842 0.0163482
26 0.7526353 0.5075975 0.0267841 0.0163482
21 0.6844575 0.4487440 0.0267842 0.0163482
