28 0.2677231 0.4212815 0.0288611 0.0163304
6 0.1942586 0.2323160 0.0288611 0.0163304
32 0.2650173 0.3886208 0.5275346 0.4479183
11 0.0473295 0.2323160 0.0288611 0.0163304
5 0.3411877 0.2323160 0.0288611 0.0163304
9 0.4146522 0.2323160 0.0288610 0.0163304
2 0.0473295 0.2953045 0.0288611 0.0163303
18 0.2677231 0.2953045 0.0288611 0.0163303
24 0.3411877 0.2953045 0.0288611 0.0163303
12 0.1207941 0.3582930 0.0288611 0.0163304
15 0.4146522 0.3582930 0.0288610 0.0163304
33 0.0473295 0.4212815 0.0682171 0.0629885
2 0.0473295 0.4212815 0.0288611 0.0163304
26 0.1207941 0.4212815 0.0288611 0.0163304
27 0.1942586 0.4212815 0.0288611 0.0163304
21 0.4146522 0.4212815 0.0288610 0.0163304
31 0.0473295 0.4842700 0.0288611 0.0163304
23 0.1207941 0.4842700 0.0288611 0.0163304
1 0.1942586 0.4842700 0.0288611 0.0163304
29 0.2677231 0.4842700 0.0288611 0.0163304
10 0.3411877 0.4842700 0.0288611 0.0163304
30 0.4146522 0.4842700 0.0288610 0.0163304
7 0.4881167 0.4842700 0.0288611 0.0163304
26 0.1942586 0.3582930 0.0288611 0.0163304
1 0.1207941 0.2953045 0.0288611 0.0163303
10 0.4881167 0.2953045 0.0288611 0.0163303
10 0.0473295 0.3582930 0.0288611 0.0163304
8 0.2677231 0.3582930 0.0288611 0.0163304
3 0.3411877 0.4212815 0.0288611 0.0163304
10 0.4881167 0.4212815 0.0288611 0.0163304
12 0.2677231 0.2323160 0.0288611 0.0163304
21 0.4881167 0.3582930 0.0288611 0.0163304
26 0.4881167 0.2323160 0.0288611 0.0163304
10 0.1942586 0.2953045 0.0288611 0.0163303
29 0.4146522 0.2953045 0.0288610 0.0163303
2 0.1207941 0.2323160 0.0288611 0.0163304
16 0.3411877 0.3582930 0.0288611 0.0163304
