3 0.0803783 0.5182450 0.0266894 0.0162863
17 0.4200620 0.2669709 0.0266895 0.0162863
32 0.2799425 0.4228539 0.4913283 0.4467095
11 0.2162518 0.2669709 0.0266894 0.0162863
21 0.2841885 0.2669709 0.0266894 0.0162863
15 0.0803783 0.3297894 0.0266894 0.0162863
29 0.1483150 0.3297894 0.0266894 0.0162863
14 0.2162518 0.3297894 0.0266894 0.0162863
1 0.2841885 0.3297894 0.0266894 0.0162863
2 0.4879988 0.3297894 0.0266894 0.0162863
9 0.2162518 0.3926079 0.0266894 0.0162863
3 0.3521253 0.3926079 0.0266895 0.0162863
10 0.4200620 0.3926079 0.0266895 0.0162863
13 0.0803783 0.4554265 0.0266894 0.0162863
5 0.1483150 0.4554265 0.0266894 0.0162863
19 0.2841885 0.4554265 0.0266894 0.0162863
6 0.1483150 0.5182450 0.0266894 0.0162863
33 0.2162518 0.5182450 0.0630841 0.0628185
28 0.2162518 0.5182450 0.0266894 0.0162863
4 0.2841885 0.5182450 0.0266894 0.0162863
18 0.3521253 0.5182450 0.0266895 0.0162863
31 0.4200620 0.5182450 0.0266895 0.0162863
27 0.4879988 0.5182450 0.0266894 0.0162863
1 0.4200620 0.4554265 0.0266895 0.0162863
26 0.0803783 0.2669709 0.0266894 0.0162863
26 0.2162518 0.4554265 0.0266894 0.0162863
2 0.1483150 0.3926079 0.0266894 0.0162863
23 0.3521253 0.2669709 0.0266895 0.0162863
25 0.1483150 0.2669709 0.0266894 0.0162863
31 0.4200620 0.3297894 0.0266895 0.0162863
20 0.2841885 0.3926079 0.0266894 0.0162863
13 0.4879988 0.4554265 0.0266894 0.0162863
25 0.4879988 0.2669709 0.0266894 0.0162863
16 0.3521253 0.3297894 0.0266895 0.0162863
19 0.0803783 0.3926079 0.0266894 0.0162863
25 0.3521253 0.4554265 0.0266895 0.0162863
20 0.4879988 0.3926079 0.0266894 0.0162863
