28 0.2300129 0.5835521 0.0285588 0.0153579
20 0.5934888 0.4058399 0.0285588 0.0153579
32 0.3708598 0.5528365 0.5257419 0.4212438
10 0.1573177 0.4058399 0.0285588 0.0153579
7 0.2300129 0.4058399 0.0285588 0.0153579
21 0.3754032 0.4058399 0.0285588 0.0153579
18 0.4480984 0.4058399 0.0285588 0.0153579
9 0.1573177 0.4650773 0.0285588 0.0153578
23 0.2300129 0.4650773 0.0285588 0.0153578
26 0.3027081 0.4650773 0.0285588 0.0153578
5 0.3754032 0.4650773 0.0285588 0.0153578
13 0.4480984 0.4650773 0.0285588 0.0153578
30 0.5207936 0.4650773 0.0285588 0.0153578
2 0.5934888 0.4650773 0.0285588 0.0153578
19 0.2300129 0.5243147 0.0285588 0.0153579
11 0.3027081 0.5243147 0.0285588 0.0153579
27 0.5207936 0.5243147 0.0285588 0.0153579
24 0.1573177 0.5835521 0.0285588 0.0153579
1 0.3027081 0.5835521 0.0285588 0.0153579
17 0.5934888 0.5835521 0.0285588 0.0153579
15 0.3754032 0.6427896 0.0285588 0.0153579
16 0.4480984 0.6427896 0.0285588 0.0153579
8 0.5207936 0.6427896 0.0285588 0.0153579
14 0.5934888 0.6427896 0.0285588 0.0153579
3 0.2300129 0.7020270 0.0285588 0.0153578
12 0.3027081 0.7020270 0.0285588 0.0153578
4 0.3754032 0.7020270 0.0285588 0.0153578
6 0.4480984 0.7020270 0.0285588 0.0153578
33 0.5207936 0.7020270 0.0675027 0.0592375
21 0.5207936 0.7020270 0.0285588 0.0153578
8 0.3027081 0.4058399 0.0285588 0.0153579
9 0.3754032 0.5243147 0.0285588 0.0153579
28 0.2300129 0.6427896 0.0285588 0.0153579
20 0.1573177 0.5243147 0.0285588 0.0153579
9 0.5934888 0.7020270 0.0285588 0.0153578
15 0.4480984 0.5835521 0.0285588 0.0153579
21 0.3754032 0.5835521 0.0285588 0.0153579
25 0.5207936 0.4058399 0.0285588 0.0153579
6 0.5934888 0.5243147 0.0285588 0.0153579
1 0.5207936 0.5835521 0.0285588 0.0153579
17 0.1573177 0.7020270 0.0285588 0.0153578
6 0.3027081 0.6427896 0.0285588 0.0153579
19 0.1573177 0.6427896 0.0285588 0.0153579
2 0.4480984 0.5243147 0.0285588 0.0153579
