28 0.3160093 0.4446308 0.0281620 0.0154033
1 0.4593793 0.5040435 0.0281620 0.0154033
32 0.4548990 0.4138242 0.5184361 0.4224906
25 0.2443243 0.2663926 0.0281620 0.0154033
10 0.3876943 0.2663926 0.0281620 0.0154033
20 0.5310643 0.2663926 0.0281619 0.0154033
28 0.6027493 0.2663926 0.0281620 0.0154033
16 0.2443243 0.3258053 0.0281620 0.0154033
21 0.3876943 0.3258053 0.0281620 0.0154033
30 0.5310643 0.3258053 0.0281619 0.0154033
11 0.6744344 0.3258053 0.0281620 0.0154033
29 0.2443243 0.3852181 0.0281620 0.0154033
12 0.3160093 0.3852181 0.0281620 0.0154033
4 0.3876943 0.3852181 0.0281620 0.0154033
13 0.4593793 0.3852181 0.0281620 0.0154033
24 0.6027493 0.3852181 0.0281620 0.0154033
2 0.2443243 0.4446308 0.0281620 0.0154033
33 0.3876943 0.4446308 0.0665646 0.0594128
31 0.3876943 0.4446308 0.0281620 0.0154033
6 0.5310643 0.4446308 0.0281619 0.0154033
3 0.6744344 0.4446308 0.0281620 0.0154033
1 0.2443243 0.5040435 0.0281620 0.0154033
7 0.6027493 0.5040435 0.0281620 0.0154033
18 0.6744344 0.2663926 0.0281620 0.0154033
11 0.3160093 0.3258053 0.0281620 0.0154033
5 0.6027493 0.4446308 0.0281620 0.0154033
24 0.3160093 0.2663926 0.0281620 0.0154033
12 0.6744344 0.5040435 0.0281620 0.0154033
11 0.5310643 0.5040435 0.0281619 0.0154033
18 0.3160093 0.5040435 0.0281620 0.0154033
1 0.4593793 0.2663926 0.0281620 0.0154033
21 0.6744344 0.3852181 0.0281620 0.0154033
3 0.5310643 0.3852181 0.0281619 0.0154033
18 0.3876943 0.5040435 0.0281620 0.0154033
18 0.6027493 0.3258053 0.0281620 0.0154033
14 0.4593793 0.4446308 0.0281620 0.0154033
21 0.4593793 0.3258053 0.0281620 0.0154033
