12 0.7334503 0.4303688 0.0267529 0.0158169
20 0.4610581 0.3693610 0.0267528 0.0158169
32 0.5929981 0.4597429 0.4924949 0.4338334
25 0.3929601 0.3083531 0.0267528 0.0158169
31 0.7334503 0.3083531 0.0267529 0.0158169
7 0.8015484 0.3083531 0.0267528 0.0158169
24 0.3929601 0.3693610 0.0267528 0.0158169
14 0.5291562 0.3693610 0.0267528 0.0158169
27 0.5972543 0.3693610 0.0267528 0.0158169
23 0.8015484 0.3693610 0.0267528 0.0158169
4 0.3929601 0.4303688 0.0267528 0.0158169
33 0.5291562 0.4303688 0.0632339 0.0610078
25 0.5291562 0.4303688 0.0267528 0.0158169
1 0.5972543 0.4303688 0.0267528 0.0158169
17 0.6653522 0.4303688 0.0267528 0.0158169
22 0.3929601 0.4913766 0.0267528 0.0158169
19 0.4610581 0.4913766 0.0267528 0.0158169
11 0.6653522 0.4913766 0.0267528 0.0158169
21 0.7334503 0.4913766 0.0267529 0.0158169
16 0.8015484 0.4913766 0.0267528 0.0158169
10 0.3929601 0.5523844 0.0267528 0.0158169
26 0.4610581 0.5523844 0.0267528 0.0158169
5 0.5972543 0.5523844 0.0267528 0.0158169
6 0.8015484 0.5523844 0.0267528 0.0158169
3 0.3929601 0.6133922 0.0267528 0.0158169
15 0.5291562 0.6133922 0.0267528 0.0158169
29 0.5972543 0.6133922 0.0267528 0.0158169
20 0.6653522 0.6133922 0.0267528 0.0158169
9 0.7334503 0.6133922 0.0267529 0.0158169
12 0.8015484 0.6133922 0.0267528 0.0158169
1 0.4610581 0.3083531 0.0267528 0.0158169
5 0.5291562 0.3083531 0.0267528 0.0158169
1 0.6653522 0.3083531 0.0267528 0.0158169
5 0.4610581 0.6133922 0.0267528 0.0158169
27 0.5291562 0.4913766 0.0267528 0.0158169
19 0.5972543 0.4913766 0.0267528 0.0158169
19 0.8015484 0.4303688 0.0267528 0.0158169
5 0.7334503 0.5523844 0.0267529 0.0158169
8 0.5972543 0.3083531 0.0267528 0.0158169
25 0.6653522 0.5523844 0.0267528 0.0158169
20 0.4610581 0.4303688 0.0267528 0.0158169
17 0.6653522 0.3693610 0.0267528 0.0158169
17 0.5291562 0.5523844 0.0267528 0.0158169
9 0.7334503 0.3693610 0.0267529 0.0158169
