2 0.4658229 0.6975193 0.0266089 0.0149957
27 0.4658229 0.5239977 0.0266089 0.0149957
32 0.4615897 0.6096874 0.4898465 0.4113102
5 0.2626273 0.4661572 0.0266089 0.0149957
13 0.3980910 0.4661572 0.0266089 0.0149957
6 0.6690184 0.4661572 0.0266090 0.0149957
12 0.3303592 0.5239977 0.0266089 0.0149957
19 0.3980910 0.5239977 0.0266089 0.0149957
31 0.6012866 0.5239977 0.0266090 0.0149957
10 0.2626273 0.5818382 0.0266089 0.0149957
26 0.3980910 0.5818382 0.0266089 0.0149957
18 0.5335548 0.5818382 0.0266089 0.0149957
8 0.6012866 0.5818382 0.0266090 0.0149957
22 0.6690184 0.5818382 0.0266090 0.0149957
17 0.3303592 0.6396788 0.0266089 0.0149957
9 0.3980910 0.6396788 0.0266089 0.0149957
25 0.4658229 0.6396788 0.0266089 0.0149957
20 0.6012866 0.6396788 0.0266090 0.0149957
3 0.6690184 0.6396788 0.0266090 0.0149957
21 0.2626273 0.6975193 0.0266089 0.0149957
4 0.3303592 0.6975193 0.0266089 0.0149957
27 0.3980910 0.6975193 0.0266089 0.0149957
33 0.5335548 0.6975193 0.0628938 0.0578404
15 0.5335548 0.6975193 0.0266089 0.0149957
29 0.6012866 0.6975193 0.0266090 0.0149957
14 0.6690184 0.6975193 0.0266090 0.0149957
1 0.2626273 0.7553598 0.0266089 0.0149957
11 0.3980910 0.7553598 0.0266089 0.0149957
24 0.4658229 0.7553598 0.0266089 0.0149957
16 0.5335548 0.7553598 0.0266089 0.0149957
9 0.6690184 0.5239977 0.0266090 0.0149957
20 0.6012866 0.7553598 0.0266090 0.0149957
16 0.2626273 0.6396788 0.0266089 0.0149957
7 0.5335548 0.6396788 0.0266089 0.0149957
3 0.4658229 0.5818382 0.0266089 0.0149957
24 0.3303592 0.7553598 0.0266089 0.0149957
31 0.6012866 0.4661572 0.0266090 0.0149957
21 0.2626273 0.5239977 0.0266089 0.0149957
27 0.3303592 0.4661572 0.0266089 0.0149957
9 0.5335548 0.4661572 0.0266089 0.0149957
9 0.3303592 0.5818382 0.0266089 0.0149957
20 0.6690184 0.7553598 0.0266090 0.0149957
5 0.5335548 0.5239977 0.0266089 0.0149957
3 0.4658229 0.4661572 0.0266089 0.0149957
