6 0.4829272 0.6689372 0.0273882 0.0157442
7 0.7617886 0.6082094 0.0273882 0.0157442
32 0.6180007 0.5767209 0.5041913 0.4318424
30 0.4829272 0.4260259 0.0273882 0.0157443
11 0.5526426 0.4260259 0.0273882 0.0157443
22 0.6223579 0.4260259 0.0273882 0.0157443
31 0.7617886 0.4260259 0.0273882 0.0157443
12 0.4132119 0.4867537 0.0273882 0.0157443
2 0.4829272 0.4867537 0.0273882 0.0157443
33 0.6223579 0.4867537 0.0647357 0.0607278
1 0.6223579 0.4867537 0.0273882 0.0157443
3 0.6920733 0.4867537 0.0273882 0.0157443
29 0.7617886 0.4867537 0.0273882 0.0157443
1 0.4132119 0.5474816 0.0273882 0.0157443
10 0.4829272 0.5474816 0.0273882 0.0157443
6 0.5526426 0.5474816 0.0273882 0.0157443
5 0.6920733 0.5474816 0.0273882 0.0157443
21 0.7617886 0.5474816 0.0273882 0.0157443
28 0.4132119 0.6082094 0.0273882 0.0157442
4 0.6920733 0.6082094 0.0273882 0.0157442
24 0.8315040 0.6082094 0.0273882 0.0157442
17 0.6223579 0.6689372 0.0273882 0.0157442
26 0.8315040 0.6689372 0.0273882 0.0157442
4 0.8315040 0.4260259 0.0273882 0.0157443
17 0.6223579 0.6082094 0.0273882 0.0157442
2 0.6223579 0.5474816 0.0273882 0.0157443
15 0.8315040 0.5474816 0.0273882 0.0157443
24 0.5526426 0.6082094 0.0273882 0.0157442
6 0.4829272 0.6082094 0.0273882 0.0157442
27 0.4132119 0.6689372 0.0273882 0.0157442
20 0.6920733 0.6689372 0.0273882 0.0157442
29 0.5526426 0.4867537 0.0273882 0.0157443
3 0.7617886 0.6689372 0.0273882 0.0157442
21 0.8315040 0.4867537 0.0273882 0.0157443
18 0.5526426 0.6689372 0.0273882 0.0157442
20 0.6920733 0.4260259 0.0273882 0.0157443
28 0.4132119 0.4260259 0.0273882 0.0157443
