25 0.4067306 0.2452169 0.0268333 0.0162076
13 0.3384278 0.4952773 0.0268332 0.0162076
32 0.2658561 0.4003470 0.4939756 0.4445516
30 0.0652166 0.2452169 0.0268332 0.0162076
4 0.2018222 0.2452169 0.0268332 0.0162076
10 0.2701250 0.2452169 0.0268332 0.0162076
17 0.4750334 0.2452169 0.0268333 0.0162076
15 0.1335194 0.3077320 0.0268332 0.0162076
12 0.2018222 0.3077320 0.0268332 0.0162076
5 0.2701250 0.3077320 0.0268332 0.0162076
33 0.3384278 0.3077320 0.0634240 0.0625151
23 0.3384278 0.3077320 0.0268332 0.0162076
27 0.4750334 0.3077320 0.0268333 0.0162076
7 0.0652166 0.3702471 0.0268332 0.0162076
9 0.1335194 0.3702471 0.0268332 0.0162076
14 0.2018222 0.3702471 0.0268332 0.0162076
24 0.2701250 0.3702471 0.0268332 0.0162076
6 0.3384278 0.3702471 0.0268332 0.0162076
1 0.4067306 0.3702471 0.0268333 0.0162076
11 0.0652166 0.4327621 0.0268332 0.0162076
8 0.1335194 0.4327621 0.0268332 0.0162076
26 0.3384278 0.4327621 0.0268332 0.0162076
20 0.4067306 0.4327621 0.0268333 0.0162076
23 0.4750334 0.4327621 0.0268333 0.0162076
22 0.0652166 0.4952773 0.0268332 0.0162076
2 0.1335194 0.4952773 0.0268332 0.0162076
25 0.2701250 0.4952773 0.0268332 0.0162076
18 0.4067306 0.4952773 0.0268333 0.0162076
19 0.0652166 0.5577923 0.0268332 0.0162076
3 0.3384278 0.5577923 0.0268332 0.0162076
10 0.2701250 0.5577923 0.0268332 0.0162076
29 0.4750334 0.5577923 0.0268333 0.0162076
17 0.4750334 0.4952773 0.0268333 0.0162076
22 0.1335194 0.5577923 0.0268332 0.0162076
12 0.1335194 0.2452169 0.0268332 0.0162076
16 0.2701250 0.4327621 0.0268332 0.0162076
12 0.2018222 0.4952773 0.0268332 0.0162076
20 0.0652166 0.3077320 0.0268332 0.0162076
24 0.4067306 0.3077320 0.0268333 0.0162076
24 0.4067306 0.5577923 0.0268333 0.0162076
16 0.2018222 0.5577923 0.0268332 0.0162076
27 0.2018222 0.4327621 0.0268332 0.0162076
29 0.3384278 0.2452169 0.0268332 0.0162076
24 0.4750334 0.3702471 0.0268333 0.0162076
