16 0.6663925 0.5757507 0.0271857 0.0153071
23 0.8047920 0.5757507 0.0271857 0.0153071
32 0.5928678 0.4860948 0.5004625 0.4198518
3 0.5279930 0.3395841 0.0271856 0.0153071
27 0.5971928 0.3395841 0.0271856 0.0153071
29 0.6663925 0.3395841 0.0271857 0.0153071
20 0.7355923 0.3395841 0.0271855 0.0153071
16 0.3895936 0.3986257 0.0271856 0.0153071
19 0.4587933 0.3986257 0.0271856 0.0153071
21 0.5279930 0.3986257 0.0271856 0.0153071
33 0.7355923 0.3986257 0.0642569 0.0590416
15 0.7355923 0.3986257 0.0271855 0.0153071
17 0.8047920 0.3986257 0.0271857 0.0153071
26 0.3895936 0.4576674 0.0271856 0.0153071
24 0.5279930 0.4576674 0.0271856 0.0153071
2 0.7355923 0.4576674 0.0271855 0.0153071
18 0.8047920 0.4576674 0.0271857 0.0153071
14 0.3895936 0.5167090 0.0271856 0.0153071
12 0.7355923 0.5167090 0.0271855 0.0153071
4 0.8047920 0.5167090 0.0271857 0.0153071
13 0.3895936 0.5757507 0.0271856 0.0153071
7 0.4587933 0.5757507 0.0271856 0.0153071
6 0.5279930 0.5757507 0.0271856 0.0153071
5 0.5971928 0.5757507 0.0271856 0.0153071
16 0.5971928 0.5167090 0.0271856 0.0153071
30 0.6663925 0.3986257 0.0271857 0.0153071
25 0.7355923 0.5757507 0.0271855 0.0153071
30 0.5279930 0.5167090 0.0271856 0.0153071
20 0.6663925 0.5167090 0.0271857 0.0153071
13 0.5971928 0.3986257 0.0271856 0.0153071
18 0.4587933 0.5167090 0.0271856 0.0153071
26 0.8047920 0.3395841 0.0271857 0.0153071
3 0.6663925 0.4576674 0.0271857 0.0153071
16 0.4587933 0.3395841 0.0271856 0.0153071
3 0.4587933 0.4576674 0.0271856 0.0153071
27 0.3895936 0.3395841 0.0271856 0.0153071
25 0.5971928 0.4576674 0.0271856 0.0153071
