26 0.4837893 0.4710840 0.0280768 0.0169414
17 0.4837893 0.4100950 0.0280768 0.0169414
32 0.4129591 0.3733887 0.5168690 0.4336992
24 0.1979161 0.2271281 0.0280768 0.0169414
4 0.2693844 0.2271281 0.0280768 0.0169414
1 0.4123210 0.2271281 0.0280769 0.0169414
21 0.5552576 0.2271281 0.0280768 0.0169414
25 0.1979161 0.2875524 0.0280768 0.0158119
23 0.3408527 0.2875524 0.0280768 0.0158119
28 0.4123210 0.2875524 0.0280769 0.0158119
3 0.5552576 0.2875524 0.0280768 0.0158119
14 0.1979161 0.3491060 0.0280768 0.0169413
15 0.3408527 0.3491060 0.0280768 0.0169413
17 0.4123210 0.3491060 0.0280769 0.0169413
27 0.5552576 0.3491060 0.0280768 0.0169413
33 0.6267258 0.3485413 0.0663634 0.0609889
27 0.6267259 0.3491060 0.0280769 0.0169413
18 0.1979161 0.4100950 0.0280768 0.0169414
13 0.2693844 0.4100950 0.0280768 0.0169414
16 0.4123210 0.4100950 0.0280769 0.0169414
12 0.5552576 0.4100950 0.0280768 0.0169414
29 0.6267259 0.4100950 0.0280769 0.0169414
26 0.6267259 0.4710840 0.0280769 0.0169414
6 0.6267259 0.2271281 0.0280769 0.0169414
31 0.2693844 0.4710840 0.0280768 0.0169414
26 0.4837893 0.2271281 0.0280768 0.0169414
6 0.2693844 0.2875524 0.0280768 0.0158119
7 0.3408527 0.4710840 0.0280768 0.0169414
4 0.6267259 0.2875524 0.0280769 0.0158119
21 0.1979161 0.4710840 0.0280768 0.0169414
2 0.2693844 0.3491060 0.0280768 0.0169413
18 0.4837893 0.3491060 0.0280768 0.0169413
30 0.3408527 0.2271281 0.0280768 0.0169414
5 0.4837893 0.2875524 0.0280768 0.0158119
25 0.5552576 0.4710840 0.0280768 0.0169414
3 0.3408527 0.4100950 0.0280768 0.0169414
19 0.4123210 0.4710840 0.0280769 0.0169414
