19 0.2671584 0.4078446 0.0288203 0.0161275
31 0.1204369 0.4700509 0.0288203 0.0161275
32 0.2645506 0.5000020 0.5266011 0.4423550
21 0.0470762 0.3456385 0.0288203 0.0161275
25 0.1204369 0.3456385 0.0288203 0.0161275
30 0.1937977 0.3456385 0.0288203 0.0161275
26 0.3405192 0.3456385 0.0288203 0.0161275
33 0.4872407 0.3456385 0.0681207 0.0622062
16 0.4872407 0.3456385 0.0288203 0.0161275
9 0.0470762 0.4078446 0.0288203 0.0161275
15 0.1204369 0.4078446 0.0288203 0.0161275
22 0.1937977 0.4078446 0.0288203 0.0161275
27 0.4138799 0.4078446 0.0288203 0.0161275
3 0.4872407 0.4078446 0.0288203 0.0161275
24 0.0470762 0.4700509 0.0288203 0.0161275
31 0.1937977 0.4700509 0.0288203 0.0161275
17 0.2671584 0.4700509 0.0288203 0.0161275
8 0.4872407 0.4700509 0.0288203 0.0161275
18 0.1204369 0.5322570 0.0288203 0.0161275
16 0.3405192 0.5322570 0.0288203 0.0161275
2 0.4138799 0.5322570 0.0288203 0.0161275
11 0.0470762 0.5944632 0.0288203 0.0161275
28 0.4872407 0.5944632 0.0288203 0.0161275
1 0.3405192 0.4078446 0.0288203 0.0161275
29 0.3405192 0.5944632 0.0288203 0.0161275
22 0.4138799 0.5944632 0.0288203 0.0161275
17 0.2671584 0.5322570 0.0288203 0.0161275
10 0.3405192 0.4700509 0.0288203 0.0161275
12 0.0470762 0.5322570 0.0288203 0.0161275
26 0.1937977 0.5322570 0.0288203 0.0161275
27 0.2671584 0.3456385 0.0288203 0.0161275
13 0.4138799 0.4700509 0.0288203 0.0161275
28 0.4872407 0.5322570 0.0288203 0.0161275
25 0.1937977 0.5944632 0.0288203 0.0161275
12 0.4138799 0.3456385 0.0288203 0.0161275
6 0.1204369 0.5944632 0.0288203 0.0161275
18 0.2671584 0.5944632 0.0288203 0.0161275
