20 0.4751745 0.7307850 0.0268858 0.0162402
6 0.5436110 0.6681442 0.0268858 0.0162402
32 0.4024608 0.6356638 0.4949420 0.4454460
10 0.2014288 0.4802217 0.0268857 0.0162402
21 0.2698652 0.4802217 0.0268857 0.0162402
7 0.3383017 0.4802217 0.0268858 0.0162402
29 0.4067381 0.4802217 0.0268858 0.0162402
24 0.5436110 0.4802217 0.0268858 0.0162402
31 0.2014288 0.5428625 0.0268857 0.0162402
27 0.4067381 0.5428625 0.0268858 0.0162402
16 0.6120474 0.5428625 0.0268858 0.0162402
4 0.2698652 0.6055033 0.0268857 0.0162402
19 0.4751745 0.6055033 0.0268858 0.0162402
33 0.5436110 0.6055033 0.0635481 0.0626409
4 0.5436110 0.6055033 0.0268858 0.0162402
22 0.2698652 0.6681442 0.0268857 0.0162402
1 0.4067381 0.6681442 0.0268858 0.0162402
5 0.2014288 0.7307850 0.0268857 0.0162402
25 0.2698652 0.7307850 0.0268857 0.0162402
14 0.3383017 0.7307850 0.0268858 0.0162402
3 0.4067381 0.7307850 0.0268858 0.0162402
8 0.5436110 0.7307850 0.0268858 0.0162402
2 0.6120474 0.7307850 0.0268858 0.0162402
12 0.4751745 0.6681442 0.0268858 0.0162402
24 0.6120474 0.4802217 0.0268858 0.0162402
18 0.6120474 0.6681442 0.0268858 0.0162402
2 0.2014288 0.6055033 0.0268857 0.0162402
11 0.2698652 0.5428625 0.0268857 0.0162402
1 0.4067381 0.6055033 0.0268858 0.0162402
9 0.3383017 0.6681442 0.0268858 0.0162402
25 0.2014288 0.6681442 0.0268857 0.0162402
29 0.6120474 0.6055033 0.0268858 0.0162402
3 0.5436110 0.5428625 0.0268858 0.0162402
5 0.4751745 0.4802217 0.0268858 0.0162402
11 0.3383017 0.5428625 0.0268858 0.0162402
11 0.3383017 0.6055033 0.0268858 0.0162402
2 0.4751745 0.5428625 0.0268858 0.0162402
