23 0.7277028 0.4560048 0.0281240 0.0157651
3 0.7277028 0.3951966 0.0281240 0.0157650
32 0.5084636 0.4244746 0.5177367 0.4324133
11 0.2981730 0.2735804 0.0281240 0.0157651
24 0.3697614 0.2735804 0.0281240 0.0157651
4 0.4413496 0.2735804 0.0281240 0.0157651
22 0.5845262 0.2735804 0.0281240 0.0157651
12 0.6561145 0.2735804 0.0281240 0.0157651
8 0.7277028 0.2735804 0.0281240 0.0157651
7 0.5129379 0.3343886 0.0281239 0.0157651
16 0.5845262 0.3343886 0.0281240 0.0157651
14 0.6561145 0.3343886 0.0281240 0.0157651
17 0.3697614 0.3951966 0.0281240 0.0157650
10 0.3697614 0.4560048 0.0281240 0.0157651
28 0.5129379 0.4560048 0.0281239 0.0157651
31 0.5845262 0.4560048 0.0281240 0.0157651
6 0.6561145 0.4560048 0.0281240 0.0157651
27 0.2981730 0.5168129 0.0281240 0.0157651
18 0.3697614 0.5168129 0.0281240 0.0157651
25 0.5845262 0.5168129 0.0281240 0.0157651
33 0.6561145 0.5168129 0.0664749 0.0608081
24 0.6561145 0.5168129 0.0281240 0.0157651
21 0.7277028 0.5168129 0.0281240 0.0157651
3 0.4413496 0.3343886 0.0281240 0.0157651
13 0.2981730 0.3343886 0.0281240 0.0157651
27 0.3697614 0.3343886 0.0281240 0.0157651
15 0.6561145 0.3951966 0.0281240 0.0157650
20 0.4413496 0.5168129 0.0281240 0.0157651
19 0.5845262 0.3951966 0.0281240 0.0157650
14 0.2981730 0.3951966 0.0281240 0.0157650
5 0.7277028 0.3343886 0.0281240 0.0157651
7 0.4413496 0.3951966 0.0281240 0.0157650
5 0.5129379 0.5168129 0.0281239 0.0157651
3 0.4413496 0.4560048 0.0281240 0.0157651
14 0.5129379 0.2735804 0.0281239 0.0157651
7 0.5129379 0.3951966 0.0281239 0.0157650
7 0.2981730 0.4560048 0.0281240 0.0157651
