21 0.5376786 0.4511097 0.0281181 0.0150493
21 0.6808252 0.5091569 0.0281181 0.0150493
32 0.5332053 0.5951529 0.5176283 0.4127805
8 0.3229588 0.4511097 0.0281181 0.0150493
22 0.3945321 0.4511097 0.0281181 0.0150493
13 0.4661053 0.4511097 0.0281181 0.0150493
20 0.6092519 0.4511097 0.0281181 0.0150493
24 0.7523985 0.4511097 0.0281181 0.0150493
10 0.3229588 0.5091569 0.0281181 0.0150493
18 0.3945321 0.5091569 0.0281181 0.0150493
23 0.4661053 0.5091569 0.0281181 0.0150493
31 0.5376786 0.5091569 0.0281181 0.0150493
6 0.6092519 0.5091569 0.0281181 0.0150493
27 0.4661053 0.5672042 0.0281181 0.0150493
14 0.5376786 0.5672042 0.0281181 0.0150493
15 0.6092519 0.5672042 0.0281181 0.0150493
28 0.6808252 0.5672042 0.0281181 0.0150493
17 0.5376786 0.6252515 0.0281181 0.0150494
3 0.6808252 0.6252515 0.0281181 0.0150494
4 0.7523985 0.6252515 0.0281181 0.0150494
2 0.3229588 0.6832987 0.0281181 0.0150492
29 0.4661053 0.6832987 0.0281181 0.0150492
26 0.5376786 0.6832987 0.0281181 0.0150492
16 0.6092519 0.6832987 0.0281181 0.0150492
21 0.6808252 0.6832987 0.0281181 0.0150492
12 0.7523985 0.6832987 0.0281181 0.0150492
30 0.3229588 0.7413460 0.0281181 0.0150492
33 0.4661053 0.7413460 0.0664609 0.0580473
25 0.4661053 0.7413460 0.0281181 0.0150492
19 0.7523985 0.7413460 0.0281181 0.0150492
4 0.6092519 0.6252515 0.0281181 0.0150494
12 0.6092519 0.7413460 0.0281181 0.0150492
18 0.6808252 0.4511097 0.0281181 0.0150493
12 0.4661053 0.6252515 0.0281181 0.0150494
8 0.3945321 0.6252515 0.0281181 0.0150494
5 0.5376786 0.7413460 0.0281181 0.0150492
13 0.3229588 0.5672042 0.0281181 0.0150493
5 0.3945321 0.7413460 0.0281181 0.0150492
4 0.3945321 0.6832987 0.0281181 0.0150492
12 0.7523985 0.5672042 0.0281181 0.0150493
7 0.3229588 0.6252515 0.0281181 0.0150494
2 0.7523985 0.5091569 0.0281181 0.0150493
29 0.3945321 0.5672042 0.0281181 0.0150493
18 0.6808252 0.7413460 0.0281181 0.0150492
