25 0.4119541 0.5386027 0.0274086 0.0164840
19 0.2026517 0.6567379 0.0274086 0.0153851
32 0.4125770 0.5028874 0.5045683 0.4219901
15 0.2026517 0.3605756 0.0274086 0.0164840
11 0.2724192 0.3605756 0.0274086 0.0164840
30 0.4119541 0.3605756 0.0274086 0.0164840
27 0.5514890 0.3605756 0.0274086 0.0164840
10 0.2026517 0.4193685 0.0274086 0.0153850
31 0.2724192 0.4193685 0.0274086 0.0153850
13 0.3421867 0.4193685 0.0274086 0.0153850
29 0.2724192 0.4792603 0.0274086 0.0164840
2 0.3421867 0.4792603 0.0274086 0.0164840
24 0.4817216 0.4792603 0.0274086 0.0164840
3 0.5514890 0.4792603 0.0274086 0.0164840
23 0.2026517 0.5386027 0.0274086 0.0164840
21 0.2724192 0.5386027 0.0274086 0.0164840
33 0.3421867 0.5380532 0.0647841 0.0593424
13 0.3421867 0.5386027 0.0274086 0.0164840
19 0.4817216 0.5386027 0.0274086 0.0164840
1 0.5514890 0.5386027 0.0274086 0.0164840
9 0.2026517 0.5979450 0.0274086 0.0164840
12 0.2724192 0.5979450 0.0274086 0.0164840
28 0.3421867 0.5979450 0.0274086 0.0164840
22 0.5514890 0.5979450 0.0274086 0.0164840
16 0.2724192 0.6567379 0.0274086 0.0153851
8 0.3421867 0.6567379 0.0274086 0.0153851
20 0.4119541 0.6567379 0.0274086 0.0153851
14 0.4817216 0.6567379 0.0274086 0.0153851
18 0.5514890 0.6567379 0.0274086 0.0153851
26 0.6212565 0.6567379 0.0274087 0.0153851
29 0.6212565 0.4193685 0.0274087 0.0153850
7 0.6212565 0.5979450 0.0274087 0.0164840
27 0.4817216 0.3605756 0.0274086 0.0164840
16 0.2026517 0.4792603 0.0274086 0.0164840
24 0.4817216 0.4193685 0.0274086 0.0153850
12 0.4119541 0.4792603 0.0274086 0.0164840
4 0.6212565 0.3605756 0.0274087 0.0164840
18 0.4817216 0.5979450 0.0274086 0.0164840
15 0.6212565 0.5386027 0.0274087 0.0164840
5 0.6212565 0.4792603 0.0274087 0.0164840
18 0.5514890 0.4193685 0.0274086 0.0153850
4 0.4119541 0.5979450 0.0274086 0.0164840
15 0.3421867 0.3605756 0.0274086 0.0164840
18 0.4119541 0.4193685 0.0274086 0.0153850
