6 0.1402347 0.4754219 0.0283878 0.0157403
26 0.2847544 0.6575597 0.0283878 0.0157403
32 0.3524979 0.5653666 0.5225935 0.4317342
25 0.2124945 0.4147093 0.0283878 0.0157403
8 0.2847544 0.4147093 0.0283878 0.0157403
16 0.5015339 0.4147093 0.0283878 0.0157403
29 0.5737937 0.4147093 0.0283878 0.0157403
17 0.3570142 0.4754219 0.0283878 0.0157403
1 0.5015339 0.4754219 0.0283878 0.0157403
6 0.1402347 0.5361345 0.0283878 0.0157403
2 0.2124945 0.5361345 0.0283878 0.0157403
28 0.2847544 0.5361345 0.0283878 0.0157403
4 0.4292741 0.5361345 0.0283878 0.0157403
22 0.5737937 0.5361345 0.0283878 0.0157403
10 0.1402347 0.5968471 0.0283878 0.0157403
11 0.2124945 0.5968471 0.0283878 0.0157403
18 0.2847544 0.5968471 0.0283878 0.0157403
13 0.3570142 0.5968471 0.0283878 0.0157403
21 0.5737937 0.5968471 0.0283878 0.0157403
33 0.1402347 0.6575597 0.0670984 0.0607126
28 0.1402347 0.6575597 0.0283878 0.0157403
24 0.2124945 0.6575597 0.0283878 0.0157403
30 0.5015339 0.6575597 0.0283878 0.0157403
30 0.4292741 0.5968471 0.0283878 0.0157403
7 0.5737937 0.4754219 0.0283878 0.0157403
14 0.5015339 0.5361345 0.0283878 0.0157403
30 0.3570142 0.6575597 0.0283878 0.0157403
14 0.2124945 0.4754219 0.0283878 0.0157403
3 0.5015339 0.5968471 0.0283878 0.0157403
4 0.1402347 0.4147093 0.0283878 0.0157403
15 0.4292741 0.6575597 0.0283878 0.0157403
15 0.5737937 0.6575597 0.0283878 0.0157403
4 0.3570142 0.5361345 0.0283878 0.0157403
2 0.4292741 0.4147093 0.0283878 0.0157403
1 0.3570142 0.4147093 0.0283878 0.0157403
13 0.4292741 0.4754219 0.0283878 0.0157403
25 0.2847544 0.4754219 0.0283878 0.0157403
