1 0.0994189 0.5871689 0.0271849 0.0148593
18 0.3762111 0.5871689 0.0271849 0.0148593
32 0.3026881 0.5001360 0.5004501 0.4075688
25 0.0994189 0.3579115 0.0271849 0.0148593
16 0.1686169 0.3579115 0.0271849 0.0148593
3 0.2378150 0.3579115 0.0271849 0.0148593
27 0.3762111 0.3579115 0.0271849 0.0148593
24 0.4454091 0.3579115 0.0271849 0.0148593
26 0.5146072 0.3579115 0.0271849 0.0148593
18 0.0994189 0.4152259 0.0271849 0.0148593
17 0.1686169 0.4152259 0.0271849 0.0148593
13 0.2378150 0.4152259 0.0271849 0.0148593
7 0.3070130 0.4152259 0.0271849 0.0148593
12 0.3762111 0.4152259 0.0271849 0.0148593
8 0.0994189 0.4725402 0.0271849 0.0148593
5 0.2378150 0.4725402 0.0271849 0.0148593
31 0.3762111 0.4725402 0.0271849 0.0148593
14 0.4454091 0.4725402 0.0271849 0.0148593
15 0.5146072 0.4725402 0.0271849 0.0148593
10 0.1686169 0.5298546 0.0271849 0.0148593
20 0.2378150 0.5298546 0.0271849 0.0148593
33 0.4454091 0.5298546 0.0642553 0.0573143
29 0.4454091 0.5298546 0.0271849 0.0148593
4 0.1686169 0.5871689 0.0271849 0.0148593
22 0.2378150 0.5871689 0.0271849 0.0148593
21 0.5146072 0.5871689 0.0271849 0.0148593
28 0.0994189 0.6444832 0.0271849 0.0148593
1 0.1686169 0.6444832 0.0271849 0.0148593
9 0.3070130 0.6444832 0.0271849 0.0148593
6 0.5146072 0.6444832 0.0271849 0.0148593
11 0.3762111 0.5298546 0.0271849 0.0148593
16 0.5146072 0.4152259 0.0271849 0.0148593
18 0.4454091 0.6444832 0.0271849 0.0148593
21 0.3070130 0.4725402 0.0271849 0.0148593
31 0.1686169 0.4725402 0.0271849 0.0148593
5 0.3070130 0.5871689 0.0271849 0.0148593
3 0.3070130 0.5298546 0.0271849 0.0148593
16 0.2378150 0.6444832 0.0271849 0.0148593
13 0.3070130 0.3579115 0.0271849 0.0148593
16 0.5146072 0.5298546 0.0271849 0.0148593
9 0.4454091 0.4152259 0.0271849 0.0148593
14 0.4454091 0.5871689 0.0271849 0.0148593
21 0.3762111 0.6444832 0.0271849 0.0148593
7 0.0994189 0.5298546 0.0271849 0.0148593
