20 0.7631546 0.4031872 0.0263184 0.0164043
19 0.5621779 0.3441315 0.0263184 0.0164044
32 0.5627761 0.3676444 0.4844973 0.4199510
16 0.4281935 0.2260203 0.0263184 0.0164043
19 0.7631546 0.2260203 0.0263184 0.0164043
22 0.3612012 0.2845291 0.0263184 0.0153107
30 0.4281935 0.2845291 0.0263184 0.0153107
13 0.6291702 0.2845291 0.0263184 0.0153107
14 0.6961623 0.2845291 0.0263184 0.0153107
8 0.7631546 0.2845291 0.0263184 0.0153107
18 0.3612012 0.3441315 0.0263184 0.0164044
15 0.4951857 0.3441315 0.0263184 0.0164044
26 0.6291702 0.3441315 0.0263184 0.0164044
21 0.6961623 0.3441315 0.0263184 0.0164044
17 0.7631546 0.3441315 0.0263184 0.0164044
28 0.3612012 0.4031872 0.0263184 0.0164043
6 0.4281935 0.4031872 0.0263184 0.0164043
20 0.5621779 0.4031872 0.0263184 0.0164043
33 0.6961624 0.4026403 0.0622071 0.0590557
8 0.6961623 0.4031872 0.0263184 0.0164043
10 0.4281935 0.4622428 0.0263184 0.0164044
5 0.4951857 0.4622428 0.0263184 0.0164044
12 0.5621779 0.4622428 0.0263184 0.0164044
25 0.6291702 0.4622428 0.0263184 0.0164044
7 0.7631546 0.4622428 0.0263184 0.0164044
31 0.3612012 0.5207515 0.0263184 0.0153107
23 0.4281935 0.5207515 0.0263184 0.0153107
9 0.6291702 0.5207515 0.0263184 0.0153107
4 0.6961623 0.5207515 0.0263184 0.0153107
11 0.7631546 0.5207515 0.0263184 0.0153107
2 0.6961623 0.4622428 0.0263184 0.0164044
6 0.6961623 0.2260203 0.0263184 0.0164043
17 0.6291702 0.4031872 0.0263184 0.0164043
26 0.3612012 0.2260203 0.0263184 0.0164043
19 0.4951857 0.5207515 0.0263184 0.0153107
11 0.3612012 0.4622428 0.0263184 0.0164044
6 0.5621779 0.5207515 0.0263184 0.0153107
27 0.4951857 0.4031872 0.0263184 0.0164043
21 0.4951857 0.2260203 0.0263184 0.0164043
17 0.5621779 0.2260203 0.0263184 0.0164043
22 0.4951857 0.2845291 0.0263184 0.0153107
29 0.6291702 0.2260203 0.0263184 0.0164043
23 0.5621779 0.2845291 0.0263184 0.0153107
25 0.4281935 0.3441315 0.0263184 0.0164044
