18 0.8559998 0.3706236 0.0276469 0.0151928
14 0.7152519 0.4292245 0.0276469 0.0151928
32 0.6404796 0.4574397 0.5089542 0.4167177
29 0.4337563 0.3120226 0.0276469 0.0151928
31 0.5041302 0.3120226 0.0276469 0.0151928
12 0.5745041 0.3120226 0.0276469 0.0151928
30 0.7856258 0.3120226 0.0276469 0.0151928
11 0.8559998 0.3120226 0.0276469 0.0151928
18 0.4337563 0.3706236 0.0276469 0.0151928
22 0.5041302 0.3706236 0.0276469 0.0151928
14 0.6448779 0.3706236 0.0276469 0.0151928
24 0.7152519 0.3706236 0.0276469 0.0151928
8 0.7856258 0.3706236 0.0276469 0.0151928
17 0.4337563 0.4292245 0.0276469 0.0151928
23 0.5745041 0.4292245 0.0276469 0.0151928
27 0.6448779 0.4292245 0.0276469 0.0151928
26 0.7856258 0.4292245 0.0276469 0.0151928
7 0.4337563 0.4878254 0.0276469 0.0151928
3 0.7856258 0.4878254 0.0276469 0.0151928
9 0.4337563 0.5464264 0.0276469 0.0151928
21 0.6448779 0.5464264 0.0276469 0.0151928
33 0.7856258 0.5464264 0.0653472 0.0586009
22 0.7856258 0.5464264 0.0276469 0.0151928
4 0.6448779 0.3120226 0.0276469 0.0151928
29 0.8559998 0.4292245 0.0276469 0.0151928
3 0.5041302 0.5464264 0.0276469 0.0151928
28 0.6448779 0.4878254 0.0276469 0.0151928
31 0.5745041 0.5464264 0.0276469 0.0151928
30 0.7152519 0.3120226 0.0276469 0.0151928
3 0.8559998 0.4878254 0.0276469 0.0151928
17 0.8559998 0.5464264 0.0276469 0.0151928
17 0.5745041 0.3706236 0.0276469 0.0151928
18 0.5041302 0.4292245 0.0276469 0.0151928
24 0.7152519 0.4878254 0.0276469 0.0151928
4 0.7152519 0.5464264 0.0276469 0.0151928
26 0.5745041 0.4878254 0.0276469 0.0151928
4 0.5041302 0.4878254 0.0276469 0.0151928
