4 0.3782355 0.4928461 0.0267386 0.0150741
19 0.6504826 0.6091324 0.0267385 0.0150741
32 0.4420434 0.5208410 0.4922325 0.4134623
13 0.3101737 0.3765599 0.0267385 0.0150742
11 0.3782355 0.3765599 0.0267386 0.0150742
22 0.4462973 0.3765599 0.0267385 0.0150742
10 0.5143591 0.3765599 0.0267386 0.0150742
28 0.6504826 0.3765599 0.0267385 0.0150742
12 0.4462973 0.4347030 0.0267385 0.0150741
15 0.6504826 0.4347030 0.0267385 0.0150741
27 0.2421119 0.4928461 0.0267386 0.0150741
25 0.3101737 0.4928461 0.0267385 0.0150741
4 0.5143591 0.4928461 0.0267386 0.0150741
24 0.5824208 0.4928461 0.0267386 0.0150741
17 0.6504826 0.4928461 0.0267385 0.0150741
19 0.2421119 0.5509892 0.0267386 0.0150742
5 0.3101737 0.5509892 0.0267385 0.0150742
23 0.3782355 0.5509892 0.0267386 0.0150742
33 0.5143591 0.5509892 0.0632002 0.0581432
4 0.5143591 0.5509892 0.0267386 0.0150742
9 0.6504826 0.5509892 0.0267385 0.0150742
8 0.2421119 0.6091324 0.0267386 0.0150741
6 0.3782355 0.6091324 0.0267386 0.0150741
4 0.3101737 0.4347030 0.0267385 0.0150741
21 0.3782355 0.4347030 0.0267386 0.0150741
29 0.2421119 0.4347030 0.0267386 0.0150741
28 0.3101737 0.6091324 0.0267385 0.0150741
6 0.4462973 0.5509892 0.0267385 0.0150742
27 0.2421119 0.3765599 0.0267386 0.0150742
25 0.5143591 0.4347030 0.0267386 0.0150741
23 0.5824208 0.3765599 0.0267386 0.0150742
3 0.4462973 0.6091324 0.0267385 0.0150741
29 0.5824208 0.4347030 0.0267386 0.0150741
30 0.5824208 0.5509892 0.0267386 0.0150742
16 0.5143591 0.6091324 0.0267386 0.0150741
27 0.5824208 0.6091324 0.0267386 0.0150741
23 0.4462973 0.4928461 0.0267385 0.0150741
