21 0.5118074 0.6003890 0.0278951 0.0155745
4 0.3697963 0.4802434 0.0278950 0.0155745
32 0.2943529 0.4490944 0.5135223 0.4271846
5 0.0857740 0.3000248 0.0278950 0.0155744
21 0.2277851 0.3000248 0.0278950 0.0155744
20 0.4408018 0.3000248 0.0278951 0.0155744
12 0.5118074 0.3000248 0.0278951 0.0155744
6 0.0857740 0.3600977 0.0278950 0.0155744
10 0.2277851 0.3600977 0.0278950 0.0155744
15 0.4408018 0.3600977 0.0278951 0.0155744
18 0.5118074 0.3600977 0.0278951 0.0155744
2 0.4408018 0.4201705 0.0278951 0.0155745
3 0.0857740 0.4802434 0.0278950 0.0155745
13 0.1567796 0.4802434 0.0278950 0.0155745
1 0.2987907 0.4802434 0.0278950 0.0155745
11 0.4408018 0.4802434 0.0278951 0.0155745
25 0.0857740 0.5403162 0.0278950 0.0155745
8 0.1567796 0.5403162 0.0278950 0.0155745
16 0.2277851 0.5403162 0.0278950 0.0155745
17 0.2987907 0.5403162 0.0278950 0.0155745
27 0.3697963 0.5403162 0.0278950 0.0155745
29 0.4408018 0.5403162 0.0278951 0.0155745
22 0.5118074 0.5403162 0.0278951 0.0155745
31 0.0857740 0.6003890 0.0278950 0.0155745
14 0.1567796 0.6003890 0.0278950 0.0155745
33 0.2277852 0.6003891 0.0659337 0.0600728
11 0.2277851 0.6003890 0.0278950 0.0155745
9 0.2987907 0.6003890 0.0278950 0.0155745
7 0.3697963 0.6003890 0.0278950 0.0155745
24 0.4408018 0.6003890 0.0278951 0.0155745
9 0.1567796 0.3600977 0.0278950 0.0155744
13 0.0857740 0.4201705 0.0278950 0.0155745
16 0.3697963 0.3600977 0.0278950 0.0155744
2 0.2277851 0.4201705 0.0278950 0.0155745
29 0.5118074 0.4201705 0.0278951 0.0155745
24 0.2987907 0.4201705 0.0278950 0.0155745
19 0.3697963 0.4201705 0.0278950 0.0155745
7 0.2987907 0.3000248 0.0278950 0.0155744
8 0.2277851 0.4802434 0.0278950 0.0155745
6 0.5118074 0.4802434 0.0278951 0.0155745
14 0.3697963 0.3000248 0.0278950 0.0155744
2 0.1567796 0.4201705 0.0278950 0.0155745
17 0.1567796 0.3000248 0.0278950 0.0155744
3 0.2987907 0.3600977 0.0278950 0.0155744
