19 0.5937793 0.6365770 0.0277163 0.0148102
6 0.7348801 0.5223274 0.0277163 0.0148101
32 0.5893699 0.6069568 0.5102306 0.4062210
5 0.3821281 0.4652026 0.0277162 0.0148101
27 0.4526785 0.4652026 0.0277162 0.0148101
12 0.5232288 0.4652026 0.0277163 0.0148101
2 0.6643297 0.4652026 0.0277162 0.0148101
23 0.8054305 0.4652026 0.0277162 0.0148101
16 0.4526785 0.5223274 0.0277162 0.0148101
31 0.5232288 0.5223274 0.0277163 0.0148101
6 0.3821281 0.5794522 0.0277162 0.0148102
25 0.4526785 0.5794522 0.0277162 0.0148102
17 0.6643297 0.5794522 0.0277162 0.0148102
9 0.8054305 0.5794522 0.0277162 0.0148102
1 0.3821281 0.6365770 0.0277162 0.0148102
26 0.4526785 0.6365770 0.0277162 0.0148102
20 0.5232288 0.6365770 0.0277163 0.0148102
10 0.8054305 0.6365770 0.0277162 0.0148102
33 0.3821281 0.6937019 0.0655111 0.0571248
10 0.3821281 0.6937019 0.0277162 0.0148102
29 0.5232288 0.6937019 0.0277163 0.0148102
8 0.6643297 0.6937019 0.0277162 0.0148102
22 0.8054305 0.6937019 0.0277162 0.0148102
7 0.8054305 0.5223274 0.0277162 0.0148101
24 0.7348801 0.6937019 0.0277163 0.0148102
10 0.6643297 0.5223274 0.0277162 0.0148101
25 0.3821281 0.5223274 0.0277162 0.0148101
24 0.4526785 0.6937019 0.0277162 0.0148102
20 0.6643297 0.6365770 0.0277162 0.0148102
21 0.5937793 0.6937019 0.0277163 0.0148102
6 0.7348801 0.4652026 0.0277163 0.0148101
6 0.5937793 0.4652026 0.0277163 0.0148101
30 0.5937793 0.5223274 0.0277163 0.0148101
18 0.5232288 0.5794522 0.0277163 0.0148102
10 0.7348801 0.5794522 0.0277163 0.0148102
4 0.7348801 0.6365770 0.0277163 0.0148102
26 0.5937793 0.5794522 0.0277163 0.0148102
