31 0.6358368 0.3352986 0.0270011 0.0162839
30 0.6358368 0.5865361 0.0270011 0.0162839
32 0.4253510 0.4911589 0.4970653 0.4466443
24 0.2921866 0.3352986 0.0270011 0.0162839
3 0.3609167 0.3352986 0.0270011 0.0162839
25 0.4296467 0.3352986 0.0270010 0.0162839
19 0.4983767 0.3352986 0.0270011 0.0162839
20 0.5671067 0.3352986 0.0270011 0.0162839
7 0.2921866 0.3981080 0.0270011 0.0162839
16 0.3609167 0.3981080 0.0270011 0.0162839
31 0.4296467 0.3981080 0.0270010 0.0162839
8 0.4983767 0.3981080 0.0270011 0.0162839
29 0.2234566 0.4609174 0.0270011 0.0162839
15 0.2921866 0.4609174 0.0270011 0.0162839
2 0.3609167 0.4609174 0.0270011 0.0162839
23 0.4296467 0.4609174 0.0270010 0.0162839
27 0.4983767 0.4609174 0.0270011 0.0162839
6 0.5671067 0.4609174 0.0270011 0.0162839
21 0.6358368 0.4609174 0.0270011 0.0162839
22 0.2921866 0.5237267 0.0270011 0.0162839
26 0.4296467 0.5237267 0.0270010 0.0162839
17 0.5671067 0.5237267 0.0270011 0.0162839
9 0.2921866 0.5865361 0.0270011 0.0162839
18 0.4296467 0.5865361 0.0270010 0.0162839
30 0.5671067 0.5865361 0.0270011 0.0162839
33 0.3609166 0.6493454 0.0638207 0.0628093
10 0.3609167 0.6493454 0.0270011 0.0162839
1 0.4296467 0.6493454 0.0270010 0.0162839
10 0.4983767 0.6493454 0.0270011 0.0162839
4 0.6358368 0.6493454 0.0270011 0.0162839
8 0.2234566 0.3981080 0.0270011 0.0162839
15 0.2234566 0.5865361 0.0270011 0.0162839
27 0.6358368 0.3981080 0.0270011 0.0162839
6 0.5671067 0.6493454 0.0270011 0.0162839
11 0.6358368 0.5237267 0.0270011 0.0162839
20 0.4983767 0.5237267 0.0270011 0.0162839
25 0.2234566 0.6493454 0.0270011 0.0162839
14 0.4983767 0.5865361 0.0270011 0.0162839
8 0.3609167 0.5865361 0.0270011 0.0162839
12 0.2921866 0.6493454 0.0270011 0.0162839
8 0.2234566 0.3352986 0.0270011 0.0162839
17 0.5671067 0.3981080 0.0270011 0.0162839
23 0.3609167 0.5237267 0.0270011 0.0162839
14 0.2234566 0.5237267 0.0270011 0.0162839
