8 0.3085293 0.5130072 0.0276575 0.0155336
19 0.5901336 0.4530920 0.0276575 0.0155336
32 0.4449314 0.6017706 0.5091507 0.4260639
12 0.3789304 0.4530920 0.0276575 0.0155336
11 0.4493315 0.4530920 0.0276575 0.0155336
10 0.6605347 0.4530920 0.0276575 0.0155336
9 0.2381282 0.5130072 0.0276575 0.0155336
16 0.4493315 0.5130072 0.0276575 0.0155336
20 0.6605347 0.5130072 0.0276575 0.0155336
5 0.3789304 0.5729225 0.0276575 0.0155336
21 0.4493315 0.5729225 0.0276575 0.0155336
17 0.5197326 0.5729225 0.0276575 0.0155336
25 0.5901336 0.5729225 0.0276575 0.0155336
30 0.6605347 0.5729225 0.0276575 0.0155336
15 0.3085293 0.6328377 0.0276575 0.0155336
24 0.3789304 0.6328377 0.0276575 0.0155336
2 0.4493315 0.6328377 0.0276575 0.0155336
22 0.5197326 0.6328377 0.0276575 0.0155336
26 0.5901336 0.6328377 0.0276575 0.0155336
13 0.6605347 0.6328377 0.0276575 0.0155336
3 0.3789304 0.6927530 0.0276575 0.0155336
7 0.4493315 0.6927530 0.0276575 0.0155336
33 0.5901336 0.6927529 0.0653724 0.0599152
8 0.5901336 0.6927530 0.0276575 0.0155336
31 0.6605347 0.6927530 0.0276575 0.0155336
23 0.3789304 0.7526682 0.0276575 0.0155336
6 0.4493315 0.7526682 0.0276575 0.0155336
8 0.5197326 0.7526682 0.0276575 0.0155336
14 0.6605347 0.7526682 0.0276575 0.0155336
10 0.5197326 0.5130072 0.0276575 0.0155336
17 0.5197326 0.6927530 0.0276575 0.0155336
27 0.2381282 0.7526682 0.0276575 0.0155336
13 0.2381282 0.5729225 0.0276575 0.0155336
1 0.3789304 0.5130072 0.0276575 0.0155336
11 0.3085293 0.5729225 0.0276575 0.0155336
20 0.5901336 0.5130072 0.0276575 0.0155336
9 0.3085293 0.4530920 0.0276575 0.0155336
15 0.3085293 0.7526682 0.0276575 0.0155336
26 0.2381282 0.6328377 0.0276575 0.0155336
27 0.2381282 0.4530920 0.0276575 0.0155336
3 0.5197326 0.4530920 0.0276575 0.0155336
24 0.2381282 0.6927530 0.0276575 0.0155336
11 0.3085293 0.6927530 0.0276575 0.0155336
26 0.5901336 0.7526682 0.0276575 0.0155336
