26 0.2544584 0.3228203 0.0277700 0.0150172
6 0.3958331 0.4386667 0.0277700 0.0150171
32 0.3207278 0.3507092 0.5112211 0.4118983
25 0.1837710 0.2069739 0.0277700 0.0150171
21 0.3251458 0.2069739 0.0277700 0.0150171
16 0.3958331 0.2069739 0.0277700 0.0150171
8 0.5372079 0.2069739 0.0277700 0.0150171
30 0.1837710 0.2648971 0.0277700 0.0150171
3 0.2544584 0.2648971 0.0277700 0.0150171
5 0.4665205 0.2648971 0.0277700 0.0150171
2 0.1130836 0.3228203 0.0277700 0.0150172
31 0.1837710 0.3228203 0.0277700 0.0150172
12 0.4665205 0.3228203 0.0277700 0.0150172
27 0.5372079 0.3228203 0.0277700 0.0150172
4 0.1130836 0.3807434 0.0277700 0.0150172
33 0.2544584 0.3807435 0.0656383 0.0579232
6 0.2544584 0.3807434 0.0277700 0.0150172
14 0.3251458 0.3807434 0.0277700 0.0150172
17 0.4665205 0.3807434 0.0277700 0.0150172
19 0.1130836 0.4386667 0.0277700 0.0150171
24 0.3251458 0.4386667 0.0277700 0.0150171
22 0.4665205 0.4386667 0.0277700 0.0150171
17 0.3251458 0.3228203 0.0277700 0.0150172
21 0.2544584 0.2069739 0.0277700 0.0150171
28 0.5372079 0.2648971 0.0277700 0.0150171
24 0.3251458 0.2648971 0.0277700 0.0150171
15 0.2544584 0.4386667 0.0277700 0.0150171
24 0.1130836 0.2648971 0.0277700 0.0150171
19 0.5372079 0.4386667 0.0277700 0.0150171
6 0.1837710 0.4386667 0.0277700 0.0150171
24 0.4665205 0.2069739 0.0277700 0.0150171
26 0.1837710 0.3807434 0.0277700 0.0150172
1 0.3958331 0.2648971 0.0277700 0.0150171
5 0.3958331 0.3228203 0.0277700 0.0150172
29 0.5372079 0.3807434 0.0277700 0.0150172
6 0.1130836 0.2069739 0.0277700 0.0150171
29 0.3958331 0.3807434 0.0277700 0.0150172
