2 0.2094933 0.6783264 0.0262327 0.0163955
2 0.0759451 0.6193030 0.0262327 0.0163955
32 0.2768636 0.5837796 0.4829197 0.4197228
29 0.0759451 0.4422324 0.0262327 0.0163954
18 0.1427192 0.4422324 0.0262327 0.0163954
9 0.2094933 0.4422324 0.0262327 0.0163954
33 0.4765896 0.4416859 0.0620045 0.0590235
30 0.4765896 0.4422324 0.0262327 0.0163954
11 0.1427192 0.5007094 0.0262327 0.0153024
20 0.2094933 0.5007094 0.0262327 0.0153024
6 0.4098155 0.5007094 0.0262327 0.0153024
15 0.4765896 0.5007094 0.0262327 0.0153024
25 0.0759451 0.5602794 0.0262327 0.0163954
14 0.1427192 0.5602794 0.0262327 0.0163954
28 0.2762674 0.5602794 0.0262327 0.0163954
1 0.3430415 0.5602794 0.0262327 0.0163954
3 0.4098155 0.5602794 0.0262327 0.0163954
27 0.2094933 0.6193030 0.0262327 0.0163955
17 0.2762674 0.6193030 0.0262327 0.0163955
8 0.4765896 0.6193030 0.0262327 0.0163955
21 0.4098155 0.6783264 0.0262327 0.0163955
12 0.4765896 0.6783264 0.0262327 0.0163955
20 0.4098155 0.6193030 0.0262327 0.0163955
28 0.2762674 0.4422324 0.0262327 0.0163954
10 0.4765896 0.5602794 0.0262327 0.0163954
20 0.3430415 0.6193030 0.0262327 0.0163955
3 0.0759451 0.6783264 0.0262327 0.0163955
25 0.2762674 0.5007094 0.0262327 0.0153024
19 0.0759451 0.5007094 0.0262327 0.0153024
29 0.1427192 0.6193030 0.0262327 0.0163955
9 0.2762674 0.6783264 0.0262327 0.0163955
15 0.2094933 0.5602794 0.0262327 0.0163954
13 0.1427192 0.6783264 0.0262327 0.0163955
24 0.3430415 0.6783264 0.0262327 0.0163955
19 0.3430415 0.5007094 0.0262327 0.0153024
18 0.4098155 0.4422324 0.0262327 0.0163954
17 0.3430415 0.4422324 0.0262327 0.0163954
