26 0.5406668 0.6725262 0.0274768 0.0170745
24 0.4707259 0.7339945 0.0274768 0.0170745
32 0.4014095 0.6355315 0.5058225 0.4371076
21 0.4007850 0.4881215 0.0274768 0.0170745
10 0.5406668 0.4881215 0.0274768 0.0170745
33 0.6106077 0.4875524 0.0649451 0.0614683
10 0.6106077 0.4881215 0.0274768 0.0170745
15 0.3308441 0.5490207 0.0274768 0.0159362
25 0.4007850 0.5490207 0.0274768 0.0159362
27 0.5406668 0.5490207 0.0274768 0.0159362
7 0.6106077 0.5490207 0.0274768 0.0159362
8 0.2609032 0.6110580 0.0274768 0.0170745
2 0.3308441 0.6110580 0.0274768 0.0170745
22 0.4007850 0.6110580 0.0274768 0.0170745
4 0.4707259 0.6110580 0.0274768 0.0170745
6 0.5406668 0.6110580 0.0274768 0.0170745
18 0.6106077 0.6110580 0.0274768 0.0170745
26 0.2609032 0.6725262 0.0274768 0.0170745
31 0.4007850 0.6725262 0.0274768 0.0170745
5 0.2609032 0.7339945 0.0274768 0.0170745
16 0.4007850 0.7339945 0.0274768 0.0170745
14 0.6106077 0.7339945 0.0274768 0.0170745
27 0.2609032 0.5490207 0.0274768 0.0159362
9 0.4707259 0.6725262 0.0274768 0.0170745
6 0.5406668 0.7339945 0.0274768 0.0170745
15 0.3308441 0.4881215 0.0274768 0.0170745
30 0.3308441 0.7339945 0.0274768 0.0170745
9 0.6106077 0.6725262 0.0274768 0.0170745
13 0.4707259 0.5490207 0.0274768 0.0159362
17 0.1909623 0.4881215 0.0274768 0.0170745
20 0.1909623 0.6725262 0.0274768 0.0170745
17 0.1909623 0.7339945 0.0274768 0.0170745
8 0.1909623 0.5490207 0.0274768 0.0159362
12 0.2609032 0.4881215 0.0274768 0.0170745
23 0.4707259 0.4881215 0.0274768 0.0170745
10 0.3308441 0.6725262 0.0274768 0.0170745
12 0.1909623 0.6110580 0.0274768 0.0170745
