16 0.5678504 0.5925466 0.0285635 0.0159996
21 0.5678504 0.6542596 0.0285635 0.0159997
32 0.3451847 0.5605472 0.5258287 0.4388483
30 0.1316073 0.4074075 0.0285635 0.0159997
14 0.2770217 0.4074075 0.0285635 0.0159997
18 0.3497289 0.4074075 0.0285635 0.0159997
2 0.4951432 0.4074075 0.0285635 0.0159997
13 0.5678504 0.4074075 0.0285635 0.0159997
9 0.1316073 0.4691205 0.0285635 0.0159997
33 0.2043145 0.4691205 0.0675138 0.0617130
19 0.2043145 0.4691205 0.0285635 0.0159997
6 0.2770217 0.4691205 0.0285635 0.0159997
27 0.4951432 0.4691205 0.0285635 0.0159997
20 0.1316073 0.5308336 0.0285635 0.0159997
11 0.2043145 0.5308336 0.0285635 0.0159997
3 0.2770217 0.5308336 0.0285635 0.0159997
31 0.5678504 0.5308336 0.0285635 0.0159997
24 0.1316073 0.6542596 0.0285635 0.0159997
7 0.2770217 0.6542596 0.0285635 0.0159997
12 0.3497289 0.6542596 0.0285635 0.0159997
21 0.4224361 0.6542596 0.0285635 0.0159997
26 0.4951432 0.6542596 0.0285635 0.0159997
30 0.3497289 0.5308336 0.0285635 0.0159997
3 0.2043145 0.4074075 0.0285635 0.0159997
17 0.4224361 0.4074075 0.0285635 0.0159997
12 0.4224361 0.4691205 0.0285635 0.0159997
28 0.4224361 0.5925466 0.0285635 0.0159996
11 0.2043145 0.5925466 0.0285635 0.0159996
26 0.1316073 0.5925466 0.0285635 0.0159996
14 0.4951432 0.5308336 0.0285635 0.0159997
21 0.2770217 0.5925466 0.0285635 0.0159996
24 0.5678504 0.4691205 0.0285635 0.0159997
13 0.4224361 0.5308336 0.0285635 0.0159997
18 0.2043145 0.6542596 0.0285635 0.0159997
25 0.3497289 0.5925466 0.0285635 0.0159996
13 0.3497289 0.4691205 0.0285635 0.0159997
6 0.4951432 0.5925466 0.0285635 0.0159996
