30 0.4091660 0.5984842 0.0270923 0.0163015
20 0.2712414 0.5356068 0.0270923 0.0163015
32 0.4048558 0.5030037 0.4987449 0.4471283
24 0.2022792 0.3469746 0.0270923 0.0163015
3 0.2712414 0.3469746 0.0270923 0.0163015
13 0.4091660 0.3469746 0.0270923 0.0163015
31 0.5470905 0.3469746 0.0270923 0.0163015
11 0.6160527 0.3469746 0.0270923 0.0163015
6 0.4091660 0.4098520 0.0270923 0.0163016
30 0.5470905 0.4098520 0.0270923 0.0163016
2 0.2022792 0.4727294 0.0270923 0.0163015
14 0.2712414 0.4727294 0.0270923 0.0163015
8 0.4781282 0.4727294 0.0270923 0.0163015
22 0.6160527 0.4727294 0.0270923 0.0163015
4 0.2022792 0.5356068 0.0270923 0.0163015
16 0.3402037 0.5356068 0.0270923 0.0163015
25 0.4091660 0.5356068 0.0270923 0.0163015
12 0.4781282 0.5356068 0.0270923 0.0163015
33 0.5470905 0.5356068 0.0640364 0.0628774
19 0.5470905 0.5356068 0.0270923 0.0163015
23 0.2022792 0.5984842 0.0270923 0.0163015
7 0.2712414 0.5984842 0.0270923 0.0163015
26 0.4781282 0.5984842 0.0270923 0.0163015
1 0.5470905 0.5984842 0.0270923 0.0163015
20 0.2022792 0.6613616 0.0270923 0.0163015
9 0.3402037 0.6613616 0.0270923 0.0163015
21 0.4091660 0.6613616 0.0270923 0.0163015
15 0.4781282 0.6613616 0.0270923 0.0163015
27 0.5470905 0.6613616 0.0270923 0.0163015
2 0.2712414 0.4098520 0.0270923 0.0163016
12 0.6160527 0.5984842 0.0270923 0.0163015
22 0.4781282 0.4098520 0.0270923 0.0163016
7 0.2022792 0.4098520 0.0270923 0.0163016
13 0.6160527 0.6613616 0.0270923 0.0163015
11 0.3402037 0.4098520 0.0270923 0.0163016
1 0.4091660 0.4727294 0.0270923 0.0163015
3 0.6160527 0.5356068 0.0270923 0.0163015
16 0.4781282 0.3469746 0.0270923 0.0163015
8 0.3402037 0.3469746 0.0270923 0.0163015
25 0.6160527 0.4098520 0.0270923 0.0163016
6 0.2712414 0.6613616 0.0270923 0.0163015
27 0.5470905 0.4727294 0.0270923 0.0163015
19 0.3402037 0.5984842 0.0270923 0.0163015
12 0.3402037 0.4727294 0.0270923 0.0163015
