1 0.5202232 0.6390183 0.0288464 0.0148112
13 0.1530878 0.5247598 0.0288463 0.0148113
32 0.3687798 0.6093957 0.5310350 0.4062523
21 0.1530878 0.4676305 0.0288463 0.0148113
4 0.2265149 0.4676305 0.0288463 0.0148113
16 0.2999420 0.4676305 0.0288463 0.0148113
26 0.3733690 0.4676305 0.0288464 0.0148113
11 0.5202232 0.4676305 0.0288464 0.0148113
31 0.2265149 0.5247598 0.0288463 0.0148113
33 0.2999420 0.5247598 0.0681823 0.0571292
2 0.2999420 0.5247598 0.0288463 0.0148113
28 0.4467961 0.5247598 0.0288463 0.0148113
22 0.5202232 0.5247598 0.0288464 0.0148113
1 0.5936502 0.5247598 0.0288463 0.0148113
7 0.1530878 0.5818890 0.0288463 0.0148113
29 0.5202232 0.5818890 0.0288464 0.0148113
19 0.5936502 0.5818890 0.0288463 0.0148113
18 0.2999420 0.6390183 0.0288463 0.0148112
9 0.4467961 0.6390183 0.0288463 0.0148112
20 0.1530878 0.6961475 0.0288463 0.0148113
13 0.2265149 0.6961475 0.0288463 0.0148113
24 0.2999420 0.6961475 0.0288463 0.0148113
23 0.5202232 0.6961475 0.0288464 0.0148113
27 0.5936502 0.6961475 0.0288463 0.0148113
25 0.1530878 0.7532768 0.0288463 0.0148112
15 0.2265149 0.7532768 0.0288463 0.0148112
6 0.2999420 0.7532768 0.0288463 0.0148112
2 0.3733690 0.7532768 0.0288464 0.0148112
3 0.5936502 0.7532768 0.0288463 0.0148112
21 0.5936502 0.6390183 0.0288463 0.0148112
24 0.4467961 0.7532768 0.0288463 0.0148112
7 0.3733690 0.5247598 0.0288464 0.0148113
6 0.2999420 0.5818890 0.0288463 0.0148113
1 0.5202232 0.7532768 0.0288464 0.0148112
5 0.5936502 0.4676305 0.0288463 0.0148113
1 0.3733690 0.6961475 0.0288464 0.0148113
5 0.4467961 0.5818890 0.0288463 0.0148113
21 0.2265149 0.6390183 0.0288463 0.0148112
20 0.3733690 0.6390183 0.0288464 0.0148112
25 0.2265149 0.5818890 0.0288463 0.0148113
18 0.3733690 0.5818890 0.0288464 0.0148113
28 0.1530878 0.6390183 0.0288463 0.0148112
18 0.4467961 0.4676305 0.0288463 0.0148113
21 0.4467961 0.6961475 0.0288463 0.0148113
