27 0.6062065 0.5231701 0.0276797 0.0152066
9 0.3948338 0.5818243 0.0276798 0.0152066
32 0.5313454 0.5514110 0.5095592 0.4170960
24 0.4652914 0.4058619 0.0276797 0.0152066
17 0.5357490 0.4058619 0.0276798 0.0152066
31 0.6062065 0.4058619 0.0276797 0.0152066
27 0.4652914 0.4645160 0.0276797 0.0152066
19 0.5357490 0.4645160 0.0276798 0.0152066
33 0.6766641 0.4645160 0.0654249 0.0586541
30 0.6766641 0.4645160 0.0276797 0.0152066
5 0.7471217 0.4645160 0.0276797 0.0152066
11 0.3243762 0.5231701 0.0276798 0.0152066
18 0.4652914 0.5231701 0.0276797 0.0152066
6 0.5357490 0.5231701 0.0276798 0.0152066
9 0.7471217 0.5231701 0.0276797 0.0152066
21 0.3243762 0.5818243 0.0276798 0.0152066
10 0.4652914 0.5818243 0.0276797 0.0152066
20 0.5357490 0.5818243 0.0276798 0.0152066
29 0.6766641 0.5818243 0.0276797 0.0152066
3 0.3243762 0.6404784 0.0276798 0.0152066
2 0.5357490 0.6404784 0.0276798 0.0152066
15 0.6062065 0.6404784 0.0276797 0.0152066
2 0.6062065 0.5818243 0.0276797 0.0152066
6 0.4652914 0.6404784 0.0276797 0.0152066
2 0.3948338 0.4645160 0.0276798 0.0152066
7 0.7471217 0.5818243 0.0276797 0.0152066
25 0.3243762 0.4645160 0.0276798 0.0152066
12 0.7471217 0.6404784 0.0276797 0.0152066
28 0.6766641 0.6404784 0.0276797 0.0152066
1 0.3948338 0.5231701 0.0276798 0.0152066
21 0.6062065 0.4645160 0.0276797 0.0152066
3 0.6766641 0.5231701 0.0276797 0.0152066
7 0.3948338 0.6404784 0.0276798 0.0152066
15 0.3243762 0.4058619 0.0276798 0.0152066
31 0.7471217 0.4058619 0.0276797 0.0152066
15 0.3948338 0.4058619 0.0276798 0.0152066
6 0.6766641 0.4058619 0.0276797 0.0152066
