18 0.4920401 0.3408109 0.0282895 0.0162990
16 0.2760113 0.4665458 0.0282895 0.0162990
32 0.4875395 0.3710804 0.5207837 0.4470577
14 0.2760113 0.2150759 0.0282895 0.0162990
4 0.5640497 0.2150759 0.0282895 0.0162990
33 0.6360593 0.2150759 0.0668660 0.0628675
22 0.6360593 0.2150759 0.0282895 0.0162990
7 0.7080689 0.2150759 0.0282895 0.0162990
22 0.2760113 0.2779434 0.0282895 0.0162990
29 0.3480209 0.2779434 0.0282895 0.0162990
16 0.4920401 0.2779434 0.0282895 0.0162990
28 0.5640497 0.2779434 0.0282895 0.0162990
11 0.2760113 0.3408109 0.0282895 0.0162990
20 0.3480209 0.3408109 0.0282895 0.0162990
24 0.2760113 0.4036783 0.0282895 0.0162990
23 0.3480209 0.4036783 0.0282895 0.0162990
13 0.5640497 0.4036783 0.0282895 0.0162990
18 0.6360593 0.4036783 0.0282895 0.0162990
26 0.7080689 0.4036783 0.0282895 0.0162990
12 0.4200305 0.4665458 0.0282895 0.0162990
6 0.6360593 0.4665458 0.0282895 0.0162990
15 0.7080689 0.4665458 0.0282895 0.0162990
5 0.4920401 0.2150759 0.0282895 0.0162990
12 0.5640497 0.3408109 0.0282895 0.0162990
28 0.6360593 0.2779434 0.0282895 0.0162990
27 0.4200305 0.2779434 0.0282895 0.0162990
17 0.4920401 0.4665458 0.0282895 0.0162990
18 0.7080689 0.3408109 0.0282895 0.0162990
27 0.6360593 0.3408109 0.0282895 0.0162990
31 0.4200305 0.4036783 0.0282895 0.0162990
11 0.3480209 0.2150759 0.0282895 0.0162990
19 0.4920401 0.4036783 0.0282895 0.0162990
14 0.3480209 0.4665458 0.0282895 0.0162990
29 0.7080689 0.2779434 0.0282895 0.0162990
31 0.4200305 0.3408109 0.0282895 0.0162990
17 0.5640497 0.4665458 0.0282895 0.0162990
30 0.4200305 0.2150759 0.0282895 0.0162990
