14 0.7824184 0.3557189 0.0278014 0.0154229
5 0.4993496 0.2962306 0.0278014 0.0154229
32 0.5656939 0.3843614 0.5117985 0.4230280
29 0.4285824 0.2367422 0.0278014 0.0154229
3 0.4993496 0.2367422 0.0278014 0.0154229
16 0.7824184 0.2367422 0.0278014 0.0154229
23 0.4285824 0.2962306 0.0278014 0.0154229
8 0.5701168 0.2962306 0.0278014 0.0154229
19 0.7116512 0.2962306 0.0278014 0.0154229
33 0.4285824 0.3557189 0.0657124 0.0594883
4 0.4285824 0.3557189 0.0278014 0.0154229
20 0.4993496 0.3557189 0.0278014 0.0154229
5 0.5701168 0.3557189 0.0278014 0.0154229
1 0.6408840 0.3557189 0.0278014 0.0154229
12 0.3578152 0.4152072 0.0278014 0.0154229
11 0.5701168 0.4152072 0.0278014 0.0154229
13 0.6408840 0.4152072 0.0278014 0.0154229
17 0.7116512 0.4152072 0.0278014 0.0154229
24 0.7824184 0.4152072 0.0278014 0.0154229
18 0.4285824 0.4746955 0.0278014 0.0154229
26 0.4993496 0.4746955 0.0278014 0.0154229
9 0.5701168 0.4746955 0.0278014 0.0154229
4 0.6408840 0.4746955 0.0278014 0.0154229
10 0.7824184 0.4746955 0.0278014 0.0154229
31 0.3578152 0.5341838 0.0278014 0.0154229
27 0.4285824 0.5341838 0.0278014 0.0154229
7 0.4993496 0.5341838 0.0278014 0.0154229
6 0.6408840 0.5341838 0.0278014 0.0154229
2 0.7116512 0.5341838 0.0278014 0.0154229
28 0.3578152 0.2962306 0.0278014 0.0154229
26 0.3578152 0.2367422 0.0278014 0.0154229
22 0.4285824 0.4152072 0.0278014 0.0154229
29 0.3578152 0.4746955 0.0278014 0.0154229
20 0.7116512 0.4746955 0.0278014 0.0154229
28 0.6408840 0.2962306 0.0278014 0.0154229
7 0.7116512 0.2367422 0.0278014 0.0154229
18 0.3578152 0.3557189 0.0278014 0.0154229
27 0.7824184 0.5341838 0.0278014 0.0154229
4 0.7116512 0.3557189 0.0278014 0.0154229
30 0.5701168 0.5341838 0.0278014 0.0154229
8 0.4993496 0.4152072 0.0278014 0.0154229
1 0.5701168 0.2367422 0.0278014 0.0154229
16 0.7824184 0.2962306 0.0278014 0.0154229
20 0.6408840 0.2367422 0.0278014 0.0154229
