6 0.5268014 0.3512106 0.0278587 0.0150273
19 0.3140621 0.5250982 0.0278587 0.0150273
32 0.3805431 0.4950435 0.5128537 0.4121780
10 0.1722359 0.3512106 0.0278587 0.0150273
29 0.3140621 0.3512106 0.0278587 0.0150273
3 0.3849752 0.3512106 0.0278587 0.0150273
28 0.4558883 0.3512106 0.0278587 0.0150273
11 0.5977145 0.3512106 0.0278587 0.0150273
22 0.1722359 0.4091731 0.0278587 0.0150273
14 0.2431490 0.4091731 0.0278587 0.0150273
23 0.3140621 0.4091731 0.0278587 0.0150273
17 0.3849752 0.4091731 0.0278587 0.0150273
5 0.4558883 0.4091731 0.0278587 0.0150273
21 0.5268014 0.4091731 0.0278587 0.0150273
33 0.1722359 0.4671357 0.0658479 0.0579625
2 0.1722359 0.4671357 0.0278587 0.0150273
16 0.2431490 0.4671357 0.0278587 0.0150273
7 0.3140621 0.4671357 0.0278587 0.0150273
26 0.3849752 0.4671357 0.0278587 0.0150273
6 0.4558883 0.4671357 0.0278587 0.0150273
20 0.1722359 0.5250982 0.0278587 0.0150273
25 0.4558883 0.5250982 0.0278587 0.0150273
13 0.5268014 0.5250982 0.0278587 0.0150273
12 0.5977145 0.5250982 0.0278587 0.0150273
15 0.3849752 0.5830607 0.0278587 0.0150273
31 0.5268014 0.5830607 0.0278587 0.0150273
9 0.3140621 0.6410232 0.0278587 0.0150273
1 0.3849752 0.6410232 0.0278587 0.0150273
4 0.4558883 0.6410232 0.0278587 0.0150273
14 0.3849752 0.5250982 0.0278587 0.0150273
2 0.2431490 0.3512106 0.0278587 0.0150273
26 0.5977145 0.4671357 0.0278587 0.0150273
28 0.3140621 0.5830607 0.0278587 0.0150273
29 0.2431490 0.5830607 0.0278587 0.0150273
2 0.1722359 0.5830607 0.0278587 0.0150273
30 0.5977145 0.4091731 0.0278587 0.0150273
15 0.5977145 0.6410232 0.0278587 0.0150273
27 0.2431490 0.6410232 0.0278587 0.0150273
4 0.1722359 0.6410232 0.0278587 0.0150273
27 0.5977145 0.5830607 0.0278587 0.0150273
26 0.4558883 0.5830607 0.0278587 0.0150273
2 0.2431490 0.5250982 0.0278587 0.0150273
7 0.5268014 0.6410232 0.0278587 0.0150273
4 0.5268014 0.4671357 0.0278587 0.0150273
