16 0.3515475 0.4489723 0.0285749 0.0161898
19 0.7152286 0.3240789 0.0285749 0.0161899
32 0.4924739 0.4790392 0.5260387 0.4440654
22 0.2788113 0.3240789 0.0285749 0.0161899
18 0.4970200 0.3240789 0.0285749 0.0161899
23 0.5697562 0.3240789 0.0285749 0.0161899
33 0.2788113 0.3865256 0.0675408 0.0624467
3 0.2788113 0.3865256 0.0285749 0.0161899
21 0.3515475 0.3865256 0.0285749 0.0161899
24 0.6424924 0.3865256 0.0285749 0.0161899
28 0.7152286 0.3865256 0.0285749 0.0161899
26 0.2788113 0.4489723 0.0285749 0.0161898
3 0.4970200 0.4489723 0.0285749 0.0161898
8 0.6424924 0.4489723 0.0285749 0.0161898
16 0.2788113 0.5114190 0.0285749 0.0161898
11 0.3515475 0.5114190 0.0285749 0.0161898
1 0.4970200 0.5114190 0.0285749 0.0161898
17 0.5697562 0.5114190 0.0285749 0.0161898
6 0.7152286 0.5114190 0.0285749 0.0161898
14 0.2788113 0.5738657 0.0285749 0.0161898
2 0.3515475 0.5738657 0.0285749 0.0161898
30 0.4970200 0.5738657 0.0285749 0.0161898
19 0.4242838 0.3240789 0.0285750 0.0161899
7 0.4970200 0.3865256 0.0285749 0.0161899
31 0.4242838 0.5114190 0.0285750 0.0161898
20 0.5697562 0.3865256 0.0285749 0.0161899
7 0.4242838 0.5738657 0.0285750 0.0161898
17 0.4242838 0.4489723 0.0285750 0.0161898
7 0.6424924 0.5738657 0.0285749 0.0161898
24 0.5697562 0.4489723 0.0285749 0.0161898
26 0.5697562 0.5738657 0.0285749 0.0161898
31 0.6424924 0.3240789 0.0285749 0.0161899
14 0.4242838 0.3865256 0.0285750 0.0161899
18 0.6424924 0.5114190 0.0285749 0.0161898
7 0.3515475 0.3240789 0.0285749 0.0161899
25 0.7152286 0.4489723 0.0285749 0.0161898
17 0.7152286 0.5738657 0.0285749 0.0161898
