28 0.7728494 0.5736900 0.0266107 0.0174909
14 0.7728494 0.4471720 0.0266107 0.0163249
32 0.5702457 0.5357929 0.4898776 0.4477686
12 0.3664324 0.3847876 0.0266106 0.0174909
26 0.4341686 0.3847876 0.0266106 0.0174909
19 0.5019048 0.3847876 0.0266106 0.0174909
29 0.7051132 0.3847876 0.0266106 0.0174909
20 0.7728494 0.3847876 0.0266107 0.0174909
23 0.3664324 0.4471720 0.0266106 0.0163249
21 0.4341686 0.4471720 0.0266106 0.0163249
4 0.5019048 0.4471720 0.0266106 0.0163249
2 0.6373771 0.4471720 0.0266106 0.0163249
10 0.7051132 0.4471720 0.0266106 0.0163249
17 0.4341686 0.5107225 0.0266106 0.0174909
15 0.5019048 0.5107225 0.0266106 0.0174909
9 0.6373771 0.5107225 0.0266106 0.0174909
28 0.7051132 0.5107225 0.0266106 0.0174909
22 0.6373771 0.5736900 0.0266106 0.0174909
16 0.3664324 0.6366574 0.0266106 0.0174910
6 0.5019048 0.6366574 0.0266106 0.0174910
33 0.7051132 0.6360744 0.0628979 0.0629675
10 0.7051132 0.6366574 0.0266106 0.0174910
25 0.5019048 0.5736900 0.0266106 0.0174909
25 0.3664324 0.5736900 0.0266106 0.0174909
19 0.7051132 0.5736900 0.0266106 0.0174909
4 0.4341686 0.6366574 0.0266106 0.0174910
18 0.3664324 0.5107225 0.0266106 0.0174909
29 0.4341686 0.5736900 0.0266106 0.0174909
13 0.5696409 0.6366574 0.0266106 0.0174910
1 0.5696409 0.3847876 0.0266106 0.0174909
23 0.5696409 0.4471720 0.0266106 0.0163249
1 0.7728494 0.5107225 0.0266107 0.0174909
25 0.6373771 0.3847876 0.0266106 0.0174909
24 0.7728494 0.6366574 0.0266107 0.0174910
6 0.5696409 0.5736900 0.0266106 0.0174909
15 0.5696409 0.5107225 0.0266106 0.0174909
11 0.6373771 0.6366574 0.0266106 0.0174910
