4 0.3652359 0.5304634 0.0280207 0.0161068
24 0.5792118 0.2204072 0.0280207 0.0172573
32 0.3658727 0.3693953 0.5158349 0.4417869
13 0.2225852 0.2204072 0.0280207 0.0172573
21 0.2939106 0.2204072 0.0280206 0.0172573
25 0.3652359 0.2204072 0.0280207 0.0172573
23 0.1512599 0.2819583 0.0280207 0.0161068
4 0.2225852 0.2819583 0.0280207 0.0161068
27 0.2939106 0.2819583 0.0280206 0.0161068
30 0.5078865 0.2819583 0.0280207 0.0161068
19 0.2939106 0.3446598 0.0280206 0.0172573
16 0.3652359 0.3446598 0.0280207 0.0172573
10 0.4365612 0.3446598 0.0280206 0.0172573
17 0.5792118 0.3446598 0.0280207 0.0172573
29 0.1512599 0.4067861 0.0280207 0.0172574
5 0.2225852 0.4067861 0.0280207 0.0172574
6 0.2939106 0.4067861 0.0280206 0.0172574
26 0.3652359 0.4067861 0.0280207 0.0172574
14 0.4365612 0.4067861 0.0280206 0.0172574
3 0.5078865 0.4067861 0.0280207 0.0172574
7 0.2939106 0.4689124 0.0280206 0.0172573
33 0.3652359 0.4683371 0.0662307 0.0621263
1 0.3652359 0.4689124 0.0280207 0.0172573
18 0.4365612 0.4689124 0.0280206 0.0172573
22 0.5792118 0.4689124 0.0280207 0.0172573
24 0.2225852 0.5304634 0.0280207 0.0161068
9 0.2939106 0.5304634 0.0280206 0.0161068
11 0.5078865 0.5304634 0.0280207 0.0161068
8 0.5792118 0.5304634 0.0280207 0.0161068
31 0.4365612 0.2819583 0.0280206 0.0161068
7 0.1512599 0.2204072 0.0280207 0.0172573
18 0.4365612 0.2204072 0.0280206 0.0172573
30 0.5078865 0.3446598 0.0280207 0.0172573
14 0.1512599 0.3446598 0.0280207 0.0172573
4 0.2225852 0.4689124 0.0280207 0.0172573
3 0.5078865 0.2204072 0.0280207 0.0172573
28 0.4365612 0.5304634 0.0280206 0.0161068
20 0.5078865 0.4689124 0.0280207 0.0172573
26 0.5792118 0.4067861 0.0280207 0.0172574
15 0.1512599 0.4689124 0.0280207 0.0172573
22 0.2225852 0.3446598 0.0280207 0.0172573
11 0.1512599 0.5304634 0.0280207 0.0161068
11 0.3652359 0.2819583 0.0280207 0.0161068
16 0.5792118 0.2819583 0.0280207 0.0161068
