14 0.1788173 0.3468499 0.0281138 0.0159818
11 0.1072548 0.4701383 0.0281138 0.0159819
32 0.3174695 0.4381746 0.5175497 0.4383585
9 0.3935046 0.2852058 0.0281138 0.0159818
7 0.1072548 0.3468499 0.0281138 0.0159818
30 0.2503797 0.3468499 0.0281138 0.0159818
8 0.3219421 0.3468499 0.0281138 0.0159818
15 0.3935046 0.3468499 0.0281138 0.0159818
22 0.4650670 0.3468499 0.0281138 0.0159818
28 0.5366294 0.3468499 0.0281138 0.0159818
24 0.1072548 0.4084941 0.0281138 0.0159819
26 0.1788173 0.4084941 0.0281138 0.0159819
33 0.2503797 0.4084941 0.0664508 0.0616442
29 0.2503797 0.4084941 0.0281138 0.0159819
12 0.3219421 0.4084941 0.0281138 0.0159819
16 0.3935046 0.4084941 0.0281138 0.0159819
10 0.4650670 0.4084941 0.0281138 0.0159819
1 0.5366294 0.4084941 0.0281138 0.0159819
14 0.3219421 0.4701383 0.0281138 0.0159819
6 0.5366294 0.4701383 0.0281138 0.0159819
27 0.1788173 0.5317825 0.0281138 0.0159818
3 0.2503797 0.5317825 0.0281138 0.0159818
29 0.3219421 0.5317825 0.0281138 0.0159818
18 0.1072548 0.5317825 0.0281138 0.0159818
23 0.2503797 0.4701383 0.0281138 0.0159819
23 0.3219421 0.2852058 0.0281138 0.0159818
5 0.4650670 0.2852058 0.0281138 0.0159818
2 0.5366294 0.5317825 0.0281138 0.0159818
9 0.4650670 0.5317825 0.0281138 0.0159818
12 0.5366294 0.2852058 0.0281138 0.0159818
1 0.3935046 0.5317825 0.0281138 0.0159818
3 0.1788173 0.2852058 0.0281138 0.0159818
18 0.4650670 0.4701383 0.0281138 0.0159819
7 0.3935046 0.4701383 0.0281138 0.0159819
3 0.2503797 0.2852058 0.0281138 0.0159818
27 0.1072548 0.2852058 0.0281138 0.0159818
31 0.1788173 0.4701383 0.0281138 0.0159819
