26 0.3893349 0.4320169 0.0271703 0.0152774
20 0.2510131 0.4914897 0.0271704 0.0163687
32 0.4591133 0.5149515 0.5001814 0.4190381
25 0.2510131 0.3736353 0.0271704 0.0163687
24 0.3893349 0.3736353 0.0271703 0.0163687
4 0.4584958 0.3736353 0.0271703 0.0163687
21 0.5968176 0.3736353 0.0271703 0.0163687
33 0.2510131 0.4320169 0.0642208 0.0589272
22 0.2510131 0.4320169 0.0271704 0.0152774
1 0.6659785 0.4320169 0.0271703 0.0152774
20 0.3201740 0.4914897 0.0271704 0.0163687
6 0.4584958 0.4914897 0.0271703 0.0163687
27 0.6659785 0.4914897 0.0271703 0.0163687
16 0.3893349 0.5504169 0.0271703 0.0163687
30 0.4584958 0.5504169 0.0271703 0.0163687
13 0.5276567 0.5504169 0.0271704 0.0163687
23 0.5968176 0.5504169 0.0271703 0.0163687
17 0.6659785 0.5504169 0.0271703 0.0163687
29 0.2510131 0.6093442 0.0271704 0.0163687
22 0.3893349 0.6093442 0.0271703 0.0163687
10 0.4584958 0.6093442 0.0271703 0.0163687
15 0.6659785 0.6093442 0.0271703 0.0163687
22 0.5968176 0.6093442 0.0271703 0.0163687
11 0.5276567 0.4320169 0.0271704 0.0152774
16 0.5276567 0.3736353 0.0271704 0.0163687
4 0.5968176 0.4914897 0.0271703 0.0163687
21 0.4584958 0.4320169 0.0271703 0.0152774
22 0.3201740 0.6093442 0.0271704 0.0163687
25 0.5968176 0.4320169 0.0271703 0.0152774
4 0.6659785 0.3736353 0.0271703 0.0163687
23 0.5276567 0.6093442 0.0271704 0.0163687
28 0.2510131 0.5504169 0.0271704 0.0163687
27 0.3893349 0.4914897 0.0271703 0.0163687
14 0.3201740 0.4320169 0.0271704 0.0152774
29 0.5276567 0.4914897 0.0271704 0.0163687
29 0.3201740 0.3736353 0.0271704 0.0163687
17 0.3201740 0.5504169 0.0271704 0.0163687
