5 0.5409819 0.5045790 0.0273944 0.0150522
4 0.1923257 0.3884619 0.0273944 0.0150522
32 0.3971612 0.3583575 0.5043062 0.4128606
9 0.1923257 0.2142863 0.0273944 0.0150522
17 0.2620569 0.2142863 0.0273944 0.0150522
4 0.3317881 0.2142863 0.0273944 0.0150522
21 0.4712506 0.2142863 0.0273944 0.0150522
2 0.6107131 0.2142863 0.0273944 0.0150522
1 0.1923257 0.2723448 0.0273944 0.0150522
24 0.4712506 0.2723448 0.0273944 0.0150522
33 0.5409818 0.2723448 0.0647504 0.0580585
21 0.5409819 0.2723448 0.0273944 0.0150522
10 0.6107131 0.2723448 0.0273944 0.0150522
7 0.1923257 0.3304034 0.0273944 0.0150522
19 0.4015194 0.3304034 0.0273944 0.0150522
12 0.4712506 0.3304034 0.0273944 0.0150522
25 0.5409819 0.3304034 0.0273944 0.0150522
8 0.2620569 0.3884619 0.0273944 0.0150522
18 0.4015194 0.3884619 0.0273944 0.0150522
28 0.4712506 0.3884619 0.0273944 0.0150522
13 0.3317881 0.4465205 0.0273944 0.0150522
23 0.4712506 0.4465205 0.0273944 0.0150522
26 0.5409819 0.4465205 0.0273944 0.0150522
6 0.6107131 0.4465205 0.0273944 0.0150522
22 0.1923257 0.5045790 0.0273944 0.0150522
11 0.2620569 0.5045790 0.0273944 0.0150522
30 0.4015194 0.5045790 0.0273944 0.0150522
15 0.4712506 0.5045790 0.0273944 0.0150522
14 0.6107131 0.5045790 0.0273944 0.0150522
22 0.5409819 0.2142863 0.0273944 0.0150522
8 0.3317881 0.2723448 0.0273944 0.0150522
27 0.4015194 0.2723448 0.0273944 0.0150522
18 0.2620569 0.4465205 0.0273944 0.0150522
9 0.6107131 0.3304034 0.0273944 0.0150522
2 0.2620569 0.2723448 0.0273944 0.0150522
10 0.3317881 0.3884619 0.0273944 0.0150522
25 0.2620569 0.3304034 0.0273944 0.0150522
12 0.4015194 0.4465205 0.0273944 0.0150522
1 0.3317881 0.5045790 0.0273944 0.0150522
7 0.4015194 0.2142863 0.0273944 0.0150522
2 0.3317881 0.3304034 0.0273944 0.0150522
18 0.5409819 0.3884619 0.0273944 0.0150522
28 0.6107131 0.3884619 0.0273944 0.0150522
31 0.1923257 0.4465205 0.0273944 0.0150522
