16 0.6740772 0.4390141 0.0285110 0.0158616
2 0.6740772 0.3778337 0.0285110 0.0158616
32 0.5243943 0.5296518 0.5248621 0.4350608
4 0.3837831 0.3778337 0.0285110 0.0158616
33 0.4563567 0.3778338 0.0673897 0.0611804
5 0.4563567 0.3778337 0.0285110 0.0158616
29 0.5289302 0.3778337 0.0285110 0.0158616
7 0.6015037 0.3778337 0.0285110 0.0158616
13 0.7466508 0.3778337 0.0285110 0.0158616
19 0.3837831 0.4390141 0.0285110 0.0158616
14 0.4563567 0.4390141 0.0285110 0.0158616
10 0.7466508 0.4390141 0.0285110 0.0158616
3 0.3112096 0.5001946 0.0285110 0.0158616
9 0.3837831 0.5001946 0.0285110 0.0158616
22 0.4563567 0.5001946 0.0285110 0.0158616
16 0.5289302 0.5001946 0.0285110 0.0158616
11 0.6740772 0.5001946 0.0285110 0.0158616
8 0.3112096 0.5613750 0.0285110 0.0158616
18 0.5289302 0.5613750 0.0285110 0.0158616
6 0.6015037 0.5613750 0.0285110 0.0158616
20 0.6740772 0.5613750 0.0285110 0.0158616
31 0.7466508 0.5613750 0.0285110 0.0158616
26 0.3112096 0.6225555 0.0285110 0.0158616
25 0.5289302 0.6225555 0.0285110 0.0158616
27 0.7466508 0.6225555 0.0285110 0.0158616
23 0.3837831 0.6837359 0.0285110 0.0158616
24 0.5289302 0.6837359 0.0285110 0.0158616
17 0.6015037 0.6837359 0.0285110 0.0158616
15 0.6740772 0.6837359 0.0285110 0.0158616
19 0.3112096 0.3778337 0.0285110 0.0158616
30 0.3837831 0.5613750 0.0285110 0.0158616
19 0.3112096 0.6837359 0.0285110 0.0158616
4 0.7466508 0.6837359 0.0285110 0.0158616
8 0.4563567 0.6225555 0.0285110 0.0158616
11 0.3112096 0.4390141 0.0285110 0.0158616
30 0.6740772 0.6225555 0.0285110 0.0158616
6 0.6015037 0.6225555 0.0285110 0.0158616
17 0.5289302 0.4390141 0.0285110 0.0158616
20 0.4563567 0.6837359 0.0285110 0.0158616
3 0.6015037 0.4390141 0.0285110 0.0158616
20 0.4563567 0.5613750 0.0285110 0.0158616
16 0.3837831 0.6225555 0.0285110 0.0158616
5 0.6015037 0.5001946 0.0285110 0.0158616
7 0.7466508 0.5001946 0.0285110 0.0158616
