14 0.2407138 0.1940173 0.0263637 0.0174204
26 0.1064984 0.3821575 0.0263637 0.0174204
32 0.3084208 0.3444133 0.4853326 0.4459618
29 0.3078216 0.1940173 0.0263638 0.0174204
22 0.4420370 0.1940173 0.0263638 0.0174204
9 0.5091447 0.1940173 0.0263638 0.0174204
15 0.1064984 0.2561501 0.0263637 0.0162591
31 0.1736061 0.2561501 0.0263637 0.0162591
12 0.3078216 0.2561501 0.0263638 0.0162591
28 0.3749293 0.2561501 0.0263638 0.0162591
25 0.5091447 0.2561501 0.0263638 0.0162591
5 0.1064984 0.3194441 0.0263637 0.0174204
23 0.2407138 0.3194441 0.0263637 0.0174204
27 0.3749293 0.3194441 0.0263638 0.0174204
21 0.4420370 0.3194441 0.0263638 0.0174204
20 0.1736061 0.3821575 0.0263637 0.0174204
18 0.3078216 0.3821575 0.0263638 0.0174204
33 0.3749293 0.3815768 0.0623143 0.0627134
5 0.3749293 0.3821575 0.0263638 0.0174204
4 0.5091447 0.3821575 0.0263638 0.0174204
3 0.1064984 0.4448709 0.0263637 0.0174204
13 0.1736061 0.4448709 0.0263637 0.0174204
10 0.4420370 0.4448709 0.0263638 0.0174204
11 0.5091447 0.4448709 0.0263638 0.0174204
30 0.1064984 0.5070035 0.0263637 0.0162590
19 0.2407138 0.5070035 0.0263637 0.0162590
24 0.3749293 0.5070035 0.0263638 0.0162590
8 0.4420370 0.5070035 0.0263638 0.0162590
7 0.5091447 0.5070035 0.0263638 0.0162590
14 0.3749293 0.4448709 0.0263638 0.0174204
19 0.5091447 0.3194441 0.0263638 0.0174204
29 0.1736061 0.3194441 0.0263637 0.0174204
28 0.4420370 0.3821575 0.0263638 0.0174204
5 0.2407138 0.3821575 0.0263637 0.0174204
6 0.3078216 0.3194441 0.0263638 0.0174204
26 0.3078216 0.5070035 0.0263638 0.0162590
29 0.2407138 0.2561501 0.0263637 0.0162591
3 0.2407138 0.4448709 0.0263637 0.0174204
1 0.3078216 0.4448709 0.0263638 0.0174204
31 0.4420370 0.2561501 0.0263638 0.0162591
1 0.1064984 0.1940173 0.0263637 0.0174204
2 0.1736061 0.5070035 0.0263637 0.0162590
10 0.3749293 0.1940173 0.0263638 0.0174204
1 0.1736061 0.1940173 0.0263637 0.0174204
