2 0.4592536 0.4956166 0.0273544 0.0158648
28 0.5288828 0.5573760 0.0273544 0.0169980
32 0.3206168 0.5817398 0.5035686 0.4351489
10 0.1111073 0.4349904 0.0273543 0.0169980
16 0.2503658 0.4349904 0.0273544 0.0169980
18 0.3199951 0.4349904 0.0273544 0.0169980
31 0.3896243 0.4349904 0.0273544 0.0169980
11 0.1111073 0.4956166 0.0273543 0.0158648
15 0.1807366 0.4956166 0.0273544 0.0158648
22 0.3199951 0.4956166 0.0273544 0.0158648
8 0.3896243 0.4956166 0.0273544 0.0158648
4 0.5288828 0.4956166 0.0273544 0.0158648
6 0.3199951 0.5573760 0.0273544 0.0169980
7 0.1111073 0.6185688 0.0273543 0.0169980
19 0.2503658 0.6185688 0.0273544 0.0169980
33 0.4592535 0.6180022 0.0646557 0.0611928
6 0.4592536 0.6185688 0.0273544 0.0169980
1 0.5288828 0.6185688 0.0273544 0.0169980
27 0.1807366 0.6797616 0.0273544 0.0169980
23 0.3199951 0.6797616 0.0273544 0.0169980
25 0.3896243 0.6797616 0.0273544 0.0169980
20 0.5288828 0.6797616 0.0273544 0.0169980
1 0.4592536 0.6797616 0.0273544 0.0169980
19 0.1807366 0.4349904 0.0273544 0.0169980
21 0.4592536 0.4349904 0.0273544 0.0169980
18 0.4592536 0.5573760 0.0273544 0.0169980
20 0.3896243 0.6185688 0.0273544 0.0169980
16 0.1111073 0.5573760 0.0273543 0.0169980
21 0.1111073 0.6797616 0.0273543 0.0169980
27 0.1807366 0.5573760 0.0273544 0.0169980
6 0.1807366 0.6185688 0.0273544 0.0169980
11 0.3896243 0.5573760 0.0273544 0.0169980
12 0.2503658 0.4956166 0.0273544 0.0158648
15 0.2503658 0.5573760 0.0273544 0.0169980
26 0.5288828 0.4349904 0.0273544 0.0169980
26 0.2503658 0.6797616 0.0273544 0.0169980
1 0.3199951 0.6185688 0.0273544 0.0169980
