11 0.3813887 0.6000640 0.0262978 0.0159538
9 0.3144488 0.4272311 0.0262978 0.0148902
32 0.4489263 0.5080637 0.4841189 0.4084173
14 0.3813887 0.3703292 0.0262978 0.0159538
8 0.5152685 0.3703292 0.0262978 0.0159538
30 0.6491483 0.3703292 0.0262978 0.0159538
23 0.3813887 0.4272311 0.0262978 0.0148902
10 0.4483286 0.4272311 0.0262978 0.0148902
9 0.5822083 0.4272311 0.0262978 0.0148902
11 0.6491483 0.4272311 0.0262978 0.0148902
22 0.2475089 0.4851966 0.0262978 0.0159538
6 0.3144488 0.4851966 0.0262978 0.0159538
25 0.5152685 0.4851966 0.0262978 0.0159538
4 0.5822083 0.4851966 0.0262978 0.0159538
13 0.3144488 0.5426303 0.0262978 0.0159538
27 0.4483286 0.5426303 0.0262978 0.0159538
3 0.5152685 0.5426303 0.0262978 0.0159538
33 0.5822083 0.5420985 0.0621585 0.0574337
19 0.5822083 0.5426303 0.0262978 0.0159538
16 0.6491483 0.5426303 0.0262978 0.0159538
15 0.2475089 0.6000640 0.0262978 0.0159538
29 0.5152685 0.6000640 0.0262978 0.0159538
15 0.2475089 0.5426303 0.0262978 0.0159538
11 0.2475089 0.4272311 0.0262978 0.0148902
26 0.3144488 0.3703292 0.0262978 0.0159538
31 0.5822083 0.6000640 0.0262978 0.0159538
21 0.6491483 0.4851966 0.0262978 0.0159538
13 0.6491483 0.6000640 0.0262978 0.0159538
20 0.2475089 0.3703292 0.0262978 0.0159538
25 0.5822083 0.3703292 0.0262978 0.0159538
14 0.5152685 0.4272311 0.0262978 0.0148902
9 0.4483286 0.3703292 0.0262978 0.0159538
2 0.3144488 0.6000640 0.0262978 0.0159538
14 0.4483286 0.6000640 0.0262978 0.0159538
25 0.3813887 0.5426303 0.0262978 0.0159538
8 0.3813887 0.4851966 0.0262978 0.0159538
7 0.4483286 0.4851966 0.0262978 0.0159538
