2 0.4104001 0.5228677 0.0271784 0.0148107
7 0.4795814 0.5228677 0.0271784 0.0148107
32 0.2677135 0.4932464 0.5003294 0.4062347
27 0.0644934 0.3514874 0.0271784 0.0148107
15 0.1336747 0.3514874 0.0271784 0.0148107
22 0.2028560 0.3514874 0.0271784 0.0148107
13 0.2720374 0.3514874 0.0271784 0.0148107
21 0.4104001 0.3514874 0.0271784 0.0148107
11 0.4795814 0.3514874 0.0271784 0.0148107
29 0.1336747 0.4086142 0.0271784 0.0148106
28 0.3412187 0.4086142 0.0271784 0.0148106
19 0.4104001 0.4086142 0.0271784 0.0148106
18 0.4795814 0.4086142 0.0271784 0.0148106
26 0.0644934 0.4657409 0.0271784 0.0148106
24 0.2028560 0.4657409 0.0271784 0.0148106
4 0.2720374 0.4657409 0.0271784 0.0148106
5 0.3412187 0.4657409 0.0271784 0.0148106
25 0.4104001 0.4657409 0.0271784 0.0148106
20 0.4795814 0.4657409 0.0271784 0.0148106
10 0.2028560 0.5228677 0.0271784 0.0148107
23 0.0644934 0.5799944 0.0271784 0.0148107
17 0.1336747 0.5799944 0.0271784 0.0148107
1 0.4104001 0.5799944 0.0271784 0.0148107
8 0.4795814 0.5799944 0.0271784 0.0148107
14 0.1336747 0.6371212 0.0271784 0.0148106
30 0.2028560 0.6371212 0.0271784 0.0148106
33 0.3412187 0.6371212 0.0642398 0.0571268
11 0.3412187 0.6371212 0.0271784 0.0148106
3 0.4104001 0.6371212 0.0271784 0.0148106
3 0.2720374 0.6371212 0.0271784 0.0148106
29 0.3412187 0.3514874 0.0271784 0.0148107
31 0.1336747 0.4657409 0.0271784 0.0148106
30 0.2028560 0.5799944 0.0271784 0.0148107
13 0.1336747 0.5228677 0.0271784 0.0148107
21 0.4795814 0.6371212 0.0271784 0.0148106
24 0.0644934 0.5228677 0.0271784 0.0148107
23 0.2720374 0.4086142 0.0271784 0.0148106
13 0.3412187 0.5228677 0.0271784 0.0148107
27 0.2720374 0.5799944 0.0271784 0.0148107
2 0.2028560 0.4086142 0.0271784 0.0148106
4 0.0644934 0.6371212 0.0271784 0.0148106
28 0.2720374 0.5228677 0.0271784 0.0148107
28 0.3412187 0.5799944 0.0271784 0.0148107
6 0.0644934 0.4086142 0.0271784 0.0148106
