1 0.2278124 0.2753003 0.0278782 0.0151671
31 0.2987749 0.2167988 0.0278781 0.0151671
32 0.3653023 0.3619693 0.5132111 0.4160110
8 0.3697375 0.2167988 0.0278782 0.0151671
10 0.4407000 0.2167988 0.0278782 0.0151671
20 0.5826250 0.2167988 0.0278782 0.0151671
3 0.2987749 0.2753003 0.0278781 0.0151671
1 0.3697375 0.2753003 0.0278782 0.0151671
33 0.4407000 0.2753003 0.0658938 0.0585016
27 0.4407000 0.2753003 0.0278782 0.0151671
23 0.5116625 0.2753003 0.0278782 0.0151671
5 0.1568499 0.3338019 0.0278781 0.0151671
27 0.2987749 0.3338019 0.0278781 0.0151671
24 0.4407000 0.3338019 0.0278782 0.0151671
15 0.5116625 0.3338019 0.0278782 0.0151671
22 0.1568499 0.3923034 0.0278781 0.0151670
18 0.2278124 0.3923034 0.0278782 0.0151670
25 0.5116625 0.3923034 0.0278782 0.0151670
16 0.1568499 0.4508050 0.0278781 0.0151671
11 0.2987749 0.4508050 0.0278781 0.0151671
7 0.4407000 0.4508050 0.0278782 0.0151671
2 0.5826250 0.4508050 0.0278782 0.0151671
16 0.1568499 0.2167988 0.0278781 0.0151671
18 0.3697375 0.3338019 0.0278782 0.0151671
21 0.2278124 0.2167988 0.0278782 0.0151671
20 0.2278124 0.3338019 0.0278782 0.0151671
27 0.5116625 0.4508050 0.0278782 0.0151671
5 0.3697375 0.4508050 0.0278782 0.0151671
27 0.5826250 0.3338019 0.0278782 0.0151671
21 0.1568499 0.2753003 0.0278781 0.0151671
16 0.2987749 0.3923034 0.0278781 0.0151670
7 0.4407000 0.3923034 0.0278782 0.0151670
30 0.3697375 0.3923034 0.0278782 0.0151670
15 0.5116625 0.2167988 0.0278782 0.0151671
29 0.5826250 0.2753003 0.0278782 0.0151671
17 0.5826250 0.3923034 0.0278782 0.0151670
17 0.2278124 0.4508050 0.0278782 0.0151671
