31 0.1881082 0.3207884 0.0269066 0.0156993
6 0.1196186 0.3813430 0.0269066 0.0156993
32 0.3208068 0.3499444 0.4953266 0.4306100
8 0.1196186 0.1996794 0.0269066 0.0156993
5 0.1881082 0.1996794 0.0269066 0.0156993
4 0.2565978 0.1996794 0.0269066 0.0156993
33 0.3250874 0.1996794 0.0635975 0.0605545
2 0.3250874 0.1996794 0.0269066 0.0156993
13 0.4620667 0.1996794 0.0269066 0.0156993
9 0.5305563 0.1996794 0.0269066 0.0156993
20 0.3250874 0.2602339 0.0269066 0.0156993
6 0.4620667 0.2602339 0.0269066 0.0156993
27 0.1196186 0.3207884 0.0269066 0.0156993
1 0.2565978 0.3207884 0.0269066 0.0156993
26 0.4620667 0.3207884 0.0269066 0.0156993
25 0.1881082 0.3813430 0.0269066 0.0156993
21 0.3935770 0.3813430 0.0269067 0.0156993
15 0.1881082 0.4418975 0.0269066 0.0156993
18 0.2565978 0.4418975 0.0269066 0.0156993
16 0.3935770 0.4418975 0.0269067 0.0156993
24 0.4620667 0.4418975 0.0269066 0.0156993
3 0.5305563 0.4418975 0.0269066 0.0156993
25 0.1196186 0.4418975 0.0269066 0.0156993
25 0.3935770 0.3207884 0.0269067 0.0156993
19 0.3250874 0.3207884 0.0269066 0.0156993
20 0.5305563 0.3813430 0.0269066 0.0156993
21 0.2565978 0.2602339 0.0269066 0.0156993
28 0.3935770 0.1996794 0.0269067 0.0156993
12 0.5305563 0.3207884 0.0269066 0.0156993
28 0.3250874 0.4418975 0.0269066 0.0156993
2 0.1881082 0.2602339 0.0269066 0.0156993
30 0.3250874 0.3813430 0.0269066 0.0156993
25 0.1196186 0.2602339 0.0269066 0.0156993
22 0.2565978 0.3813430 0.0269066 0.0156993
30 0.3935770 0.2602339 0.0269067 0.0156993
16 0.4620667 0.3813430 0.0269066 0.0156993
1 0.5305563 0.2602339 0.0269066 0.0156993
