24 0.7451530 0.5414556 0.0279791 0.0148092
27 0.7451530 0.4843344 0.0279791 0.0148092
32 0.5270435 0.6260796 0.5150691 0.4061955
18 0.3178365 0.4843344 0.0279791 0.0148092
31 0.3890559 0.4843344 0.0279790 0.0148092
9 0.5314948 0.4843344 0.0279791 0.0148092
6 0.3178365 0.5414556 0.0279791 0.0148092
21 0.3890559 0.5414556 0.0279790 0.0148092
29 0.4602753 0.5414556 0.0279791 0.0148092
13 0.5314948 0.5414556 0.0279791 0.0148092
11 0.6027142 0.5414556 0.0279790 0.0148092
27 0.6027142 0.5985769 0.0279790 0.0148092
15 0.6739336 0.5985769 0.0279790 0.0148092
33 0.3890559 0.6556981 0.0661323 0.0571212
24 0.3890559 0.6556981 0.0279790 0.0148092
2 0.4602753 0.6556981 0.0279791 0.0148092
19 0.6027142 0.6556981 0.0279790 0.0148092
30 0.6739336 0.6556981 0.0279790 0.0148092
14 0.3178365 0.7128193 0.0279791 0.0148092
20 0.3890559 0.7128193 0.0279790 0.0148092
7 0.4602753 0.7128193 0.0279791 0.0148092
26 0.6027142 0.7128193 0.0279790 0.0148092
21 0.6027142 0.4843344 0.0279790 0.0148092
25 0.4602753 0.5985769 0.0279791 0.0148092
3 0.7451530 0.6556981 0.0279791 0.0148092
14 0.5314948 0.7128193 0.0279791 0.0148092
10 0.7451530 0.7128193 0.0279791 0.0148092
25 0.6739336 0.5414556 0.0279790 0.0148092
24 0.7451530 0.5985769 0.0279791 0.0148092
14 0.3178365 0.5985769 0.0279791 0.0148092
24 0.3178365 0.6556981 0.0279791 0.0148092
20 0.5314948 0.5985769 0.0279791 0.0148092
14 0.3890559 0.5985769 0.0279790 0.0148092
26 0.6739336 0.4843344 0.0279790 0.0148092
31 0.6739336 0.7128193 0.0279790 0.0148092
10 0.4602753 0.4843344 0.0279791 0.0148092
5 0.5314948 0.6556981 0.0279791 0.0148092
