12 0.3523371 0.7279755 0.0273753 0.0150444
4 0.4220195 0.5538900 0.0273752 0.0150444
32 0.4873468 0.5818297 0.5039533 0.4126470
33 0.4220195 0.4378330 0.0647051 0.0580285
18 0.4220195 0.4378331 0.0273752 0.0150444
5 0.5613844 0.4378331 0.0273752 0.0150444
23 0.7007492 0.4378331 0.0273753 0.0150444
19 0.2826546 0.4958615 0.0273753 0.0150444
11 0.3523371 0.4958615 0.0273753 0.0150444
6 0.4220195 0.4958615 0.0273752 0.0150444
2 0.6310668 0.4958615 0.0273752 0.0150444
22 0.2826546 0.5538900 0.0273753 0.0150444
24 0.3523371 0.5538900 0.0273753 0.0150444
1 0.5613844 0.5538900 0.0273752 0.0150444
18 0.6310668 0.5538900 0.0273752 0.0150444
17 0.7007492 0.5538900 0.0273753 0.0150444
13 0.2826546 0.6119185 0.0273753 0.0150444
20 0.4917019 0.6119185 0.0273753 0.0150444
26 0.5613844 0.6119185 0.0273752 0.0150444
12 0.7007492 0.6119185 0.0273753 0.0150444
25 0.2826546 0.6699470 0.0273753 0.0150444
10 0.3523371 0.6699470 0.0273753 0.0150444
3 0.4917019 0.6699470 0.0273753 0.0150444
9 0.5613844 0.6699470 0.0273752 0.0150444
8 0.6310668 0.6699470 0.0273752 0.0150444
7 0.7007492 0.6699470 0.0273753 0.0150444
15 0.2826546 0.7279755 0.0273753 0.0150444
16 0.4917019 0.7279755 0.0273753 0.0150444
21 0.5613844 0.7279755 0.0273752 0.0150444
8 0.4220195 0.7279755 0.0273752 0.0150444
5 0.6310668 0.7279755 0.0273752 0.0150444
2 0.5613844 0.4958615 0.0273752 0.0150444
30 0.2826546 0.4378331 0.0273753 0.0150444
12 0.3523371 0.6119185 0.0273753 0.0150444
29 0.4917019 0.5538900 0.0273753 0.0150444
16 0.4917019 0.4378331 0.0273753 0.0150444
11 0.4220195 0.6699470 0.0273752 0.0150444
30 0.7007492 0.4958615 0.0273753 0.0150444
7 0.6310668 0.4378331 0.0273752 0.0150444
30 0.6310668 0.6119185 0.0273752 0.0150444
17 0.4917019 0.4958615 0.0273753 0.0150444
26 0.4220195 0.6119185 0.0273752 0.0150444
4 0.7007492 0.7279755 0.0273753 0.0150444
25 0.3523371 0.4378331 0.0273753 0.0150444
