6 0.4014052 0.7101725 0.0271507 0.0161629
8 0.8160699 0.5231445 0.0271507 0.0161629
32 0.6044181 0.6155039 0.4998190 0.4433257
29 0.4705160 0.4608018 0.0271507 0.0161629
9 0.5396267 0.4608018 0.0271507 0.0161629
14 0.6778484 0.4608018 0.0271507 0.0161629
2 0.7469591 0.4608018 0.0271506 0.0161629
25 0.4014052 0.5231445 0.0271507 0.0161629
22 0.4705160 0.5231445 0.0271507 0.0161629
7 0.6778484 0.5231445 0.0271507 0.0161629
13 0.7469591 0.5231445 0.0271506 0.0161629
8 0.4014052 0.5854871 0.0271507 0.0161629
1 0.4705160 0.5854871 0.0271507 0.0161629
33 0.5396267 0.5854871 0.0641743 0.0623427
25 0.5396267 0.5854871 0.0271507 0.0161629
27 0.6087375 0.5854871 0.0271507 0.0161629
19 0.7469591 0.5854871 0.0271506 0.0161629
26 0.4014052 0.6478298 0.0271507 0.0161629
20 0.5396267 0.6478298 0.0271507 0.0161629
12 0.7469591 0.6478298 0.0271506 0.0161629
10 0.6778484 0.7101725 0.0271507 0.0161629
21 0.8160699 0.7101725 0.0271507 0.0161629
27 0.6778484 0.5854871 0.0271507 0.0161629
7 0.6087375 0.4608018 0.0271507 0.0161629
7 0.8160699 0.6478298 0.0271507 0.0161629
21 0.5396267 0.7101725 0.0271507 0.0161629
27 0.8160699 0.5854871 0.0271507 0.0161629
13 0.7469591 0.7101725 0.0271506 0.0161629
24 0.4014052 0.4608018 0.0271507 0.0161629
3 0.6778484 0.6478298 0.0271507 0.0161629
27 0.8160699 0.4608018 0.0271507 0.0161629
28 0.6087375 0.6478298 0.0271507 0.0161629
17 0.6087375 0.7101725 0.0271507 0.0161629
18 0.6087375 0.5231445 0.0271507 0.0161629
23 0.4705160 0.6478298 0.0271507 0.0161629
25 0.5396267 0.5231445 0.0271507 0.0161629
12 0.4705160 0.7101725 0.0271507 0.0161629
