16 0.6276642 0.4383242 0.0267610 0.0153423
20 0.3551890 0.3791471 0.0267610 0.0153423
32 0.4871692 0.4076398 0.4926450 0.4208150
6 0.2870702 0.2607929 0.0267610 0.0153422
13 0.4233078 0.2607929 0.0267609 0.0153422
31 0.5595454 0.2607929 0.0267609 0.0153422
21 0.6276642 0.2607929 0.0267610 0.0153422
11 0.6957830 0.2607929 0.0267610 0.0153422
33 0.3551890 0.3199700 0.0632532 0.0591771
15 0.3551890 0.3199700 0.0267610 0.0153422
29 0.4233078 0.3199700 0.0267609 0.0153422
8 0.4914266 0.3199700 0.0267609 0.0153422
27 0.5595454 0.3199700 0.0267609 0.0153422
3 0.2870702 0.3791471 0.0267610 0.0153423
5 0.5595454 0.3791471 0.0267609 0.0153423
1 0.6957830 0.3791471 0.0267610 0.0153423
4 0.2870702 0.4383242 0.0267610 0.0153423
9 0.4914266 0.4383242 0.0267609 0.0153423
22 0.6957830 0.4383242 0.0267610 0.0153423
26 0.2870702 0.4975013 0.0267610 0.0153423
30 0.4233078 0.4975013 0.0267609 0.0153423
18 0.4914266 0.4975013 0.0267609 0.0153423
16 0.5595454 0.4975013 0.0267609 0.0153423
25 0.6276642 0.4975013 0.0267610 0.0153423
7 0.2870702 0.5566784 0.0267610 0.0153423
20 0.3551890 0.5566784 0.0267610 0.0153423
17 0.4233078 0.5566784 0.0267609 0.0153423
19 0.4914266 0.5566784 0.0267609 0.0153423
12 0.6957830 0.5566784 0.0267610 0.0153423
17 0.4914266 0.3791471 0.0267609 0.0153423
20 0.5595454 0.4383242 0.0267609 0.0153423
23 0.4233078 0.4383242 0.0267609 0.0153423
13 0.6276642 0.3791471 0.0267610 0.0153423
25 0.3551890 0.4383242 0.0267610 0.0153423
14 0.4233078 0.3791471 0.0267609 0.0153423
1 0.2870702 0.3199700 0.0267610 0.0153422
13 0.5595454 0.5566784 0.0267609 0.0153423
24 0.6957830 0.3199700 0.0267610 0.0153422
18 0.3551890 0.2607929 0.0267610 0.0153422
30 0.6276642 0.3199700 0.0267610 0.0153422
21 0.6276642 0.5566784 0.0267610 0.0153423
5 0.6957830 0.4975013 0.0267610 0.0153423
29 0.4914266 0.2607929 0.0267609 0.0153422
25 0.3551890 0.4975013 0.0267610 0.0153423
