2 0.4112804 0.6551731 0.0284171 0.0156314
19 0.4112804 0.5948806 0.0284171 0.0156314
32 0.5514279 0.6239103 0.5231313 0.4287469
31 0.4112804 0.4742955 0.0284171 0.0156314
12 0.6282830 0.4742955 0.0284170 0.0156314
27 0.7006172 0.4742955 0.0284170 0.0156314
6 0.7729514 0.4742955 0.0284170 0.0156314
28 0.4836146 0.5345880 0.0284171 0.0156314
3 0.7006172 0.5345880 0.0284170 0.0156314
5 0.7729514 0.5345880 0.0284170 0.0156314
33 0.3389462 0.5948806 0.0671675 0.0602926
27 0.3389462 0.5948806 0.0284170 0.0156314
8 0.7729514 0.5948806 0.0284170 0.0156314
16 0.3389462 0.6551731 0.0284170 0.0156314
15 0.6282830 0.6551731 0.0284170 0.0156314
9 0.7006172 0.6551731 0.0284170 0.0156314
26 0.7729514 0.6551731 0.0284170 0.0156314
14 0.4112804 0.7154656 0.0284171 0.0156314
17 0.4836146 0.7154656 0.0284171 0.0156314
23 0.5559488 0.7154656 0.0284170 0.0156314
13 0.6282830 0.7154656 0.0284170 0.0156314
7 0.7729514 0.7154656 0.0284170 0.0156314
16 0.5559488 0.5948806 0.0284170 0.0156314
21 0.7006172 0.5948806 0.0284170 0.0156314
28 0.4836146 0.6551731 0.0284171 0.0156314
15 0.6282830 0.5948806 0.0284170 0.0156314
31 0.4112804 0.5345880 0.0284171 0.0156314
26 0.5559488 0.5345880 0.0284170 0.0156314
24 0.3389462 0.4742955 0.0284170 0.0156314
3 0.4836146 0.5948806 0.0284171 0.0156314
25 0.3389462 0.7154656 0.0284170 0.0156314
5 0.3389462 0.5345880 0.0284170 0.0156314
7 0.5559488 0.6551731 0.0284170 0.0156314
1 0.4836146 0.4742955 0.0284171 0.0156314
14 0.5559488 0.4742955 0.0284170 0.0156314
23 0.7006172 0.7154656 0.0284170 0.0156314
5 0.6282830 0.5345880 0.0284170 0.0156314
