12 0.7547482 0.7142160 0.0278705 0.0155962
6 0.8256915 0.5939023 0.0278706 0.0155962
32 0.6084278 0.6228668 0.5130718 0.4277817
12 0.4000320 0.4735888 0.0278706 0.0155962
13 0.4709752 0.4735888 0.0278706 0.0155962
31 0.5419184 0.4735888 0.0278706 0.0155962
21 0.6128617 0.4735888 0.0278706 0.0155962
25 0.6838049 0.4735888 0.0278706 0.0155962
9 0.7547482 0.4735888 0.0278705 0.0155962
30 0.8256915 0.4735888 0.0278706 0.0155962
19 0.4000320 0.5337456 0.0278706 0.0155962
33 0.5419185 0.5337456 0.0658759 0.0601568
11 0.5419184 0.5337456 0.0278706 0.0155962
22 0.6128617 0.5337456 0.0278706 0.0155962
2 0.6838049 0.5337456 0.0278706 0.0155962
28 0.7547482 0.5337456 0.0278705 0.0155962
10 0.4000320 0.5939023 0.0278706 0.0155962
4 0.4709752 0.5939023 0.0278706 0.0155962
27 0.6128617 0.5939023 0.0278706 0.0155962
20 0.4709752 0.6540592 0.0278706 0.0155962
15 0.6128617 0.6540592 0.0278706 0.0155962
16 0.7547482 0.6540592 0.0278705 0.0155962
24 0.8256915 0.6540592 0.0278706 0.0155962
18 0.4000320 0.7142160 0.0278706 0.0155962
14 0.5419184 0.7142160 0.0278706 0.0155962
3 0.6838049 0.7142160 0.0278706 0.0155962
6 0.4000320 0.7743728 0.0278706 0.0155962
29 0.4709752 0.7743728 0.0278706 0.0155962
5 0.6128617 0.7743728 0.0278706 0.0155962
29 0.8256915 0.7142160 0.0278706 0.0155962
24 0.7547482 0.5939023 0.0278705 0.0155962
21 0.5419184 0.5939023 0.0278706 0.0155962
1 0.5419184 0.6540592 0.0278706 0.0155962
8 0.4709752 0.7142160 0.0278706 0.0155962
12 0.6128617 0.7142160 0.0278706 0.0155962
7 0.6838049 0.7743728 0.0278706 0.0155962
7 0.8256915 0.5337456 0.0278706 0.0155962
1 0.6838049 0.5939023 0.0278706 0.0155962
10 0.4000320 0.6540592 0.0278706 0.0155962
10 0.7547482 0.7743728 0.0278705 0.0155962
24 0.4709752 0.5337456 0.0278706 0.0155962
4 0.5419184 0.7743728 0.0278706 0.0155962
27 0.6838049 0.6540592 0.0278706 0.0155962
15 0.8256915 0.7743728 0.0278706 0.0155962
