23 0.7815985 0.3677086 0.0268037 0.0163078
21 0.5086885 0.4935113 0.0268037 0.0163077
32 0.5726518 0.3979944 0.4934311 0.4472985
30 0.4404610 0.2419059 0.0268037 0.0163078
25 0.5769160 0.2419059 0.0268037 0.0163078
22 0.7133710 0.2419059 0.0268037 0.0163078
2 0.7815985 0.2419059 0.0268037 0.0163078
33 0.5086885 0.3048073 0.0633541 0.0629014
4 0.5086885 0.3048073 0.0268037 0.0163078
13 0.5769160 0.3048073 0.0268037 0.0163078
26 0.6451436 0.3048073 0.0268037 0.0163078
17 0.7133710 0.3048073 0.0268037 0.0163078
7 0.3722335 0.3677086 0.0268037 0.0163078
14 0.4404610 0.3677086 0.0268037 0.0163078
20 0.5769160 0.3677086 0.0268037 0.0163078
28 0.6451436 0.3677086 0.0268037 0.0163078
11 0.7133710 0.3677086 0.0268037 0.0163078
19 0.5086885 0.4306099 0.0268037 0.0163078
29 0.6451436 0.4306099 0.0268037 0.0163078
12 0.5769160 0.4935113 0.0268037 0.0163077
31 0.6451436 0.4935113 0.0268037 0.0163077
3 0.7133710 0.4935113 0.0268037 0.0163077
23 0.3722335 0.3048073 0.0268037 0.0163078
4 0.3722335 0.2419059 0.0268037 0.0163078
18 0.4404610 0.4935113 0.0268037 0.0163077
27 0.4404610 0.3048073 0.0268037 0.0163078
15 0.4404610 0.4306099 0.0268037 0.0163078
25 0.5769160 0.4306099 0.0268037 0.0163078
12 0.5086885 0.3677086 0.0268037 0.0163078
28 0.7133710 0.4306099 0.0268037 0.0163078
17 0.3722335 0.4935113 0.0268037 0.0163077
21 0.7815985 0.4935113 0.0268037 0.0163077
10 0.7815985 0.3048073 0.0268037 0.0163078
14 0.6451436 0.2419059 0.0268037 0.0163078
21 0.5086885 0.2419059 0.0268037 0.0163078
15 0.7815985 0.4306099 0.0268037 0.0163078
22 0.3722335 0.4306099 0.0268037 0.0163078
