31 0.8111709 0.5267672 0.0275871 0.0163200
5 0.6707275 0.5267672 0.0275871 0.0163200
32 0.5961170 0.4941273 0.5078532 0.4476335
2 0.4600626 0.3379219 0.0275871 0.0163200
27 0.6707275 0.3379219 0.0275871 0.0163200
13 0.8111709 0.3379219 0.0275871 0.0163200
22 0.3898409 0.4008703 0.0275871 0.0163200
19 0.6005059 0.4008703 0.0275871 0.0163200
5 0.6707275 0.4008703 0.0275871 0.0163200
1 0.7409492 0.4008703 0.0275871 0.0163200
26 0.8111709 0.4008703 0.0275871 0.0163200
15 0.3898409 0.4638188 0.0275871 0.0163200
20 0.6005059 0.4638188 0.0275871 0.0163200
23 0.7409492 0.4638188 0.0275871 0.0163200
3 0.3898409 0.5267672 0.0275871 0.0163200
17 0.5302842 0.5267672 0.0275871 0.0163200
33 0.6005059 0.5267672 0.0652058 0.0629484
22 0.6005059 0.5267672 0.0275871 0.0163200
30 0.5302842 0.5897157 0.0275871 0.0163200
7 0.6707275 0.5897157 0.0275871 0.0163200
29 0.7409492 0.5897157 0.0275871 0.0163200
18 0.8111709 0.5897157 0.0275871 0.0163200
22 0.4600626 0.5267672 0.0275871 0.0163200
10 0.6005059 0.5897157 0.0275871 0.0163200
21 0.3898409 0.5897157 0.0275871 0.0163200
11 0.5302842 0.4008703 0.0275871 0.0163200
24 0.4600626 0.4638188 0.0275871 0.0163200
21 0.5302842 0.3379219 0.0275871 0.0163200
30 0.6707275 0.4638188 0.0275871 0.0163200
12 0.5302842 0.4638188 0.0275871 0.0163200
14 0.7409492 0.5267672 0.0275871 0.0163200
1 0.4600626 0.5897157 0.0275871 0.0163200
29 0.7409492 0.3379219 0.0275871 0.0163200
26 0.6005059 0.3379219 0.0275871 0.0163200
5 0.8111709 0.4638188 0.0275871 0.0163200
22 0.4600626 0.4008703 0.0275871 0.0163200
15 0.3898409 0.3379219 0.0275871 0.0163200
