4 0.5036766 0.4584079 0.0266207 0.0151327
1 0.7069617 0.5167769 0.0266206 0.0151327
32 0.6349649 0.4865115 0.4900623 0.4150685
31 0.4359149 0.3416699 0.0266207 0.0151327
29 0.5714383 0.3416699 0.0266207 0.0151327
14 0.6392000 0.3416699 0.0266206 0.0151327
1 0.7069617 0.3416699 0.0266206 0.0151327
9 0.7747234 0.3416699 0.0266206 0.0151327
17 0.8424850 0.3416699 0.0266206 0.0151327
2 0.4359149 0.4000389 0.0266207 0.0151327
20 0.5036766 0.4000389 0.0266207 0.0151327
5 0.5714383 0.4000389 0.0266207 0.0151327
30 0.7747234 0.4000389 0.0266206 0.0151327
26 0.4359149 0.4584079 0.0266207 0.0151327
16 0.5714383 0.4584079 0.0266207 0.0151327
10 0.6392000 0.4584079 0.0266206 0.0151327
12 0.7069617 0.4584079 0.0266206 0.0151327
28 0.7747234 0.4584079 0.0266206 0.0151327
13 0.5036766 0.5167769 0.0266207 0.0151327
22 0.5714383 0.5167769 0.0266207 0.0151327
25 0.4359149 0.5751459 0.0266207 0.0151327
27 0.6392000 0.5751459 0.0266206 0.0151327
33 0.7069617 0.5751459 0.0629215 0.0583690
10 0.7069617 0.5751459 0.0266206 0.0151327
18 0.7747234 0.5751459 0.0266206 0.0151327
15 0.5036766 0.6335149 0.0266207 0.0151327
23 0.6392000 0.6335149 0.0266206 0.0151327
11 0.7747234 0.6335149 0.0266206 0.0151327
6 0.8424850 0.6335149 0.0266206 0.0151327
3 0.8424850 0.4000389 0.0266206 0.0151327
7 0.4359149 0.6335149 0.0266207 0.0151327
19 0.5714383 0.5751459 0.0266207 0.0151327
24 0.5036766 0.3416699 0.0266207 0.0151327
1 0.8424850 0.5751459 0.0266206 0.0151327
19 0.5714383 0.6335149 0.0266207 0.0151327
25 0.4359149 0.5167769 0.0266207 0.0151327
6 0.5036766 0.5751459 0.0266207 0.0151327
21 0.8424850 0.4584079 0.0266206 0.0151327
29 0.7069617 0.4000389 0.0266206 0.0151327
20 0.7747234 0.5167769 0.0266206 0.0151327
3 0.6392000 0.5167769 0.0266206 0.0151327
1 0.8424850 0.5167769 0.0266206 0.0151327
20 0.6392000 0.4000389 0.0266206 0.0151327
5 0.7069617 0.6335149 0.0266206 0.0151327
