18 0.4945430 0.4441399 0.0263568 0.0161387
14 0.3603626 0.5686384 0.0263568 0.0161387
32 0.5574400 0.4741118 0.4852056 0.4426613
14 0.3603626 0.3196415 0.0263568 0.0161387
9 0.4274528 0.3196415 0.0263568 0.0161387
19 0.5616331 0.3196415 0.0263568 0.0161387
33 0.6287233 0.3196415 0.0622980 0.0622492
22 0.6287233 0.3196415 0.0263568 0.0161387
18 0.6958134 0.3196415 0.0263569 0.0161387
1 0.7629036 0.3196415 0.0263569 0.0161387
21 0.3603626 0.3818907 0.0263568 0.0161386
15 0.4274528 0.3818907 0.0263568 0.0161386
6 0.4945430 0.3818907 0.0263568 0.0161386
31 0.6287233 0.3818907 0.0263568 0.0161386
27 0.7629036 0.3818907 0.0263569 0.0161386
26 0.3603626 0.4441399 0.0263568 0.0161387
13 0.6958134 0.4441399 0.0263569 0.0161387
20 0.7629036 0.4441399 0.0263569 0.0161387
4 0.3603626 0.5063892 0.0263568 0.0161386
3 0.5616331 0.5063892 0.0263568 0.0161386
17 0.7629036 0.5063892 0.0263569 0.0161386
8 0.4945430 0.5686384 0.0263568 0.0161387
7 0.6287233 0.5686384 0.0263568 0.0161387
16 0.6958134 0.5686384 0.0263569 0.0161387
30 0.4274528 0.6308877 0.0263568 0.0161386
25 0.4945430 0.6308877 0.0263568 0.0161386
10 0.6287233 0.6308877 0.0263568 0.0161386
22 0.6958134 0.6308877 0.0263569 0.0161386
29 0.7629036 0.6308877 0.0263569 0.0161386
13 0.4274528 0.4441399 0.0263568 0.0161387
27 0.6958134 0.5063892 0.0263569 0.0161386
27 0.5616331 0.4441399 0.0263568 0.0161387
7 0.4945430 0.5063892 0.0263568 0.0161386
30 0.5616331 0.6308877 0.0263568 0.0161386
11 0.5616331 0.5686384 0.0263568 0.0161387
4 0.3603626 0.6308877 0.0263568 0.0161386
10 0.6287233 0.4441399 0.0263568 0.0161387
31 0.5616331 0.3818907 0.0263568 0.0161386
5 0.6287233 0.5063892 0.0263568 0.0161386
11 0.4945430 0.3196415 0.0263568 0.0161387
20 0.6958134 0.3818907 0.0263569 0.0161386
10 0.4274528 0.5686384 0.0263568 0.0161387
27 0.7629036 0.5686384 0.0263569 0.0161387
27 0.4274528 0.5063892 0.0263568 0.0161386
