6 0.1511066 0.5394969 0.0272980 0.0153438
21 0.5680214 0.4803135 0.0272980 0.0153438
32 0.3552211 0.3904425 0.5025312 0.4208594
9 0.3595640 0.2435801 0.0272980 0.0153438
18 0.4290498 0.2435801 0.0272980 0.0153438
31 0.4985356 0.2435801 0.0272980 0.0153438
33 0.1511066 0.3027635 0.0645225 0.0591833
30 0.1511066 0.3027635 0.0272980 0.0153438
4 0.3595640 0.3027635 0.0272980 0.0153438
10 0.4290498 0.3027635 0.0272980 0.0153438
24 0.4985356 0.3027635 0.0272980 0.0153438
21 0.5680214 0.3027635 0.0272980 0.0153438
14 0.1511066 0.3619468 0.0272980 0.0153438
25 0.2205924 0.3619468 0.0272980 0.0153438
5 0.2900782 0.3619468 0.0272980 0.0153438
6 0.3595640 0.3619468 0.0272980 0.0153438
28 0.4985356 0.3619468 0.0272980 0.0153438
12 0.1511066 0.4211302 0.0272980 0.0153438
11 0.2900782 0.4211302 0.0272980 0.0153438
16 0.3595640 0.4211302 0.0272980 0.0153438
1 0.4985356 0.4211302 0.0272980 0.0153438
2 0.5680214 0.4211302 0.0272980 0.0153438
13 0.2900782 0.4803135 0.0272980 0.0153438
22 0.3595640 0.4803135 0.0272980 0.0153438
3 0.4290498 0.4803135 0.0272980 0.0153438
27 0.2205924 0.5394969 0.0272980 0.0153438
17 0.2900782 0.5394969 0.0272980 0.0153438
23 0.4985356 0.5394969 0.0272980 0.0153438
20 0.5680214 0.5394969 0.0272980 0.0153438
23 0.2205924 0.4211302 0.0272980 0.0153438
20 0.1511066 0.4803135 0.0272980 0.0153438
7 0.5680214 0.3619468 0.0272980 0.0153438
30 0.5680214 0.2435801 0.0272980 0.0153438
25 0.4290498 0.4211302 0.0272980 0.0153438
5 0.4290498 0.5394969 0.0272980 0.0153438
16 0.4985356 0.4803135 0.0272980 0.0153438
10 0.2900782 0.3027635 0.0272980 0.0153438
3 0.1511066 0.2435801 0.0272980 0.0153438
18 0.2205924 0.3027635 0.0272980 0.0153438
8 0.2205924 0.2435801 0.0272980 0.0153438
7 0.3595640 0.5394969 0.0272980 0.0153438
29 0.2205924 0.4803135 0.0272980 0.0153438
10 0.4290498 0.3619468 0.0272980 0.0153438
4 0.2900782 0.2435801 0.0272980 0.0153438
