31 0.4932734 0.4381266 0.0272240 0.0152444
7 0.4932734 0.4969265 0.0272240 0.0152444
32 0.4889423 0.5840375 0.5011694 0.4181328
2 0.2853809 0.4381266 0.0272240 0.0152444
6 0.3546784 0.4381266 0.0272240 0.0152444
23 0.5625709 0.4381266 0.0272240 0.0152444
5 0.6318684 0.4381266 0.0272240 0.0152444
4 0.3546784 0.4969265 0.0272240 0.0152444
18 0.5625709 0.4969265 0.0272240 0.0152444
3 0.6318684 0.4969265 0.0272240 0.0152444
16 0.7011658 0.4969265 0.0272240 0.0152444
1 0.2853809 0.5557264 0.0272240 0.0152444
24 0.3546784 0.5557264 0.0272240 0.0152444
15 0.4932734 0.5557264 0.0272240 0.0152444
7 0.5625709 0.6145263 0.0272240 0.0152444
8 0.6318684 0.6145263 0.0272240 0.0152444
27 0.7011658 0.6145263 0.0272240 0.0152444
14 0.2853809 0.6733263 0.0272240 0.0152445
31 0.3546784 0.6733263 0.0272240 0.0152445
33 0.4932734 0.6733263 0.0643477 0.0588000
1 0.4932734 0.6733263 0.0272240 0.0152445
21 0.7011658 0.6733263 0.0272240 0.0152445
3 0.3546784 0.6145263 0.0272240 0.0152444
17 0.7011658 0.4381266 0.0272240 0.0152444
8 0.6318684 0.5557264 0.0272240 0.0152444
16 0.5625709 0.6733263 0.0272240 0.0152445
25 0.5625709 0.5557264 0.0272240 0.0152444
27 0.4239759 0.5557264 0.0272240 0.0152444
25 0.4239759 0.4381266 0.0272240 0.0152444
11 0.4932734 0.6145263 0.0272240 0.0152444
29 0.4239759 0.6145263 0.0272240 0.0152444
23 0.4239759 0.6733263 0.0272240 0.0152445
13 0.4239759 0.4969265 0.0272240 0.0152444
1 0.6318684 0.6733263 0.0272240 0.0152445
26 0.2853809 0.6145263 0.0272240 0.0152444
13 0.2853809 0.4969265 0.0272240 0.0152444
27 0.7011658 0.5557264 0.0272240 0.0152444
