28 0.5427802 0.3400285 0.0262043 0.0149633
28 0.2092714 0.2245969 0.0262043 0.0149634
32 0.3385060 0.3678176 0.4823966 0.4104236
15 0.1425696 0.2245969 0.0262043 0.0149634
21 0.4093767 0.2245969 0.0262043 0.0149634
16 0.2759731 0.2823127 0.0262043 0.0149633
23 0.3426749 0.2823127 0.0262043 0.0149633
2 0.4093767 0.2823127 0.0262043 0.0149633
5 0.4760784 0.2823127 0.0262043 0.0149633
33 0.2759731 0.3400286 0.0619374 0.0577158
27 0.2759731 0.3400285 0.0262043 0.0149633
27 0.4093767 0.3400285 0.0262043 0.0149633
25 0.4760784 0.3400285 0.0262043 0.0149633
4 0.1425696 0.3977443 0.0262043 0.0149634
9 0.2759731 0.3977443 0.0262043 0.0149634
10 0.3426749 0.3977443 0.0262043 0.0149634
13 0.4093767 0.3977443 0.0262043 0.0149634
7 0.5427802 0.3977443 0.0262043 0.0149634
19 0.2092714 0.4554601 0.0262043 0.0149634
29 0.2759731 0.4554601 0.0262043 0.0149634
30 0.3426749 0.4554601 0.0262043 0.0149634
17 0.4093767 0.4554601 0.0262043 0.0149634
23 0.3426749 0.2245969 0.0262043 0.0149634
7 0.2092714 0.3977443 0.0262043 0.0149634
5 0.4760784 0.2245969 0.0262043 0.0149634
13 0.4760784 0.3977443 0.0262043 0.0149634
30 0.2092714 0.3400285 0.0262043 0.0149633
4 0.1425696 0.2823127 0.0262043 0.0149633
31 0.5427802 0.2823127 0.0262043 0.0149633
30 0.2759731 0.2245969 0.0262043 0.0149634
20 0.3426749 0.3400285 0.0262043 0.0149633
5 0.1425696 0.4554601 0.0262043 0.0149634
4 0.1425696 0.3400285 0.0262043 0.0149633
5 0.4760784 0.4554601 0.0262043 0.0149634
16 0.5427802 0.4554601 0.0262043 0.0149634
24 0.2092714 0.2823127 0.0262043 0.0149633
27 0.5427802 0.2245969 0.0262043 0.0149634
