31 0.5799857 0.4388071 0.0282039 0.0169906
8 0.3646107 0.6834714 0.0282038 0.0169906
32 0.3652517 0.5854924 0.5192076 0.4349588
18 0.4364024 0.4388071 0.0282039 0.0169906
3 0.5081940 0.4388071 0.0282039 0.0169906
31 0.1492357 0.4994068 0.0282039 0.0158578
25 0.2210274 0.4994068 0.0282039 0.0158578
9 0.4364024 0.4994068 0.0282039 0.0158578
12 0.4364024 0.5611393 0.0282039 0.0169906
1 0.5081940 0.5611393 0.0282039 0.0169906
27 0.5799857 0.5611393 0.0282039 0.0169906
14 0.1492357 0.6223054 0.0282039 0.0169906
2 0.2928191 0.6223054 0.0282039 0.0169906
15 0.3646107 0.6223054 0.0282038 0.0169906
33 0.5799857 0.6217390 0.0666637 0.0611661
30 0.5799857 0.6223054 0.0282039 0.0169906
5 0.1492357 0.6834714 0.0282039 0.0169906
26 0.2210274 0.6834714 0.0282039 0.0169906
24 0.2928191 0.6834714 0.0282039 0.0169906
4 0.4364024 0.6834714 0.0282039 0.0169906
30 0.5081940 0.6834714 0.0282039 0.0169906
13 0.5799857 0.6834714 0.0282039 0.0169906
25 0.4364024 0.6223054 0.0282039 0.0169906
23 0.1492357 0.4388071 0.0282039 0.0169906
27 0.5081940 0.4994068 0.0282039 0.0158578
24 0.2210274 0.4388071 0.0282039 0.0169906
24 0.2928191 0.5611393 0.0282039 0.0169906
11 0.3646107 0.5611393 0.0282038 0.0169906
20 0.2928191 0.4994068 0.0282039 0.0158578
26 0.2928191 0.4388071 0.0282039 0.0169906
20 0.5799857 0.4994068 0.0282039 0.0158578
2 0.3646107 0.4994068 0.0282038 0.0158578
31 0.2210274 0.5611393 0.0282039 0.0169906
11 0.5081940 0.6223054 0.0282039 0.0169906
6 0.3646107 0.4388071 0.0282038 0.0169906
2 0.1492357 0.5611393 0.0282039 0.0169906
22 0.2210274 0.6223054 0.0282039 0.0169906
