1 0.4876504 0.6263842 0.0286299 0.0152823
6 0.4147742 0.4495467 0.0286299 0.0152823
32 0.3373433 0.5958198 0.5270508 0.4191705
29 0.1232696 0.4495467 0.0286299 0.0152823
17 0.1232696 0.5084925 0.0286299 0.0152823
8 0.1961457 0.5084925 0.0286299 0.0152823
1 0.3418980 0.5084925 0.0286299 0.0152823
19 0.4147742 0.5084925 0.0286299 0.0152823
2 0.4876504 0.5084925 0.0286299 0.0152823
24 0.1232696 0.5674384 0.0286299 0.0152822
7 0.1961457 0.5674384 0.0286299 0.0152822
3 0.2690219 0.5674384 0.0286299 0.0152822
18 0.3418980 0.5674384 0.0286299 0.0152822
28 0.4147742 0.5674384 0.0286299 0.0152822
4 0.1961457 0.6263842 0.0286299 0.0152823
33 0.2690219 0.6263843 0.0676707 0.0589459
25 0.2690219 0.6263842 0.0286299 0.0152823
14 0.5605265 0.6263842 0.0286299 0.0152823
6 0.1232696 0.6853301 0.0286299 0.0152823
20 0.1961457 0.6853301 0.0286299 0.0152823
5 0.2690219 0.6853301 0.0286299 0.0152823
15 0.3418980 0.6853301 0.0286299 0.0152823
30 0.4147742 0.6853301 0.0286299 0.0152823
13 0.5605265 0.6853301 0.0286299 0.0152823
12 0.1232696 0.7442759 0.0286299 0.0152823
22 0.1961457 0.7442759 0.0286299 0.0152823
9 0.2690219 0.7442759 0.0286299 0.0152823
11 0.3418980 0.7442759 0.0286299 0.0152823
23 0.5605265 0.7442759 0.0286299 0.0152823
26 0.4147742 0.6263842 0.0286299 0.0152823
27 0.5605265 0.5084925 0.0286299 0.0152823
7 0.4876504 0.6853301 0.0286299 0.0152823
30 0.4876504 0.4495467 0.0286299 0.0152823
1 0.2690219 0.4495467 0.0286299 0.0152823
8 0.1961457 0.4495467 0.0286299 0.0152823
10 0.4876504 0.5674384 0.0286299 0.0152822
1 0.5605265 0.4495467 0.0286299 0.0152823
13 0.3418980 0.6263842 0.0286299 0.0152823
5 0.3418980 0.4495467 0.0286299 0.0152823
17 0.5605265 0.5674384 0.0286299 0.0152822
5 0.2690219 0.5084925 0.0286299 0.0152823
8 0.1232696 0.6263842 0.0286299 0.0152823
3 0.4147742 0.7442759 0.0286299 0.0152823
4 0.4876504 0.7442759 0.0286299 0.0152823
