22 0.0641458 0.4229808 0.0269275 0.0150618
9 0.0641458 0.5972670 0.0269275 0.0150618
32 0.2654903 0.5090481 0.4957114 0.4131230
33 0.0641458 0.3648853 0.0636469 0.0580954
17 0.0641458 0.3648853 0.0269275 0.0150618
23 0.1326886 0.3648853 0.0269275 0.0150618
9 0.2012314 0.3648853 0.0269275 0.0150618
6 0.4754027 0.3648853 0.0269276 0.0150618
5 0.2012314 0.4229808 0.0269275 0.0150618
28 0.3383170 0.4229808 0.0269275 0.0150618
16 0.4068599 0.4229808 0.0269275 0.0150618
27 0.0641458 0.4810762 0.0269275 0.0150618
24 0.1326886 0.4810762 0.0269275 0.0150618
4 0.2012314 0.4810762 0.0269275 0.0150618
3 0.4068599 0.4810762 0.0269275 0.0150618
29 0.0641458 0.5391716 0.0269275 0.0150618
10 0.1326886 0.5391716 0.0269275 0.0150618
11 0.2697742 0.5391716 0.0269275 0.0150618
30 0.4754027 0.5391716 0.0269276 0.0150618
19 0.1326886 0.5972670 0.0269275 0.0150618
8 0.2012314 0.5972670 0.0269275 0.0150618
25 0.3383170 0.5972670 0.0269275 0.0150618
3 0.4754027 0.4810762 0.0269276 0.0150618
6 0.3383170 0.5391716 0.0269275 0.0150618
25 0.4068599 0.5972670 0.0269275 0.0150618
9 0.3383170 0.3648853 0.0269275 0.0150618
23 0.2697742 0.4810762 0.0269275 0.0150618
16 0.2697742 0.3648853 0.0269275 0.0150618
9 0.4754027 0.4229808 0.0269276 0.0150618
2 0.3383170 0.4810762 0.0269275 0.0150618
5 0.2012314 0.5391716 0.0269275 0.0150618
18 0.2697742 0.4229808 0.0269275 0.0150618
12 0.4068599 0.5391716 0.0269275 0.0150618
10 0.4754027 0.5972670 0.0269276 0.0150618
5 0.4068599 0.3648853 0.0269275 0.0150618
22 0.1326886 0.4229808 0.0269275 0.0150618
18 0.2697742 0.5972670 0.0269275 0.0150618
