19 0.4436067 0.3186209 0.0283218 0.0154312
25 0.3715149 0.2591004 0.0283218 0.0154312
32 0.4391010 0.4067994 0.5213781 0.4232569
1 0.2273314 0.2591004 0.0283218 0.0154312
26 0.2994231 0.2591004 0.0283218 0.0154312
9 0.5877903 0.2591004 0.0283218 0.0154312
13 0.6598820 0.3186209 0.0283218 0.0154312
28 0.2994231 0.3781414 0.0283218 0.0154312
4 0.3715149 0.3781414 0.0283218 0.0154312
7 0.5877903 0.3781414 0.0283218 0.0154312
11 0.2273314 0.4376619 0.0283218 0.0154312
25 0.2994231 0.4376619 0.0283218 0.0154312
33 0.3715149 0.4376619 0.0669424 0.0595205
23 0.3715149 0.4376619 0.0283218 0.0154312
14 0.4436067 0.4376619 0.0283218 0.0154312
19 0.5156985 0.4376619 0.0283218 0.0154312
18 0.6598820 0.4376619 0.0283218 0.0154312
8 0.2273314 0.4971824 0.0283218 0.0154312
24 0.2994231 0.4971824 0.0283218 0.0154312
20 0.3715149 0.4971824 0.0283218 0.0154312
10 0.4436067 0.4971824 0.0283218 0.0154312
29 0.5877903 0.4971824 0.0283218 0.0154312
31 0.5156985 0.3186209 0.0283218 0.0154312
23 0.6598820 0.2591004 0.0283218 0.0154312
13 0.6598820 0.3781414 0.0283218 0.0154312
23 0.4436067 0.2591004 0.0283218 0.0154312
29 0.5877903 0.4376619 0.0283218 0.0154312
21 0.5156985 0.4971824 0.0283218 0.0154312
16 0.2994231 0.3186209 0.0283218 0.0154312
31 0.5156985 0.3781414 0.0283218 0.0154312
6 0.2273314 0.3781414 0.0283218 0.0154312
21 0.4436067 0.3781414 0.0283218 0.0154312
6 0.6598820 0.4971824 0.0283218 0.0154312
28 0.5156985 0.2591004 0.0283218 0.0154312
30 0.2273314 0.3186209 0.0283218 0.0154312
16 0.5877903 0.3186209 0.0283218 0.0154312
16 0.3715149 0.3186209 0.0283218 0.0154312
