31 0.3511302 0.4118715 0.0266258 0.0147902
21 0.6900040 0.6400633 0.0266258 0.0147902
32 0.5502185 0.5534349 0.4901566 0.4056744
20 0.4189050 0.4118715 0.0266258 0.0147902
6 0.4866798 0.4118715 0.0266258 0.0147902
4 0.5544545 0.4118715 0.0266258 0.0147902
29 0.6222292 0.4118715 0.0266258 0.0147902
3 0.6900040 0.4118715 0.0266258 0.0147902
16 0.7577787 0.4118715 0.0266258 0.0147902
31 0.3511302 0.4689194 0.0266258 0.0147902
23 0.4189050 0.4689194 0.0266258 0.0147902
17 0.5544545 0.4689194 0.0266258 0.0147902
7 0.6900040 0.4689194 0.0266258 0.0147902
11 0.4866798 0.5259674 0.0266258 0.0147902
26 0.6222292 0.5259674 0.0266258 0.0147902
12 0.3511302 0.5830153 0.0266258 0.0147902
8 0.4189050 0.5830153 0.0266258 0.0147902
27 0.4866798 0.5830153 0.0266258 0.0147902
21 0.5544545 0.5830153 0.0266258 0.0147902
14 0.6222292 0.5830153 0.0266258 0.0147902
15 0.6900040 0.5830153 0.0266258 0.0147902
13 0.3511302 0.6400633 0.0266258 0.0147902
5 0.4189050 0.6400633 0.0266258 0.0147902
33 0.5544545 0.6400633 0.0629337 0.0570480
19 0.5544545 0.6400633 0.0266258 0.0147902
2 0.6222292 0.6400633 0.0266258 0.0147902
10 0.4866798 0.6971113 0.0266258 0.0147902
1 0.5544545 0.6971113 0.0266258 0.0147902
18 0.6900040 0.6971113 0.0266258 0.0147902
7 0.3511302 0.5259674 0.0266258 0.0147902
19 0.7577787 0.5830153 0.0266258 0.0147902
19 0.4189050 0.5259674 0.0266258 0.0147902
31 0.7577787 0.6400633 0.0266258 0.0147902
14 0.4866798 0.6400633 0.0266258 0.0147902
5 0.4866798 0.4689194 0.0266258 0.0147902
11 0.7577787 0.4689194 0.0266258 0.0147902
8 0.6222292 0.6971113 0.0266258 0.0147902
20 0.7577787 0.6971113 0.0266258 0.0147902
17 0.3511302 0.6971113 0.0266258 0.0147902
27 0.6900040 0.5259674 0.0266258 0.0147902
2 0.4189050 0.6971113 0.0266258 0.0147902
16 0.5544545 0.5259674 0.0266258 0.0147902
5 0.7577787 0.5259674 0.0266258 0.0147902
25 0.6222292 0.4689194 0.0266258 0.0147902
