5 0.3648731 0.5940176 0.0279077 0.0164813
28 0.6490244 0.6528008 0.0279077 0.0153826
32 0.5075830 0.4989754 0.5137556 0.4219212
13 0.3648731 0.3566869 0.0279077 0.0164813
5 0.5069488 0.3566869 0.0279077 0.0164813
25 0.5779866 0.3566869 0.0279078 0.0164813
1 0.6490244 0.3566869 0.0279077 0.0164813
9 0.7200622 0.3566869 0.0279077 0.0164813
6 0.4359109 0.4154702 0.0279077 0.0153826
2 0.5069488 0.4154702 0.0279077 0.0153826
4 0.6490244 0.4154702 0.0279077 0.0153826
19 0.2938353 0.4753522 0.0279077 0.0164813
11 0.5069488 0.4753522 0.0279077 0.0164813
30 0.5779866 0.4753522 0.0279078 0.0164813
14 0.6490244 0.4753522 0.0279077 0.0164813
15 0.7200622 0.4753522 0.0279077 0.0164813
3 0.2938353 0.5346849 0.0279077 0.0164813
26 0.3648731 0.5346849 0.0279077 0.0164813
17 0.5779866 0.5346849 0.0279078 0.0164813
28 0.6490244 0.5346849 0.0279077 0.0164813
31 0.7200622 0.5346849 0.0279077 0.0164813
29 0.2938353 0.5940176 0.0279077 0.0164813
8 0.4359109 0.5940176 0.0279077 0.0164813
24 0.6490244 0.5940176 0.0279077 0.0164813
27 0.7200622 0.5940176 0.0279077 0.0164813
23 0.3648731 0.6528008 0.0279077 0.0153826
16 0.5779866 0.6528008 0.0279078 0.0153826
33 0.7200623 0.6528008 0.0659637 0.0593327
14 0.7200622 0.6528008 0.0279077 0.0153826
26 0.5779866 0.4154702 0.0279078 0.0153826
4 0.5069488 0.5346849 0.0279077 0.0164813
23 0.3648731 0.4753522 0.0279077 0.0164813
20 0.4359109 0.4753522 0.0279077 0.0164813
28 0.4359109 0.3566869 0.0279077 0.0164813
5 0.2938353 0.4154702 0.0279077 0.0153826
6 0.2938353 0.3566869 0.0279077 0.0164813
4 0.4359109 0.6528008 0.0279077 0.0153826
13 0.5069488 0.6528008 0.0279077 0.0153826
3 0.5069488 0.5940176 0.0279077 0.0164813
16 0.4359109 0.5346849 0.0279077 0.0164813
13 0.5779866 0.5940176 0.0279078 0.0164813
31 0.3648731 0.4154702 0.0279077 0.0153826
31 0.7200622 0.4154702 0.0279077 0.0153826
18 0.2938353 0.6528008 0.0279077 0.0153826
