14 0.5972791 0.2034002 0.0278063 0.0161705
10 0.4557197 0.3281443 0.0278063 0.0161706
32 0.5220757 0.3581753 0.5118890 0.4435344
26 0.3141603 0.2034002 0.0278063 0.0161705
4 0.4557197 0.2034002 0.0278063 0.0161705
31 0.5264994 0.2034002 0.0278063 0.0161705
1 0.7388385 0.2034002 0.0278063 0.0161705
6 0.3849400 0.2657723 0.0278063 0.0161706
15 0.5972791 0.2657723 0.0278063 0.0161706
29 0.6680589 0.2657723 0.0278062 0.0161706
8 0.7388385 0.2657723 0.0278063 0.0161706
2 0.3141603 0.3281443 0.0278063 0.0161706
27 0.3849400 0.3281443 0.0278063 0.0161706
14 0.5264994 0.3281443 0.0278063 0.0161706
12 0.6680589 0.3281443 0.0278062 0.0161706
17 0.3849400 0.3905163 0.0278063 0.0161705
33 0.5264994 0.3905163 0.0657240 0.0623720
16 0.5264994 0.3905163 0.0278063 0.0161705
22 0.5972791 0.3905163 0.0278063 0.0161705
19 0.3141603 0.4528883 0.0278063 0.0161705
13 0.4557197 0.4528883 0.0278063 0.0161705
5 0.3849400 0.2034002 0.0278063 0.0161705
31 0.6680589 0.2034002 0.0278062 0.0161705
6 0.7388385 0.3905163 0.0278063 0.0161705
10 0.5264994 0.2657723 0.0278063 0.0161706
24 0.4557197 0.3905163 0.0278063 0.0161705
8 0.3849400 0.4528883 0.0278063 0.0161705
9 0.6680589 0.3905163 0.0278062 0.0161705
2 0.5972791 0.4528883 0.0278063 0.0161705
28 0.7388385 0.3281443 0.0278063 0.0161706
3 0.3141603 0.2657723 0.0278063 0.0161706
14 0.5264994 0.4528883 0.0278063 0.0161705
21 0.3141603 0.3905163 0.0278063 0.0161705
5 0.6680589 0.4528883 0.0278062 0.0161705
20 0.7388385 0.4528883 0.0278063 0.0161705
13 0.5972791 0.3281443 0.0278063 0.0161706
29 0.4557197 0.2657723 0.0278063 0.0161706
