10 0.3624762 0.2937961 0.0288483 0.0174253
17 0.6562042 0.5447207 0.0288483 0.0174253
32 0.5834278 0.4442347 0.5310706 0.4460882
19 0.5093402 0.2937961 0.0288483 0.0174253
11 0.5827722 0.2937961 0.0288483 0.0174253
15 0.6562042 0.2937961 0.0288483 0.0174253
3 0.7296362 0.2937961 0.0288483 0.0174253
13 0.8030682 0.2937961 0.0288483 0.0174253
22 0.4359082 0.3559464 0.0288483 0.0162636
7 0.5093402 0.3559464 0.0288483 0.0162636
24 0.5827722 0.3559464 0.0288483 0.0162636
6 0.6562042 0.3559464 0.0288483 0.0162636
17 0.8030682 0.3559464 0.0288483 0.0162636
12 0.3624762 0.4192584 0.0288483 0.0174253
21 0.5093402 0.4192584 0.0288483 0.0174253
2 0.5093402 0.4819896 0.0288483 0.0174253
14 0.7296362 0.4819896 0.0288483 0.0174253
25 0.4359082 0.5447207 0.0288483 0.0174253
29 0.5093402 0.5447207 0.0288483 0.0174253
31 0.5827722 0.5447207 0.0288483 0.0174253
33 0.7296362 0.5441398 0.0681868 0.0627312
23 0.7296362 0.5447207 0.0288483 0.0174253
16 0.8030682 0.5447207 0.0288483 0.0174253
1 0.3624762 0.6068711 0.0288483 0.0162636
28 0.4359082 0.6068711 0.0288483 0.0162636
20 0.5093402 0.6068711 0.0288483 0.0162636
4 0.6562042 0.6068711 0.0288483 0.0162636
8 0.7296362 0.6068711 0.0288483 0.0162636
21 0.3624762 0.5447207 0.0288483 0.0174253
12 0.4359082 0.2937961 0.0288483 0.0174253
7 0.4359082 0.4192584 0.0288483 0.0174253
27 0.6562042 0.4192584 0.0288483 0.0174253
29 0.5827722 0.6068711 0.0288483 0.0162636
3 0.4359082 0.4819896 0.0288483 0.0174253
6 0.5827722 0.4192584 0.0288483 0.0174253
21 0.6562042 0.4819896 0.0288483 0.0174253
28 0.3624762 0.3559464 0.0288483 0.0162636
21 0.8030682 0.6068711 0.0288483 0.0162636
24 0.7296362 0.3559464 0.0288483 0.0162636
13 0.3624762 0.4819896 0.0288483 0.0174253
23 0.7296362 0.4192584 0.0288483 0.0174253
30 0.8030682 0.4819896 0.0288483 0.0174253
16 0.5827722 0.4819896 0.0288483 0.0174253
30 0.8030682 0.4192584 0.0288483 0.0174253
