17 0.5084958 0.4344911 0.0268220 0.0149670
10 0.4402216 0.4344911 0.0268220 0.0149670
32 0.2994059 0.3468272 0.4937692 0.4105235
22 0.1671245 0.2035716 0.0268220 0.0149670
26 0.2353988 0.2035716 0.0268220 0.0149670
14 0.3036730 0.2035716 0.0268220 0.0149670
23 0.3719473 0.2035716 0.0268221 0.0149670
16 0.5084958 0.2035716 0.0268220 0.0149670
18 0.3036730 0.2613015 0.0268220 0.0149670
29 0.0988503 0.3190313 0.0268220 0.0149670
33 0.1671245 0.3190313 0.0633975 0.0577299
5 0.1671245 0.3190313 0.0268220 0.0149670
19 0.3036730 0.3190313 0.0268220 0.0149670
24 0.4402216 0.3190313 0.0268220 0.0149670
4 0.3036730 0.3767612 0.0268220 0.0149670
8 0.3719473 0.3767612 0.0268221 0.0149670
21 0.4402216 0.3767612 0.0268220 0.0149670
30 0.5084958 0.3767612 0.0268220 0.0149670
1 0.0988503 0.4344911 0.0268220 0.0149670
20 0.3036730 0.4344911 0.0268220 0.0149670
2 0.3719473 0.4344911 0.0268221 0.0149670
22 0.4402216 0.2035716 0.0268220 0.0149670
7 0.5084958 0.3190313 0.0268220 0.0149670
10 0.4402216 0.2613015 0.0268220 0.0149670
26 0.2353988 0.4344911 0.0268220 0.0149670
14 0.3719473 0.3190313 0.0268221 0.0149670
31 0.2353988 0.3767612 0.0268220 0.0149670
8 0.0988503 0.2035716 0.0268220 0.0149670
16 0.0988503 0.3767612 0.0268220 0.0149670
13 0.1671245 0.3767612 0.0268220 0.0149670
3 0.2353988 0.3190313 0.0268220 0.0149670
17 0.1671245 0.2613015 0.0268220 0.0149670
30 0.3719473 0.2613015 0.0268221 0.0149670
6 0.5084958 0.2613015 0.0268220 0.0149670
13 0.0988503 0.2613015 0.0268220 0.0149670
9 0.2353988 0.2613015 0.0268220 0.0149670
17 0.1671245 0.4344911 0.0268220 0.0149670
