29 0.2471548 0.7170256 0.0285109 0.0173248
13 0.1020085 0.4675478 0.0285109 0.0173248
32 0.3203759 0.6171189 0.5248595 0.4435160
10 0.1745816 0.4675478 0.0285109 0.0173248
17 0.3197280 0.4675478 0.0285109 0.0173248
9 0.3923011 0.4675478 0.0285109 0.0173248
22 0.4648743 0.4675478 0.0285109 0.0173248
23 0.1745816 0.5293397 0.0285109 0.0161699
31 0.3197280 0.5293397 0.0285109 0.0161699
3 0.3923011 0.5293397 0.0285109 0.0161699
15 0.5374475 0.5293397 0.0285109 0.0161699
20 0.1020085 0.5922867 0.0285109 0.0173249
16 0.1745816 0.5922867 0.0285109 0.0173249
11 0.2471548 0.5922867 0.0285109 0.0173249
12 0.3197280 0.5922867 0.0285109 0.0173249
25 0.4648743 0.5922867 0.0285109 0.0173249
14 0.5374475 0.5922867 0.0285109 0.0173249
21 0.1020085 0.6546561 0.0285109 0.0173249
24 0.1020085 0.7170256 0.0285109 0.0173248
28 0.1745816 0.7170256 0.0285109 0.0173248
6 0.3197280 0.7170256 0.0285109 0.0173248
19 0.5374475 0.7170256 0.0285109 0.0173248
27 0.1745816 0.7788175 0.0285109 0.0161698
33 0.2471548 0.7788175 0.0673894 0.0623694
13 0.2471548 0.7788175 0.0285109 0.0161698
30 0.3197280 0.7788175 0.0285109 0.0161698
2 0.4648743 0.7788175 0.0285109 0.0161698
26 0.5374475 0.7788175 0.0285109 0.0161698
19 0.2471548 0.5293397 0.0285109 0.0161699
29 0.3923011 0.7170256 0.0285109 0.0173248
26 0.3923011 0.7788175 0.0285109 0.0161698
4 0.5374475 0.4675478 0.0285109 0.0173248
31 0.1745816 0.6546561 0.0285109 0.0173249
30 0.4648743 0.6546561 0.0285109 0.0173249
20 0.5374475 0.6546561 0.0285109 0.0173249
20 0.3197280 0.6546561 0.0285109 0.0173249
29 0.3923011 0.6546561 0.0285109 0.0173249
11 0.4648743 0.7170256 0.0285109 0.0173248
29 0.2471548 0.6546561 0.0285109 0.0173249
14 0.1020085 0.5293397 0.0285109 0.0161699
10 0.3923011 0.5922867 0.0285109 0.0173249
10 0.1020085 0.7788175 0.0285109 0.0161698
13 0.4648743 0.5293397 0.0285109 0.0161699
31 0.2471548 0.4675478 0.0285109 0.0173248
