29 0.3116559 0.2116969 0.0270232 0.0161361
3 0.5868016 0.4440567 0.0270232 0.0161361
32 0.5186293 0.3510052 0.4974732 0.4130842
16 0.3804423 0.2116969 0.0270232 0.0161361
29 0.4492287 0.2116969 0.0270232 0.0161361
28 0.5868016 0.2116969 0.0270232 0.0161361
19 0.7243744 0.2116969 0.0270232 0.0161361
12 0.4492287 0.2692490 0.0270232 0.0150604
30 0.5868016 0.2692490 0.0270232 0.0150604
22 0.3804423 0.3278768 0.0270232 0.0161361
15 0.6555881 0.3278768 0.0270232 0.0161361
18 0.3116559 0.3859668 0.0270232 0.0161361
11 0.3804423 0.3859668 0.0270232 0.0161361
1 0.4492287 0.3859668 0.0270232 0.0161361
21 0.5180152 0.3859668 0.0270232 0.0161361
33 0.5868016 0.3854289 0.0638731 0.0580899
28 0.5868016 0.3859668 0.0270232 0.0161361
5 0.6555881 0.3859668 0.0270232 0.0161361
27 0.3116559 0.4440567 0.0270232 0.0161361
31 0.3804423 0.4440567 0.0270232 0.0161361
23 0.4492287 0.4440567 0.0270232 0.0161361
2 0.5180152 0.4440567 0.0270232 0.0161361
6 0.4492287 0.3278768 0.0270232 0.0161361
4 0.6555881 0.2116969 0.0270232 0.0161361
20 0.7243744 0.3278768 0.0270232 0.0161361
21 0.6555881 0.2692490 0.0270232 0.0150604
10 0.6555881 0.4440567 0.0270232 0.0161361
23 0.3116559 0.2692490 0.0270232 0.0150604
18 0.7243744 0.3859668 0.0270232 0.0161361
19 0.3804423 0.2692490 0.0270232 0.0150604
7 0.7243744 0.4440567 0.0270232 0.0161361
15 0.5180152 0.2116969 0.0270232 0.0161361
25 0.5868016 0.3278768 0.0270232 0.0161361
7 0.5180152 0.2692490 0.0270232 0.0150604
12 0.7243744 0.2692490 0.0270232 0.0150604
3 0.3116559 0.3278768 0.0270232 0.0161361
6 0.5180152 0.3278768 0.0270232 0.0161361
