25 0.3279730 0.4589912 0.0275401 0.0159675
27 0.5382793 0.2126347 0.0275401 0.0159675
32 0.3235916 0.3654670 0.5069884 0.4379672
31 0.1176667 0.2126347 0.0275401 0.0159675
33 0.2578709 0.2126347 0.0650948 0.0615892
26 0.2578709 0.2126347 0.0275401 0.0159675
18 0.4681772 0.2126347 0.0275401 0.0159675
10 0.1877688 0.2742238 0.0275401 0.0159676
12 0.2578709 0.2742238 0.0275401 0.0159676
28 0.3980751 0.2742238 0.0275401 0.0159676
11 0.1176667 0.3358129 0.0275401 0.0159676
3 0.2578709 0.3358129 0.0275401 0.0159676
29 0.4681772 0.3358129 0.0275401 0.0159676
13 0.5382793 0.3358129 0.0275401 0.0159676
7 0.2578709 0.3974020 0.0275401 0.0159675
5 0.3279730 0.3974020 0.0275401 0.0159675
16 0.3980751 0.3974020 0.0275401 0.0159675
27 0.4681772 0.3974020 0.0275401 0.0159675
8 0.5382793 0.3974020 0.0275401 0.0159675
22 0.1877688 0.4589912 0.0275401 0.0159675
26 0.2578709 0.4589912 0.0275401 0.0159675
30 0.1176667 0.4589912 0.0275401 0.0159675
25 0.1877688 0.2126347 0.0275401 0.0159675
30 0.4681772 0.4589912 0.0275401 0.0159675
13 0.3279730 0.2126347 0.0275401 0.0159675
25 0.3980751 0.2126347 0.0275401 0.0159675
1 0.3980751 0.3358129 0.0275401 0.0159676
19 0.1176667 0.2742238 0.0275401 0.0159676
6 0.1877688 0.3974020 0.0275401 0.0159675
25 0.5382793 0.4589912 0.0275401 0.0159675
20 0.5382793 0.2742238 0.0275401 0.0159676
25 0.1877688 0.3358129 0.0275401 0.0159676
17 0.3279730 0.3358129 0.0275401 0.0159676
19 0.3980751 0.4589912 0.0275401 0.0159675
2 0.3279730 0.2742238 0.0275401 0.0159676
19 0.4681772 0.2742238 0.0275401 0.0159676
27 0.1176667 0.3974020 0.0275401 0.0159675
