4 0.7816278 0.6225970 0.0269030 0.0156279
3 0.4392258 0.5623179 0.0269030 0.0156279
32 0.6403870 0.5913412 0.4952600 0.4286510
26 0.7131473 0.4417599 0.0269030 0.0156279
4 0.7816278 0.4417599 0.0269030 0.0156279
2 0.8501082 0.4417599 0.0269030 0.0156279
31 0.7131473 0.5020389 0.0269030 0.0156279
29 0.7816278 0.5020389 0.0269030 0.0156279
1 0.5761866 0.5623179 0.0269030 0.0156279
20 0.7131473 0.5623179 0.0269030 0.0156279
25 0.8501082 0.5623179 0.0269030 0.0156279
21 0.4392258 0.6225970 0.0269030 0.0156279
7 0.5761866 0.6225970 0.0269030 0.0156279
5 0.7131473 0.6225970 0.0269030 0.0156279
33 0.8501082 0.6225970 0.0635889 0.0602791
18 0.8501082 0.6225970 0.0269030 0.0156279
27 0.4392258 0.6828760 0.0269030 0.0156278
12 0.5077061 0.6828760 0.0269030 0.0156278
6 0.5761866 0.6828760 0.0269030 0.0156278
11 0.7131473 0.6828760 0.0269030 0.0156278
10 0.8501082 0.6828760 0.0269030 0.0156278
30 0.4392258 0.5020389 0.0269030 0.0156279
6 0.5077061 0.5020389 0.0269030 0.0156279
13 0.6446669 0.6225970 0.0269030 0.0156279
2 0.5761866 0.5020389 0.0269030 0.0156279
17 0.5077061 0.5623179 0.0269030 0.0156279
3 0.6446669 0.5623179 0.0269030 0.0156279
17 0.6446669 0.5020389 0.0269030 0.0156279
28 0.5761866 0.4417599 0.0269030 0.0156279
2 0.7816278 0.5623179 0.0269030 0.0156279
4 0.6446669 0.4417599 0.0269030 0.0156279
15 0.7816278 0.6828760 0.0269030 0.0156278
4 0.5077061 0.6225970 0.0269030 0.0156279
2 0.8501082 0.5020389 0.0269030 0.0156279
2 0.4392258 0.4417599 0.0269030 0.0156279
16 0.6446669 0.6828760 0.0269030 0.0156278
16 0.5077061 0.4417599 0.0269030 0.0156279
