4 0.7879913 0.4333625 0.0279144 0.0156151
24 0.4327167 0.4333625 0.0279144 0.0156151
32 0.6414406 0.4021324 0.5138794 0.4282984
19 0.4327167 0.2526741 0.0279144 0.0156151
7 0.5037717 0.2526741 0.0279144 0.0156151
33 0.7169363 0.2526741 0.0659795 0.0602295
3 0.7169364 0.2526741 0.0279144 0.0156151
6 0.7879913 0.2526741 0.0279144 0.0156151
16 0.5037717 0.3129036 0.0279144 0.0156151
26 0.7879913 0.3129036 0.0279144 0.0156151
11 0.5037717 0.3731330 0.0279144 0.0156150
13 0.6458815 0.3731330 0.0279144 0.0156150
3 0.7169364 0.3731330 0.0279144 0.0156150
30 0.7879913 0.3731330 0.0279144 0.0156150
8 0.8590462 0.3731330 0.0279144 0.0156150
22 0.5748266 0.4333625 0.0279144 0.0156151
29 0.7169364 0.4333625 0.0279144 0.0156151
31 0.8590462 0.4333625 0.0279144 0.0156151
20 0.4327167 0.4935920 0.0279144 0.0156150
27 0.5748266 0.4935920 0.0279144 0.0156150
9 0.7879913 0.4935920 0.0279144 0.0156150
26 0.6458815 0.2526741 0.0279144 0.0156151
15 0.8590462 0.2526741 0.0279144 0.0156151
12 0.5037717 0.4935920 0.0279144 0.0156150
18 0.5748266 0.3731330 0.0279144 0.0156150
2 0.6458815 0.4935920 0.0279144 0.0156150
21 0.8590462 0.4935920 0.0279144 0.0156150
11 0.7169364 0.3129036 0.0279144 0.0156151
20 0.4327167 0.3731330 0.0279144 0.0156150
9 0.5748266 0.2526741 0.0279144 0.0156151
23 0.6458815 0.4333625 0.0279144 0.0156151
29 0.7169364 0.4935920 0.0279144 0.0156150
26 0.5748266 0.3129036 0.0279144 0.0156151
18 0.8590462 0.3129036 0.0279144 0.0156151
10 0.4327167 0.3129036 0.0279144 0.0156151
26 0.6458815 0.3129036 0.0279144 0.0156151
26 0.5037717 0.4333625 0.0279144 0.0156151
