6 0.4806049 0.6965848 0.0269240 0.0157119
31 0.2750036 0.6359818 0.0269240 0.0157119
32 0.4763216 0.6045580 0.4956461 0.4309547
24 0.2750036 0.4541728 0.0269240 0.0157119
27 0.3435374 0.4541728 0.0269240 0.0157119
20 0.4120712 0.4541728 0.0269240 0.0157119
16 0.6176725 0.4541728 0.0269240 0.0157119
22 0.6862063 0.4541728 0.0269240 0.0157119
30 0.2750036 0.5147758 0.0269240 0.0157119
2 0.3435374 0.5147758 0.0269240 0.0157119
6 0.4120712 0.5147758 0.0269240 0.0157119
33 0.4806049 0.5147758 0.0636385 0.0606030
14 0.4806049 0.5147758 0.0269240 0.0157119
1 0.5491387 0.5147758 0.0269240 0.0157119
18 0.6176725 0.5147758 0.0269240 0.0157119
29 0.3435374 0.5753788 0.0269240 0.0157118
9 0.4120712 0.5753788 0.0269240 0.0157118
26 0.3435374 0.6359818 0.0269240 0.0157119
8 0.4120712 0.6359818 0.0269240 0.0157119
10 0.4806049 0.6359818 0.0269240 0.0157119
19 0.5491387 0.6359818 0.0269240 0.0157119
7 0.6862063 0.6359818 0.0269240 0.0157119
28 0.2750036 0.6965848 0.0269240 0.0157119
11 0.3435374 0.6965848 0.0269240 0.0157119
25 0.4120712 0.6965848 0.0269240 0.0157119
5 0.5491387 0.6965848 0.0269240 0.0157119
3 0.5491387 0.7571878 0.0269240 0.0157119
17 0.6176725 0.7571878 0.0269240 0.0157119
13 0.6862063 0.6965848 0.0269240 0.0157119
29 0.2750036 0.5753788 0.0269240 0.0157118
14 0.3435374 0.7571878 0.0269240 0.0157119
18 0.6862063 0.5753788 0.0269240 0.0157118
7 0.6862063 0.7571878 0.0269240 0.0157119
19 0.4806049 0.5753788 0.0269240 0.0157118
17 0.4120712 0.7571878 0.0269240 0.0157119
24 0.5491387 0.4541728 0.0269240 0.0157119
30 0.6176725 0.5753788 0.0269240 0.0157118
26 0.6176725 0.6965848 0.0269240 0.0157119
16 0.6176725 0.6359818 0.0269240 0.0157119
6 0.4806049 0.4541728 0.0269240 0.0157119
31 0.5491387 0.5753788 0.0269240 0.0157118
25 0.4806049 0.7571878 0.0269240 0.0157119
26 0.6862063 0.5147758 0.0269240 0.0157119
18 0.2750036 0.7571878 0.0269240 0.0157119
