3 0.3426558 0.3063386 0.0264412 0.0161411
31 0.2080459 0.4308559 0.0264412 0.0161412
32 0.2711443 0.3985736 0.4867590 0.4427282
33 0.0734360 0.2440799 0.0624975 0.0622586
7 0.0734360 0.2440799 0.0264412 0.0161412
13 0.2753508 0.2440799 0.0264412 0.0161412
10 0.4099607 0.2440799 0.0264412 0.0161412
4 0.0734360 0.3063386 0.0264412 0.0161411
2 0.2080459 0.3063386 0.0264412 0.0161411
8 0.2753508 0.3063386 0.0264412 0.0161411
18 0.4099607 0.3063386 0.0264412 0.0161411
16 0.0734360 0.3685972 0.0264412 0.0161411
7 0.3426558 0.3685972 0.0264412 0.0161411
17 0.4772657 0.3685972 0.0264412 0.0161411
31 0.0734360 0.4308559 0.0264412 0.0161412
9 0.2753508 0.4308559 0.0264412 0.0161412
3 0.4772657 0.4308559 0.0264412 0.0161412
12 0.1407409 0.4931145 0.0264412 0.0161412
22 0.2080459 0.4931145 0.0264412 0.0161412
29 0.2753508 0.4931145 0.0264412 0.0161412
1 0.4772657 0.4931145 0.0264412 0.0161412
14 0.3426558 0.4931145 0.0264412 0.0161412
30 0.1407409 0.4308559 0.0264412 0.0161412
30 0.4099607 0.3685972 0.0264412 0.0161411
4 0.3426558 0.4308559 0.0264412 0.0161412
28 0.4099607 0.4308559 0.0264412 0.0161412
25 0.3426558 0.2440799 0.0264412 0.0161412
7 0.0734360 0.4931145 0.0264412 0.0161412
1 0.1407409 0.3685972 0.0264412 0.0161411
5 0.2080459 0.3685972 0.0264412 0.0161411
29 0.1407409 0.3063386 0.0264412 0.0161411
4 0.1407409 0.2440799 0.0264412 0.0161412
20 0.2753508 0.3685972 0.0264412 0.0161411
15 0.4772657 0.3063386 0.0264412 0.0161411
3 0.4772657 0.2440799 0.0264412 0.0161412
6 0.2080459 0.2440799 0.0264412 0.0161412
19 0.4099607 0.4931145 0.0264412 0.0161412
