27 0.4285478 0.4378504 0.0279012 0.0155602
19 0.5705903 0.5578861 0.0279012 0.0155602
32 0.4241090 0.5867836 0.5136357 0.4267936
3 0.3575266 0.4378504 0.0279012 0.0155602
27 0.4995690 0.4378504 0.0279012 0.0155602
10 0.6416115 0.4378504 0.0279012 0.0155602
31 0.2865053 0.4978682 0.0279012 0.0155602
14 0.3575266 0.4978682 0.0279012 0.0155602
24 0.4285478 0.4978682 0.0279012 0.0155602
18 0.5705903 0.4978682 0.0279012 0.0155602
11 0.6416115 0.4978682 0.0279012 0.0155602
20 0.2865053 0.5578861 0.0279012 0.0155602
6 0.3575266 0.5578861 0.0279012 0.0155602
17 0.4285478 0.5578861 0.0279012 0.0155602
29 0.4995690 0.5578861 0.0279012 0.0155602
21 0.2865053 0.6179039 0.0279012 0.0155602
9 0.5705903 0.6179039 0.0279012 0.0155602
33 0.2865053 0.6779218 0.0659483 0.0600179
30 0.2865053 0.6779218 0.0279012 0.0155602
2 0.5705903 0.6779218 0.0279012 0.0155602
26 0.6416115 0.6779218 0.0279012 0.0155602
1 0.5705903 0.4378504 0.0279012 0.0155602
14 0.6416115 0.6179039 0.0279012 0.0155602
31 0.4995690 0.6779218 0.0279012 0.0155602
23 0.4285478 0.6779218 0.0279012 0.0155602
23 0.3575266 0.6179039 0.0279012 0.0155602
3 0.2154841 0.5578861 0.0279012 0.0155602
27 0.4995690 0.4978682 0.0279012 0.0155602
25 0.2154841 0.4978682 0.0279012 0.0155602
23 0.3575266 0.6779218 0.0279012 0.0155602
2 0.4285478 0.6179039 0.0279012 0.0155602
20 0.4995690 0.6179039 0.0279012 0.0155602
4 0.2865053 0.4378504 0.0279012 0.0155602
4 0.2154841 0.6179039 0.0279012 0.0155602
29 0.2154841 0.6779218 0.0279012 0.0155602
2 0.2154841 0.4378504 0.0279012 0.0155602
29 0.6416115 0.5578861 0.0279012 0.0155602
