16 0.5164294 0.5510218 0.0270688 0.0161258
7 0.3786249 0.3022244 0.0270687 0.0161258
32 0.4432207 0.4565709 0.4983108 0.4423066
30 0.4475271 0.3022244 0.0270687 0.0161258
16 0.5164294 0.3022244 0.0270688 0.0161258
6 0.5853316 0.3022244 0.0270687 0.0161258
33 0.2408204 0.3644237 0.0639806 0.0621994
21 0.2408204 0.3644238 0.0270687 0.0161258
23 0.3786249 0.3644238 0.0270687 0.0161258
22 0.5164294 0.3644238 0.0270688 0.0161258
4 0.6542339 0.3644238 0.0270687 0.0161258
3 0.3786249 0.4266231 0.0270687 0.0161258
20 0.4475271 0.4266231 0.0270687 0.0161258
1 0.5164294 0.4266231 0.0270688 0.0161258
12 0.5853316 0.4266231 0.0270687 0.0161258
29 0.6542339 0.4266231 0.0270687 0.0161258
25 0.2408204 0.4888224 0.0270687 0.0161258
10 0.3097227 0.4888224 0.0270687 0.0161258
15 0.4475271 0.4888224 0.0270687 0.0161258
8 0.6542339 0.4888224 0.0270687 0.0161258
26 0.5853316 0.5510218 0.0270687 0.0161258
5 0.5164294 0.4888224 0.0270688 0.0161258
7 0.4475271 0.3644238 0.0270687 0.0161258
4 0.3097227 0.4266231 0.0270687 0.0161258
22 0.3786249 0.5510218 0.0270687 0.0161258
6 0.5853316 0.3644238 0.0270687 0.0161258
13 0.6542339 0.5510218 0.0270687 0.0161258
1 0.3097227 0.3644238 0.0270687 0.0161258
25 0.5853316 0.4888224 0.0270687 0.0161258
22 0.4475271 0.5510218 0.0270687 0.0161258
14 0.2408204 0.5510218 0.0270687 0.0161258
25 0.6542339 0.3022244 0.0270687 0.0161258
21 0.2408204 0.4266231 0.0270687 0.0161258
6 0.3097227 0.3022244 0.0270687 0.0161258
9 0.2408204 0.3022244 0.0270687 0.0161258
16 0.3097227 0.5510218 0.0270687 0.0161258
15 0.3786249 0.4888224 0.0270687 0.0161258
