10 0.7135342 0.5830525 0.0271083 0.0167076
8 0.7135342 0.4627578 0.0271083 0.0167076
32 0.6451474 0.4867054 0.4990389 0.4277144
16 0.5755283 0.3424632 0.0271083 0.0167076
14 0.7135342 0.3424632 0.0271083 0.0167076
30 0.7825371 0.3424632 0.0271082 0.0167076
4 0.8515400 0.3424632 0.0271083 0.0167076
20 0.4375226 0.4020536 0.0271083 0.0155938
25 0.5065255 0.4020536 0.0271083 0.0155938
12 0.5755283 0.4020536 0.0271083 0.0155938
15 0.6445312 0.4020536 0.0271083 0.0155938
11 0.8515400 0.4020536 0.0271083 0.0155938
8 0.4375226 0.4627578 0.0271083 0.0167076
28 0.5755283 0.4627578 0.0271083 0.0167076
3 0.6445312 0.4627578 0.0271083 0.0167076
22 0.4375226 0.5229052 0.0271083 0.0167076
23 0.5065255 0.5229052 0.0271083 0.0167076
19 0.5755283 0.5229052 0.0271083 0.0167076
10 0.6445312 0.5229052 0.0271083 0.0167076
17 0.7135342 0.5229052 0.0271083 0.0167076
5 0.7825371 0.5229052 0.0271082 0.0167076
21 0.4375226 0.5830525 0.0271083 0.0167076
29 0.5065255 0.5830525 0.0271083 0.0167076
9 0.5755283 0.5830525 0.0271083 0.0167076
33 0.7825371 0.5824956 0.0640741 0.0601473
31 0.7825371 0.5830525 0.0271082 0.0167076
18 0.8515400 0.5830525 0.0271083 0.0167076
13 0.6445312 0.6426430 0.0271083 0.0155937
7 0.8515400 0.6426430 0.0271083 0.0155937
27 0.7825371 0.4020536 0.0271082 0.0155938
24 0.7135342 0.6426430 0.0271083 0.0155937
6 0.6445312 0.5830525 0.0271083 0.0167076
29 0.5065255 0.4627578 0.0271083 0.0167076
28 0.7135342 0.4020536 0.0271083 0.0155938
20 0.5065255 0.6426430 0.0271083 0.0155937
12 0.8515400 0.5229052 0.0271083 0.0167076
22 0.5065255 0.3424632 0.0271083 0.0167076
10 0.7825371 0.4627578 0.0271082 0.0167076
20 0.6445312 0.3424632 0.0271083 0.0167076
23 0.4375226 0.6426430 0.0271083 0.0155937
17 0.8515400 0.4627578 0.0271083 0.0167076
5 0.5755283 0.6426430 0.0271083 0.0155937
24 0.4375226 0.3424632 0.0271083 0.0167076
10 0.7825371 0.6426430 0.0271082 0.0155937
