4 0.7042003 0.3496068 0.0274271 0.0160215
31 0.7042003 0.4114038 0.0274271 0.0160215
32 0.4903934 0.4411580 0.5049083 0.4394459
6 0.3551279 0.2878097 0.0274271 0.0160215
22 0.4249424 0.2878097 0.0274271 0.0160215
33 0.5645713 0.2878097 0.0648278 0.0617971
21 0.5645713 0.2878097 0.0274271 0.0160215
5 0.3551279 0.3496068 0.0274271 0.0160215
13 0.4249424 0.3496068 0.0274271 0.0160215
12 0.4947569 0.3496068 0.0274271 0.0160215
9 0.5645713 0.3496068 0.0274271 0.0160215
2 0.3551279 0.4114038 0.0274271 0.0160215
29 0.4947569 0.4114038 0.0274271 0.0160215
14 0.5645713 0.4114038 0.0274271 0.0160215
3 0.2853134 0.4732009 0.0274271 0.0160215
26 0.2853134 0.5349980 0.0274271 0.0160215
17 0.4249424 0.5349980 0.0274271 0.0160215
15 0.4947569 0.5349980 0.0274271 0.0160215
31 0.5645713 0.5349980 0.0274271 0.0160215
18 0.6343858 0.5349980 0.0274271 0.0160215
19 0.7042003 0.5349980 0.0274271 0.0160215
5 0.2853134 0.3496068 0.0274271 0.0160215
6 0.4947569 0.4732009 0.0274271 0.0160215
16 0.3551279 0.5349980 0.0274271 0.0160215
30 0.6343858 0.2878097 0.0274271 0.0160215
10 0.6343858 0.4114038 0.0274271 0.0160215
9 0.2853134 0.2878097 0.0274271 0.0160215
29 0.4249424 0.4114038 0.0274271 0.0160215
5 0.6343858 0.3496068 0.0274271 0.0160215
18 0.4947569 0.2878097 0.0274271 0.0160215
7 0.7042003 0.2878097 0.0274271 0.0160215
8 0.6343858 0.4732009 0.0274271 0.0160215
24 0.7042003 0.4732009 0.0274271 0.0160215
20 0.2853134 0.4114038 0.0274271 0.0160215
25 0.4249424 0.4732009 0.0274271 0.0160215
27 0.5645713 0.4732009 0.0274271 0.0160215
8 0.3551279 0.4732009 0.0274271 0.0160215
