8 0.5435817 0.4434204 0.0281876 0.0161496
14 0.1130798 0.3188381 0.0281876 0.0161496
32 0.3238464 0.3488301 0.5189085 0.4429594
15 0.1130798 0.1942558 0.0281876 0.0161495
16 0.4000811 0.1942558 0.0281876 0.0161495
25 0.4718314 0.1942558 0.0281876 0.0161495
20 0.5435817 0.1942558 0.0281876 0.0161495
4 0.1130798 0.2565469 0.0281876 0.0161496
11 0.1848302 0.2565469 0.0281876 0.0161496
17 0.2565805 0.2565469 0.0281876 0.0161496
13 0.3283308 0.2565469 0.0281876 0.0161496
1 0.4718314 0.2565469 0.0281876 0.0161496
9 0.5435817 0.2565469 0.0281876 0.0161496
27 0.2565805 0.3188381 0.0281876 0.0161496
12 0.4000811 0.3188381 0.0281876 0.0161496
29 0.5435817 0.3188381 0.0281876 0.0161496
6 0.2565805 0.3811293 0.0281876 0.0161496
31 0.4000811 0.3811293 0.0281876 0.0161496
33 0.4718314 0.3811292 0.0666253 0.0622911
12 0.4718314 0.3811293 0.0281876 0.0161496
2 0.5435817 0.3811293 0.0281876 0.0161496
21 0.2565805 0.4434204 0.0281876 0.0161496
19 0.3283308 0.4434204 0.0281876 0.0161496
3 0.4000811 0.4434204 0.0281876 0.0161496
26 0.1130798 0.5057116 0.0281876 0.0161496
30 0.2565805 0.5057116 0.0281876 0.0161496
24 0.3283308 0.5057116 0.0281876 0.0161496
22 0.5435817 0.5057116 0.0281876 0.0161496
2 0.1848302 0.1942558 0.0281876 0.0161495
24 0.4718314 0.3188381 0.0281876 0.0161496
5 0.1848302 0.5057116 0.0281876 0.0161496
1 0.1848302 0.3811293 0.0281876 0.0161496
7 0.1848302 0.3188381 0.0281876 0.0161496
12 0.4000811 0.5057116 0.0281876 0.0161496
19 0.3283308 0.1942558 0.0281876 0.0161495
29 0.2565805 0.1942558 0.0281876 0.0161495
29 0.4000811 0.2565469 0.0281876 0.0161496
5 0.4718314 0.4434204 0.0281876 0.0161496
15 0.4718314 0.5057116 0.0281876 0.0161496
16 0.1130798 0.3811293 0.0281876 0.0161496
11 0.3283308 0.3188381 0.0281876 0.0161496
17 0.1130798 0.4434204 0.0281876 0.0161496
30 0.1848302 0.4434204 0.0281876 0.0161496
19 0.3283308 0.3811293 0.0281876 0.0161496
