4 0.4393463 0.4775441 0.0277118 0.0155824
24 0.5098856 0.3573372 0.0277118 0.0155824
32 0.4349376 0.4463793 0.5101496 0.4274020
22 0.2277287 0.2972338 0.0277118 0.0155824
30 0.4393463 0.2972338 0.0277118 0.0155824
2 0.5098856 0.2972338 0.0277118 0.0155824
25 0.6509640 0.2972338 0.0277118 0.0155824
14 0.2982679 0.3573372 0.0277118 0.0155824
27 0.4393463 0.3573372 0.0277118 0.0155824
24 0.5804247 0.3573372 0.0277118 0.0155824
4 0.6509640 0.3573372 0.0277118 0.0155824
33 0.2982679 0.4174407 0.0655007 0.0601034
22 0.2982679 0.4174407 0.0277118 0.0155824
11 0.3688071 0.4174407 0.0277118 0.0155824
5 0.4393463 0.4174407 0.0277118 0.0155824
13 0.5804247 0.4174407 0.0277118 0.0155824
3 0.2982679 0.4775441 0.0277118 0.0155824
10 0.3688071 0.4775441 0.0277118 0.0155824
18 0.5098856 0.4775441 0.0277118 0.0155824
28 0.6509640 0.4775441 0.0277118 0.0155824
1 0.2277287 0.5376475 0.0277118 0.0155824
8 0.2982679 0.5376475 0.0277118 0.0155824
20 0.3688071 0.5376475 0.0277118 0.0155824
19 0.5098856 0.5376475 0.0277118 0.0155824
15 0.6509640 0.5376475 0.0277118 0.0155824
12 0.2277287 0.5977509 0.0277118 0.0155823
17 0.5098856 0.5977509 0.0277118 0.0155823
9 0.6509640 0.5977509 0.0277118 0.0155823
16 0.3688071 0.5977509 0.0277118 0.0155823
16 0.3688071 0.3573372 0.0277118 0.0155824
3 0.6509640 0.4174407 0.0277118 0.0155824
17 0.4393463 0.5977509 0.0277118 0.0155823
31 0.5804247 0.5977509 0.0277118 0.0155823
3 0.4393463 0.5376475 0.0277118 0.0155824
25 0.2277287 0.3573372 0.0277118 0.0155824
20 0.5804247 0.4775441 0.0277118 0.0155824
19 0.5804247 0.5376475 0.0277118 0.0155824
5 0.2277287 0.4174407 0.0277118 0.0155824
21 0.2982679 0.5977509 0.0277118 0.0155823
30 0.2982679 0.2972338 0.0277118 0.0155824
20 0.5804247 0.2972338 0.0277118 0.0155824
31 0.3688071 0.2972338 0.0277118 0.0155824
4 0.2277287 0.4775441 0.0277118 0.0155824
13 0.5098856 0.4174407 0.0277118 0.0155824
