27 0.7309229 0.4159340 0.0262032 0.0157031
25 0.5308268 0.4159340 0.0262031 0.0157031
32 0.5933568 0.4450969 0.4823748 0.4307133
1 0.4641280 0.2947959 0.0262031 0.0157031
18 0.5975254 0.2947959 0.0262031 0.0157031
7 0.6642242 0.2947959 0.0262031 0.0157031
30 0.7309229 0.2947959 0.0262032 0.0157031
31 0.7976216 0.2947959 0.0262031 0.0157031
24 0.3974293 0.3553650 0.0262031 0.0157031
15 0.4641280 0.3553650 0.0262031 0.0157031
12 0.5308268 0.3553650 0.0262031 0.0157031
9 0.5975254 0.3553650 0.0262031 0.0157031
5 0.7976216 0.3553650 0.0262031 0.0157031
19 0.4641280 0.4159340 0.0262031 0.0157031
33 0.4641280 0.4765031 0.0619345 0.0605691
29 0.4641280 0.4765031 0.0262031 0.0157031
2 0.5975254 0.4765031 0.0262031 0.0157031
3 0.7976216 0.4765031 0.0262031 0.0157031
16 0.3974293 0.5370721 0.0262031 0.0157031
27 0.4641280 0.5370721 0.0262031 0.0157031
20 0.5308268 0.5370721 0.0262031 0.0157031
25 0.7309229 0.3553650 0.0262032 0.0157031
8 0.3974293 0.2947959 0.0262031 0.0157031
31 0.6642242 0.4765031 0.0262031 0.0157031
4 0.5308268 0.4765031 0.0262031 0.0157031
15 0.7309229 0.5370721 0.0262032 0.0157031
6 0.6642242 0.5370721 0.0262031 0.0157031
28 0.6642242 0.3553650 0.0262031 0.0157031
24 0.7309229 0.4765031 0.0262032 0.0157031
12 0.7976216 0.5370721 0.0262031 0.0157031
16 0.7976216 0.4159340 0.0262031 0.0157031
3 0.5308268 0.2947959 0.0262031 0.0157031
18 0.3974293 0.4765031 0.0262031 0.0157031
6 0.5975254 0.4159340 0.0262031 0.0157031
27 0.3974293 0.4159340 0.0262031 0.0157031
1 0.5975254 0.5370721 0.0262031 0.0157031
1 0.6642242 0.4159340 0.0262031 0.0157031
