2 0.6790535 0.6442368 0.0284217 0.0157276
13 0.3896688 0.7049003 0.0284217 0.0157276
32 0.5298395 0.6127816 0.5232177 0.4313855
29 0.3173227 0.4622460 0.0284217 0.0157276
17 0.3896688 0.4622460 0.0284217 0.0157276
11 0.6067073 0.4622460 0.0284217 0.0157276
19 0.6790535 0.4622460 0.0284217 0.0157276
18 0.7513997 0.4622460 0.0284217 0.0157276
5 0.3896688 0.5229096 0.0284217 0.0157276
6 0.4620150 0.5229096 0.0284217 0.0157276
9 0.5343612 0.5229096 0.0284217 0.0157276
12 0.6067073 0.5229096 0.0284217 0.0157276
16 0.6790535 0.5229096 0.0284217 0.0157276
28 0.3896688 0.5835731 0.0284217 0.0157276
33 0.5343612 0.5835731 0.0671786 0.0606636
14 0.5343612 0.5835731 0.0284217 0.0157276
14 0.6067073 0.5835731 0.0284217 0.0157276
2 0.6790535 0.5835731 0.0284217 0.0157276
1 0.7513997 0.5835731 0.0284217 0.0157276
20 0.3173227 0.6442368 0.0284217 0.0157276
27 0.5343612 0.6442368 0.0284217 0.0157276
21 0.6067073 0.6442368 0.0284217 0.0157276
23 0.7513997 0.6442368 0.0284217 0.0157276
31 0.4620150 0.7049003 0.0284217 0.0157276
30 0.6067073 0.7049003 0.0284217 0.0157276
24 0.7513997 0.7049003 0.0284217 0.0157276
22 0.6067073 0.7655640 0.0284217 0.0157276
15 0.7513997 0.7655640 0.0284217 0.0157276
14 0.5343612 0.4622460 0.0284217 0.0157276
14 0.6790535 0.7049003 0.0284217 0.0157276
4 0.4620150 0.5835731 0.0284217 0.0157276
24 0.5343612 0.7655640 0.0284217 0.0157276
28 0.3896688 0.6442368 0.0284217 0.0157276
18 0.3173227 0.5835731 0.0284217 0.0157276
13 0.3173227 0.5229096 0.0284217 0.0157276
30 0.5343612 0.7049003 0.0284217 0.0157276
21 0.3173227 0.7049003 0.0284217 0.0157276
28 0.4620150 0.4622460 0.0284217 0.0157276
28 0.3173227 0.7655640 0.0284217 0.0157276
20 0.4620150 0.6442368 0.0284217 0.0157276
28 0.3896688 0.7655640 0.0284217 0.0157276
21 0.4620150 0.7655640 0.0284217 0.0157276
25 0.6790535 0.7655640 0.0284217 0.0157276
17 0.7513997 0.5229096 0.0284217 0.0157276
