2 0.4621731 0.5771959 0.0276611 0.0156747
25 0.3213533 0.3958171 0.0276610 0.0156747
32 0.3873626 0.4853869 0.5092143 0.4299350
21 0.1805336 0.3353575 0.0276610 0.0156747
17 0.2509435 0.3353575 0.0276610 0.0156747
4 0.3213533 0.3353575 0.0276610 0.0156747
13 0.3917632 0.3353575 0.0276610 0.0156747
33 0.5325830 0.3353575 0.0653806 0.0604596
7 0.5325830 0.3353575 0.0276610 0.0156747
9 0.6029929 0.3353575 0.0276610 0.0156747
31 0.3917632 0.3958171 0.0276610 0.0156747
6 0.6029929 0.3958171 0.0276610 0.0156747
3 0.2509435 0.4562768 0.0276610 0.0156747
29 0.3917632 0.4562768 0.0276610 0.0156747
10 0.4621731 0.4562768 0.0276611 0.0156747
25 0.5325830 0.4562768 0.0276610 0.0156747
15 0.6029929 0.4562768 0.0276610 0.0156747
18 0.3213533 0.5167363 0.0276610 0.0156747
5 0.3917632 0.5167363 0.0276610 0.0156747
22 0.4621731 0.5167363 0.0276611 0.0156747
14 0.5325830 0.5167363 0.0276610 0.0156747
8 0.1805336 0.5771959 0.0276610 0.0156747
20 0.3213533 0.5771959 0.0276610 0.0156747
12 0.3917632 0.5771959 0.0276610 0.0156747
27 0.5325830 0.5771959 0.0276610 0.0156747
26 0.1805336 0.6376556 0.0276610 0.0156747
2 0.3917632 0.6376556 0.0276610 0.0156747
1 0.6029929 0.6376556 0.0276610 0.0156747
1 0.2509435 0.3958171 0.0276610 0.0156747
29 0.5325830 0.3958171 0.0276610 0.0156747
3 0.2509435 0.6376556 0.0276610 0.0156747
4 0.1805336 0.4562768 0.0276610 0.0156747
11 0.1805336 0.5167363 0.0276610 0.0156747
2 0.4621731 0.3958171 0.0276611 0.0156747
4 0.6029929 0.5167363 0.0276610 0.0156747
14 0.2509435 0.5167363 0.0276610 0.0156747
18 0.3213533 0.4562768 0.0276610 0.0156747
6 0.6029929 0.5771959 0.0276610 0.0156747
1 0.2509435 0.5771959 0.0276610 0.0156747
12 0.1805336 0.3958171 0.0276610 0.0156747
14 0.4621731 0.3353575 0.0276611 0.0156747
18 0.5325830 0.6376556 0.0276610 0.0156747
11 0.3213533 0.6376556 0.0276610 0.0156747
13 0.4621731 0.6376556 0.0276611 0.0156747
