24 0.5598486 0.6590149 0.0283871 0.0150058
26 0.5598486 0.5432554 0.0283871 0.0150059
32 0.4830743 0.5711235 0.5225813 0.4115894
3 0.2708160 0.4274959 0.0283871 0.0150059
1 0.3430741 0.4274959 0.0283871 0.0150059
27 0.4153323 0.4274959 0.0283871 0.0150059
15 0.5598486 0.4274959 0.0283871 0.0150059
16 0.6321067 0.4274959 0.0283871 0.0150059
7 0.7043649 0.4274959 0.0283871 0.0150059
23 0.4875904 0.4853756 0.0283871 0.0150059
33 0.5598486 0.4853756 0.0670969 0.0578797
9 0.5598486 0.4853756 0.0283871 0.0150059
29 0.6321067 0.4853756 0.0283871 0.0150059
12 0.7043649 0.4853756 0.0283871 0.0150059
18 0.2708160 0.5432554 0.0283871 0.0150059
21 0.3430741 0.5432554 0.0283871 0.0150059
14 0.2708160 0.6011351 0.0283871 0.0150059
19 0.3430741 0.6011351 0.0283871 0.0150059
17 0.5598486 0.6011351 0.0283871 0.0150059
24 0.2708160 0.6590149 0.0283871 0.0150058
13 0.6321067 0.6590149 0.0283871 0.0150058
10 0.7043649 0.5432554 0.0283871 0.0150059
1 0.6321067 0.5432554 0.0283871 0.0150059
8 0.2708160 0.4853756 0.0283871 0.0150059
3 0.7043649 0.6011351 0.0283871 0.0150059
31 0.4153323 0.6590149 0.0283871 0.0150058
24 0.4153323 0.4853756 0.0283871 0.0150059
20 0.4153323 0.5432554 0.0283871 0.0150059
20 0.4875904 0.6011351 0.0283871 0.0150059
21 0.3430741 0.6590149 0.0283871 0.0150058
18 0.4153323 0.6011351 0.0283871 0.0150059
7 0.7043649 0.6590149 0.0283871 0.0150058
21 0.4875904 0.4274959 0.0283871 0.0150059
21 0.3430741 0.4853756 0.0283871 0.0150059
17 0.6321067 0.6011351 0.0283871 0.0150059
2 0.4875904 0.6590149 0.0283871 0.0150058
7 0.4875904 0.5432554 0.0283871 0.0150059
