14 0.7164209 0.5436155 0.0273618 0.0171532
13 0.8557175 0.4195409 0.0273619 0.0160097
32 0.6473945 0.5064503 0.5037066 0.4391214
17 0.4378277 0.3583612 0.0273619 0.0171532
2 0.6467726 0.3583612 0.0273618 0.0171532
5 0.7164209 0.3583612 0.0273618 0.0171532
7 0.7860692 0.3583612 0.0273618 0.0171532
25 0.8557175 0.3583612 0.0273619 0.0171532
27 0.5771243 0.4195409 0.0273618 0.0160097
8 0.5074760 0.4818641 0.0273618 0.0171532
33 0.7164209 0.4812923 0.0646735 0.0617514
15 0.7164209 0.4818641 0.0273618 0.0171532
9 0.4378277 0.5436155 0.0273619 0.0171532
30 0.5074760 0.5436155 0.0273618 0.0171532
22 0.5771243 0.5436155 0.0273618 0.0171532
18 0.6467726 0.5436155 0.0273618 0.0171532
14 0.7860692 0.5436155 0.0273618 0.0171532
16 0.8557175 0.5436155 0.0273619 0.0171532
12 0.4378277 0.6053670 0.0273619 0.0171532
6 0.5074760 0.6053670 0.0273618 0.0171532
20 0.6467726 0.6053670 0.0273618 0.0171532
23 0.7860692 0.6053670 0.0273618 0.0171532
21 0.8557175 0.6053670 0.0273619 0.0171532
29 0.4378277 0.6665467 0.0273619 0.0160097
13 0.5771243 0.6665467 0.0273618 0.0160097
19 0.6467726 0.6665467 0.0273618 0.0160097
1 0.7164209 0.6665467 0.0273618 0.0160097
15 0.8557175 0.6665467 0.0273619 0.0160097
5 0.5074760 0.4195409 0.0273618 0.0160097
25 0.7164209 0.4195409 0.0273618 0.0160097
4 0.7860692 0.6665467 0.0273618 0.0160097
23 0.5074760 0.6665467 0.0273618 0.0160097
23 0.7860692 0.4195409 0.0273618 0.0160097
22 0.4378277 0.4818641 0.0273619 0.0171532
17 0.6467726 0.4195409 0.0273618 0.0160097
31 0.4378277 0.4195409 0.0273619 0.0160097
26 0.5771243 0.3583612 0.0273618 0.0171532
26 0.5771243 0.4818641 0.0273618 0.0171532
26 0.6467726 0.4818641 0.0273618 0.0171532
10 0.5771243 0.6053670 0.0273618 0.0171532
15 0.8557175 0.4818641 0.0273619 0.0171532
30 0.7164209 0.6053670 0.0273618 0.0171532
28 0.7860692 0.4818641 0.0273618 0.0171532
5 0.5074760 0.3583612 0.0273618 0.0171532
