3 0.5081113 0.4707109 0.0271390 0.0149112
10 0.3699488 0.2406527 0.0271391 0.0149112
32 0.4347125 0.3833740 0.4996053 0.4089924
33 0.2317864 0.2406527 0.0641468 0.0575146
11 0.2317864 0.2406527 0.0271391 0.0149112
15 0.5081113 0.2406527 0.0271390 0.0149112
5 0.6462737 0.2406527 0.0271391 0.0149112
7 0.2317864 0.2981672 0.0271391 0.0149112
4 0.3699488 0.2981672 0.0271391 0.0149112
25 0.4390300 0.2981672 0.0271391 0.0149112
1 0.5081113 0.2981672 0.0271390 0.0149112
13 0.3008676 0.3556818 0.0271391 0.0149112
21 0.5081113 0.3556818 0.0271390 0.0149112
22 0.6462737 0.3556818 0.0271391 0.0149112
10 0.3008676 0.4131964 0.0271391 0.0149112
30 0.3699488 0.4131964 0.0271391 0.0149112
8 0.6462737 0.4131964 0.0271391 0.0149112
27 0.2317864 0.4707109 0.0271391 0.0149112
29 0.3699488 0.4707109 0.0271391 0.0149112
12 0.5771925 0.4707109 0.0271391 0.0149112
17 0.6462737 0.4707109 0.0271391 0.0149112
7 0.4390300 0.4131964 0.0271391 0.0149112
5 0.5771925 0.2406527 0.0271391 0.0149112
13 0.3008676 0.4707109 0.0271391 0.0149112
25 0.5771925 0.2981672 0.0271391 0.0149112
18 0.5771925 0.4131964 0.0271391 0.0149112
29 0.2317864 0.3556818 0.0271391 0.0149112
2 0.5081113 0.4131964 0.0271390 0.0149112
6 0.3699488 0.3556818 0.0271391 0.0149112
19 0.6462737 0.2981672 0.0271391 0.0149112
8 0.4390300 0.4707109 0.0271391 0.0149112
5 0.2317864 0.4131964 0.0271391 0.0149112
18 0.4390300 0.2406527 0.0271391 0.0149112
29 0.4390300 0.3556818 0.0271391 0.0149112
21 0.3008676 0.2406527 0.0271391 0.0149112
2 0.5771925 0.3556818 0.0271391 0.0149112
9 0.3008676 0.2981672 0.0271391 0.0149112
