31 0.2723818 0.3355486 0.0272773 0.0160251
16 0.6195468 0.2737378 0.0272772 0.0160250
32 0.4763412 0.3653094 0.5021494 0.4395432
29 0.2723818 0.2119271 0.0272773 0.0160250
18 0.5501138 0.2119271 0.0272773 0.0160250
21 0.6889798 0.2119271 0.0272772 0.0160250
9 0.2723818 0.2737378 0.0272773 0.0160250
30 0.4112478 0.2737378 0.0272773 0.0160250
12 0.4806808 0.2737378 0.0272773 0.0160250
6 0.5501138 0.2737378 0.0272773 0.0160250
15 0.4112478 0.3355486 0.0272773 0.0160251
2 0.4806808 0.3355486 0.0272773 0.0160251
20 0.5501138 0.3355486 0.0272773 0.0160251
10 0.4806808 0.3973594 0.0272773 0.0160251
33 0.6195468 0.3973594 0.0644735 0.0618108
11 0.6195468 0.3973594 0.0272772 0.0160251
27 0.6889798 0.3973594 0.0272772 0.0160251
16 0.4112478 0.4591701 0.0272773 0.0160250
19 0.5501138 0.4591701 0.0272773 0.0160250
3 0.6195468 0.4591701 0.0272772 0.0160250
11 0.6889798 0.4591701 0.0272772 0.0160250
20 0.4112478 0.2119271 0.0272773 0.0160250
17 0.6195468 0.2119271 0.0272772 0.0160250
26 0.2723818 0.3973594 0.0272773 0.0160251
10 0.6889798 0.3355486 0.0272772 0.0160251
16 0.3418148 0.3973594 0.0272773 0.0160251
24 0.3418148 0.2737378 0.0272773 0.0160250
20 0.3418148 0.2119271 0.0272773 0.0160250
2 0.5501138 0.3973594 0.0272773 0.0160251
3 0.3418148 0.3355486 0.0272773 0.0160251
16 0.6195468 0.3355486 0.0272772 0.0160251
8 0.3418148 0.4591701 0.0272773 0.0160250
12 0.2723818 0.4591701 0.0272773 0.0160250
6 0.4806808 0.2119271 0.0272773 0.0160250
26 0.6889798 0.2737378 0.0272772 0.0160250
19 0.4112478 0.3973594 0.0272773 0.0160251
8 0.4806808 0.4591701 0.0272773 0.0160250
