3 0.4185128 0.3747166 0.0273987 0.0157061
5 0.2790287 0.4352973 0.0273987 0.0157061
32 0.3444118 0.5250466 0.5043845 0.4307962
29 0.2790287 0.3747166 0.0273987 0.0157061
3 0.3487707 0.3747166 0.0273986 0.0157061
11 0.4882548 0.3747166 0.0273987 0.0157061
8 0.5579969 0.3747166 0.0273987 0.0157061
20 0.1395445 0.4352973 0.0273987 0.0157061
4 0.3487707 0.4352973 0.0273986 0.0157061
17 0.4185128 0.4352973 0.0273987 0.0157061
27 0.1395445 0.4958781 0.0273987 0.0157061
13 0.2790287 0.4958781 0.0273987 0.0157061
1 0.3487707 0.4958781 0.0273986 0.0157061
22 0.4882548 0.4958781 0.0273987 0.0157061
16 0.1395445 0.5564588 0.0273987 0.0157061
12 0.2092866 0.5564588 0.0273987 0.0157061
33 0.3487707 0.5564588 0.0647605 0.0605807
2 0.3487707 0.5564588 0.0273986 0.0157061
15 0.4185128 0.5564588 0.0273987 0.0157061
14 0.4882548 0.5564588 0.0273987 0.0157061
10 0.2092866 0.6170395 0.0273987 0.0157061
9 0.4185128 0.6170395 0.0273987 0.0157061
25 0.5579969 0.6170395 0.0273987 0.0157061
21 0.2092866 0.6776202 0.0273987 0.0157061
7 0.3487707 0.6776202 0.0273986 0.0157061
2 0.4185128 0.6776202 0.0273987 0.0157061
18 0.4882548 0.6776202 0.0273987 0.0157061
31 0.5579969 0.6776202 0.0273987 0.0157061
8 0.4185128 0.4958781 0.0273987 0.0157061
2 0.5579969 0.4958781 0.0273987 0.0157061
26 0.2092866 0.3747166 0.0273987 0.0157061
5 0.1395445 0.3747166 0.0273987 0.0157061
6 0.5579969 0.5564588 0.0273987 0.0157061
27 0.2790287 0.6776202 0.0273987 0.0157061
20 0.2092866 0.4352973 0.0273987 0.0157061
1 0.2790287 0.5564588 0.0273987 0.0157061
5 0.1395445 0.6170395 0.0273987 0.0157061
14 0.5579969 0.4352973 0.0273987 0.0157061
18 0.3487707 0.6170395 0.0273986 0.0157061
8 0.4882548 0.4352973 0.0273987 0.0157061
1 0.1395445 0.6776202 0.0273987 0.0157061
1 0.4882548 0.6170395 0.0273987 0.0157061
17 0.2790287 0.6170395 0.0273987 0.0157061
14 0.2092866 0.4958781 0.0273987 0.0157061
