29 0.3991888 0.5013059 0.0265733 0.0159367
20 0.5344707 0.6857162 0.0265732 0.0159367
32 0.5978842 0.5923728 0.4891893 0.4371208
10 0.4668298 0.4398358 0.0265733 0.0159367
26 0.6697528 0.4398358 0.0265733 0.0159367
33 0.7373938 0.4398358 0.0628095 0.0614701
17 0.7373937 0.4398358 0.0265733 0.0159367
18 0.6021117 0.5013059 0.0265732 0.0159367
27 0.6697528 0.5013059 0.0265733 0.0159367
29 0.8050347 0.5013059 0.0265733 0.0159367
25 0.3991888 0.5627760 0.0265733 0.0159367
7 0.4668298 0.5627760 0.0265733 0.0159367
16 0.5344707 0.5627760 0.0265732 0.0159367
14 0.7373937 0.5627760 0.0265733 0.0159367
17 0.4668298 0.6242461 0.0265733 0.0159367
11 0.6697528 0.6242461 0.0265733 0.0159367
5 0.8050347 0.6242461 0.0265733 0.0159367
19 0.3991888 0.6857162 0.0265733 0.0159367
1 0.6021117 0.6857162 0.0265732 0.0159367
9 0.7373937 0.6857162 0.0265733 0.0159367
15 0.8050347 0.6857162 0.0265733 0.0159367
28 0.4668298 0.6857162 0.0265733 0.0159367
12 0.3991888 0.4398358 0.0265733 0.0159367
16 0.6697528 0.6857162 0.0265733 0.0159367
3 0.5344707 0.4398358 0.0265732 0.0159367
15 0.8050347 0.4398358 0.0265733 0.0159367
24 0.6021117 0.4398358 0.0265732 0.0159367
18 0.5344707 0.5013059 0.0265732 0.0159367
8 0.6697528 0.5627760 0.0265733 0.0159367
26 0.8050347 0.5627760 0.0265733 0.0159367
7 0.3991888 0.6242461 0.0265733 0.0159367
5 0.7373937 0.6242461 0.0265733 0.0159367
31 0.6021117 0.6242461 0.0265732 0.0159367
26 0.5344707 0.6242461 0.0265732 0.0159367
31 0.6021117 0.5627760 0.0265732 0.0159367
11 0.7373937 0.5013059 0.0265733 0.0159367
20 0.4668298 0.5013059 0.0265733 0.0159367
