2 0.3115590 0.3692554 0.0282525 0.0147923
6 0.3115590 0.3121992 0.0282525 0.0147923
32 0.3789797 0.3396707 0.5201025 0.4057330
29 0.2396436 0.1980868 0.0282525 0.0147923
9 0.3115590 0.1980868 0.0282525 0.0147923
2 0.3834744 0.1980868 0.0282525 0.0147923
28 0.4553898 0.1980868 0.0282525 0.0147923
23 0.1677282 0.2551430 0.0282525 0.0147923
6 0.2396436 0.2551430 0.0282525 0.0147923
15 0.4553898 0.2551430 0.0282525 0.0147923
16 0.5273052 0.2551430 0.0282525 0.0147923
13 0.5992207 0.2551430 0.0282525 0.0147923
31 0.1677282 0.3121992 0.0282525 0.0147923
10 0.2396436 0.3121992 0.0282525 0.0147923
7 0.3834744 0.3121992 0.0282525 0.0147923
4 0.4553898 0.3121992 0.0282525 0.0147923
20 0.5992207 0.3121992 0.0282525 0.0147923
5 0.5273052 0.3692554 0.0282525 0.0147923
18 0.5992207 0.3692554 0.0282525 0.0147923
30 0.1677282 0.4263116 0.0282525 0.0147923
11 0.2396436 0.4263116 0.0282525 0.0147923
19 0.4553898 0.4263116 0.0282525 0.0147923
17 0.5992207 0.4263116 0.0282525 0.0147923
33 0.1677282 0.4833679 0.0667786 0.0570562
26 0.1677282 0.4833679 0.0282525 0.0147923
27 0.3834744 0.4833679 0.0282525 0.0147923
26 0.5273052 0.4833679 0.0282525 0.0147923
22 0.5992207 0.4833679 0.0282525 0.0147923
6 0.3834744 0.4263116 0.0282525 0.0147923
28 0.2396436 0.3692554 0.0282525 0.0147923
28 0.5273052 0.1980868 0.0282525 0.0147923
17 0.3834744 0.2551430 0.0282525 0.0147923
1 0.1677282 0.1980868 0.0282525 0.0147923
26 0.3115590 0.4263116 0.0282525 0.0147923
2 0.3834744 0.3692554 0.0282525 0.0147923
14 0.4553898 0.4833679 0.0282525 0.0147923
5 0.5273052 0.4263116 0.0282525 0.0147923
21 0.2396436 0.4833679 0.0282525 0.0147923
29 0.1677282 0.3692554 0.0282525 0.0147923
14 0.5992207 0.1980868 0.0282525 0.0147923
26 0.3115590 0.2551430 0.0282525 0.0147923
17 0.4553898 0.3692554 0.0282525 0.0147923
18 0.3115590 0.4833679 0.0282525 0.0147923
4 0.5273052 0.3121992 0.0282525 0.0147923
