21 0.1806210 0.7227450 0.0266630 0.0155887
30 0.2484904 0.4221066 0.0266630 0.0155887
32 0.3121179 0.5713123 0.4908411 0.4275745
29 0.3163598 0.4221066 0.0266630 0.0155887
33 0.4520985 0.4221066 0.0630216 0.0601277
29 0.4520986 0.4221066 0.0266630 0.0155887
22 0.1127516 0.4822343 0.0266630 0.0155887
4 0.1806210 0.4822343 0.0266630 0.0155887
24 0.2484904 0.4822343 0.0266630 0.0155887
21 0.3163598 0.4822343 0.0266630 0.0155887
30 0.3842292 0.4822343 0.0266630 0.0155887
16 0.4520986 0.4822343 0.0266630 0.0155887
1 0.5199680 0.4822343 0.0266630 0.0155887
28 0.1127516 0.5423619 0.0266630 0.0155887
8 0.1806210 0.5423619 0.0266630 0.0155887
14 0.3842292 0.5423619 0.0266630 0.0155887
7 0.1127516 0.6024896 0.0266630 0.0155887
25 0.2484904 0.6024896 0.0266630 0.0155887
3 0.3163598 0.6024896 0.0266630 0.0155887
27 0.3842292 0.6024896 0.0266630 0.0155887
2 0.4520986 0.6024896 0.0266630 0.0155887
6 0.3842292 0.6626173 0.0266630 0.0155887
17 0.4520986 0.6626173 0.0266630 0.0155887
9 0.1127516 0.7227450 0.0266630 0.0155887
5 0.2484904 0.7227450 0.0266630 0.0155887
13 0.3163598 0.7227450 0.0266630 0.0155887
20 0.3842292 0.7227450 0.0266630 0.0155887
26 0.4520986 0.7227450 0.0266630 0.0155887
7 0.1127516 0.4221066 0.0266630 0.0155887
2 0.5199680 0.6626173 0.0266630 0.0155887
16 0.4520986 0.5423619 0.0266630 0.0155887
1 0.3163598 0.5423619 0.0266630 0.0155887
18 0.2484904 0.6626173 0.0266630 0.0155887
19 0.1806210 0.4221066 0.0266630 0.0155887
28 0.3842292 0.4221066 0.0266630 0.0155887
9 0.3163598 0.6626173 0.0266630 0.0155887
3 0.1806210 0.6626173 0.0266630 0.0155887
11 0.5199680 0.5423619 0.0266630 0.0155887
5 0.2484904 0.5423619 0.0266630 0.0155887
1 0.5199680 0.7227450 0.0266630 0.0155887
13 0.5199680 0.4221066 0.0266630 0.0155887
26 0.5199680 0.6024896 0.0266630 0.0155887
3 0.1806210 0.6024896 0.0266630 0.0155887
8 0.1127516 0.6626173 0.0266630 0.0155887
