21 0.4817058 0.4222382 0.0287593 0.0162810
1 0.6281166 0.2966417 0.0287592 0.0162811
32 0.4771305 0.3896761 0.5294317 0.4465653
12 0.3352951 0.2338435 0.0287592 0.0162810
20 0.4085004 0.2338435 0.0287593 0.0162810
24 0.4817058 0.2338435 0.0287593 0.0162810
3 0.6281166 0.2338435 0.0287592 0.0162810
14 0.2620897 0.2966417 0.0287593 0.0162811
26 0.5549112 0.2966417 0.0287592 0.0162811
18 0.7013219 0.2966417 0.0287592 0.0162811
27 0.2620897 0.3594399 0.0287593 0.0162810
1 0.4085004 0.3594399 0.0287593 0.0162810
2 0.7013219 0.3594399 0.0287592 0.0162810
6 0.4085004 0.4222382 0.0287593 0.0162810
33 0.5549112 0.4222382 0.0679764 0.0627982
15 0.5549112 0.4222382 0.0287592 0.0162810
31 0.6281166 0.4222382 0.0287592 0.0162810
19 0.7013219 0.4222382 0.0287592 0.0162810
17 0.4817058 0.4850365 0.0287593 0.0162810
22 0.5549112 0.4850365 0.0287592 0.0162810
10 0.6281166 0.4850365 0.0287592 0.0162810
9 0.4085004 0.2966417 0.0287593 0.0162811
15 0.6281166 0.3594399 0.0287592 0.0162810
7 0.3352951 0.3594399 0.0287592 0.0162810
29 0.4817058 0.2966417 0.0287593 0.0162811
7 0.4817058 0.3594399 0.0287593 0.0162810
22 0.5549112 0.2338435 0.0287592 0.0162810
7 0.7013219 0.2338435 0.0287592 0.0162810
22 0.7013219 0.4850365 0.0287592 0.0162810
10 0.3352951 0.2966417 0.0287592 0.0162811
22 0.5549112 0.3594399 0.0287592 0.0162810
17 0.2620897 0.2338435 0.0287593 0.0162810
28 0.2620897 0.4850365 0.0287593 0.0162810
2 0.2620897 0.4222382 0.0287593 0.0162810
5 0.4085004 0.4850365 0.0287593 0.0162810
31 0.3352951 0.4222382 0.0287592 0.0162810
8 0.3352951 0.4850365 0.0287592 0.0162810
