30 0.3484705 0.4292245 0.0271982 0.0149128
1 0.3484705 0.3141831 0.0271982 0.0149128
32 0.4826070 0.3993989 0.5006938 0.4090359
27 0.2792387 0.2566625 0.0271982 0.0149128
15 0.4177022 0.2566625 0.0271982 0.0149128
31 0.4869339 0.2566625 0.0271982 0.0149128
5 0.5561657 0.2566625 0.0271982 0.0149128
22 0.6946291 0.2566625 0.0271982 0.0149128
23 0.5561657 0.3141831 0.0271982 0.0149128
29 0.6253974 0.3141831 0.0271982 0.0149128
10 0.3484705 0.3717038 0.0271982 0.0149128
33 0.4177022 0.3717038 0.0642866 0.0575207
24 0.4177022 0.3717038 0.0271982 0.0149128
14 0.5561657 0.3717038 0.0271982 0.0149128
13 0.6253974 0.3717038 0.0271982 0.0149128
18 0.4177022 0.4292245 0.0271982 0.0149128
4 0.5561657 0.4292245 0.0271982 0.0149128
1 0.6253974 0.4292245 0.0271982 0.0149128
25 0.6946291 0.4292245 0.0271982 0.0149128
2 0.3484705 0.4867452 0.0271982 0.0149127
20 0.4177022 0.4867452 0.0271982 0.0149127
13 0.4869339 0.3141831 0.0271982 0.0149128
13 0.2792387 0.4867452 0.0271982 0.0149127
2 0.6946291 0.4867452 0.0271982 0.0149127
25 0.4869339 0.4292245 0.0271982 0.0149128
24 0.2792387 0.3717038 0.0271982 0.0149128
9 0.2792387 0.3141831 0.0271982 0.0149128
3 0.5561657 0.4867452 0.0271982 0.0149127
15 0.3484705 0.2566625 0.0271982 0.0149128
3 0.2792387 0.4292245 0.0271982 0.0149128
8 0.6253974 0.4867452 0.0271982 0.0149127
6 0.4869339 0.4867452 0.0271982 0.0149127
27 0.4177022 0.3141831 0.0271982 0.0149128
10 0.4869339 0.3717038 0.0271982 0.0149128
31 0.6946291 0.3717038 0.0271982 0.0149128
26 0.6253974 0.2566625 0.0271982 0.0149128
1 0.6946291 0.3141831 0.0271982 0.0149128
