29 0.4769710 0.3555358 0.0288647 0.0150656
20 0.7708662 0.4136461 0.0288647 0.0150656
32 0.5458527 0.4416251 0.5313729 0.4132283
30 0.3300234 0.2974256 0.0288647 0.0150656
26 0.4034972 0.2974256 0.0288647 0.0150656
25 0.4769710 0.2974256 0.0288647 0.0150656
14 0.6973924 0.2974256 0.0288647 0.0150656
29 0.4034972 0.3555358 0.0288647 0.0150656
16 0.5504448 0.3555358 0.0288647 0.0150656
6 0.6239186 0.3555358 0.0288647 0.0150656
23 0.7708662 0.3555358 0.0288647 0.0150656
33 0.3300234 0.4136461 0.0682257 0.0581102
21 0.3300234 0.4136461 0.0288647 0.0150656
8 0.5504448 0.4136461 0.0288647 0.0150656
19 0.6239186 0.4136461 0.0288647 0.0150656
21 0.6973924 0.4136461 0.0288647 0.0150656
1 0.3300234 0.4717563 0.0288647 0.0150656
7 0.4034972 0.4717563 0.0288647 0.0150656
20 0.4769710 0.4717563 0.0288647 0.0150656
9 0.6973924 0.4717563 0.0288647 0.0150656
3 0.3300234 0.5298665 0.0288647 0.0150656
10 0.6973924 0.5298665 0.0288647 0.0150656
13 0.7708662 0.5298665 0.0288647 0.0150656
31 0.4034972 0.5879768 0.0288647 0.0150656
15 0.5504448 0.5879768 0.0288647 0.0150656
24 0.6239186 0.5879768 0.0288647 0.0150656
17 0.6973924 0.5879768 0.0288647 0.0150656
2 0.7708662 0.5879768 0.0288647 0.0150656
23 0.3300234 0.5879768 0.0288647 0.0150656
29 0.6239186 0.5298665 0.0288647 0.0150656
15 0.7708662 0.2974256 0.0288647 0.0150656
12 0.5504448 0.5298665 0.0288647 0.0150656
5 0.4769710 0.5879768 0.0288647 0.0150656
8 0.3300234 0.3555358 0.0288647 0.0150656
29 0.4769710 0.5298665 0.0288647 0.0150656
15 0.7708662 0.4717563 0.0288647 0.0150656
20 0.4034972 0.5298665 0.0288647 0.0150656
17 0.5504448 0.2974256 0.0288647 0.0150656
21 0.6973924 0.3555358 0.0288647 0.0150656
22 0.5504448 0.4717563 0.0288647 0.0150656
16 0.6239186 0.2974256 0.0288647 0.0150656
5 0.4034972 0.4136461 0.0288647 0.0150656
20 0.4769710 0.4136461 0.0288647 0.0150656
21 0.6239186 0.4717563 0.0288647 0.0150656
