29 0.6444861 0.5739972 0.0272945 0.0172069
21 0.5750090 0.5120522 0.0272945 0.0172070
32 0.6451064 0.4747706 0.5024675 0.4404974
23 0.5750090 0.3262174 0.0272945 0.0172069
25 0.6444861 0.3262174 0.0272945 0.0172069
1 0.7139630 0.3262174 0.0272945 0.0172069
17 0.7834400 0.3262174 0.0272945 0.0172069
5 0.8529170 0.3262174 0.0272945 0.0172069
12 0.6444861 0.3875888 0.0272945 0.0160598
24 0.7139630 0.3875888 0.0272945 0.0160598
26 0.8529170 0.3875888 0.0272945 0.0160598
6 0.4360551 0.4501073 0.0272945 0.0172070
30 0.5055321 0.4501073 0.0272945 0.0172070
9 0.8529170 0.4501073 0.0272945 0.0172070
16 0.4360551 0.5120522 0.0272945 0.0172070
20 0.5055321 0.5120522 0.0272945 0.0172070
29 0.6444861 0.5120522 0.0272945 0.0172070
19 0.5055321 0.5739972 0.0272945 0.0172069
33 0.5750091 0.5734237 0.0645144 0.0619449
22 0.5750090 0.5739972 0.0272945 0.0172069
31 0.8529170 0.5739972 0.0272945 0.0172069
14 0.4360551 0.3875888 0.0272945 0.0160598
5 0.7139630 0.5120522 0.0272945 0.0172070
22 0.5750090 0.4501073 0.0272945 0.0172070
18 0.7139630 0.4501073 0.0272945 0.0172070
26 0.5750090 0.3875888 0.0272945 0.0160598
5 0.5055321 0.3262174 0.0272945 0.0172069
8 0.8529170 0.5120522 0.0272945 0.0172070
1 0.4360551 0.3262174 0.0272945 0.0172069
21 0.7834400 0.5739972 0.0272945 0.0172069
13 0.7834400 0.3875888 0.0272945 0.0160598
7 0.5055321 0.3875888 0.0272945 0.0160598
22 0.7834400 0.4501073 0.0272945 0.0172070
27 0.7139630 0.5739972 0.0272945 0.0172069
5 0.7834400 0.5120522 0.0272945 0.0172070
15 0.6444861 0.4501073 0.0272945 0.0172070
10 0.4360551 0.5739972 0.0272945 0.0172069
