11 0.4014769 0.2873418 0.0288471 0.0163379
5 0.4014769 0.5226072 0.0288471 0.0163379
32 0.5489905 0.4283921 0.5310489 0.4182497
18 0.3280479 0.2873418 0.0288471 0.0163379
12 0.4749059 0.2873418 0.0288471 0.0163379
4 0.6951928 0.2873418 0.0288472 0.0163379
27 0.4014769 0.3456135 0.0288471 0.0152487
28 0.5483348 0.3456135 0.0288471 0.0152487
11 0.6217638 0.3456135 0.0288471 0.0152487
15 0.7686218 0.3456135 0.0288471 0.0152487
6 0.3280479 0.4049745 0.0288471 0.0163379
33 0.5483348 0.4044299 0.0681841 0.0588164
16 0.5483348 0.4049745 0.0288471 0.0163379
25 0.6217638 0.4049745 0.0288471 0.0163379
17 0.7686218 0.4049745 0.0288471 0.0163379
5 0.3280479 0.4637908 0.0288471 0.0163379
20 0.4749059 0.4637908 0.0288471 0.0163379
24 0.6217638 0.4637908 0.0288471 0.0163379
8 0.6951928 0.4637908 0.0288472 0.0163379
16 0.5483348 0.5226072 0.0288471 0.0163379
10 0.6951928 0.5226072 0.0288472 0.0163379
1 0.4014769 0.4637908 0.0288471 0.0163379
1 0.6217638 0.2873418 0.0288471 0.0163379
31 0.4749059 0.4049745 0.0288471 0.0163379
27 0.7686218 0.4637908 0.0288471 0.0163379
6 0.5483348 0.2873418 0.0288471 0.0163379
4 0.5483348 0.4637908 0.0288471 0.0163379
6 0.4014769 0.4049745 0.0288471 0.0163379
11 0.7686218 0.2873418 0.0288471 0.0163379
11 0.6951928 0.4049745 0.0288472 0.0163379
29 0.6217638 0.5226072 0.0288471 0.0163379
1 0.7686218 0.5226072 0.0288471 0.0163379
1 0.3280479 0.5226072 0.0288471 0.0163379
6 0.4749059 0.5226072 0.0288471 0.0163379
13 0.6951928 0.3456135 0.0288472 0.0152487
4 0.4749059 0.3456135 0.0288471 0.0152487
24 0.3280479 0.3456135 0.0288471 0.0152487
