26 0.2171362 0.4704556 0.0280328 0.0156458
29 0.6452731 0.7721965 0.0280328 0.0156458
32 0.4267449 0.6202085 0.5160580 0.4291426
1 0.2884923 0.4704556 0.0280328 0.0156458
25 0.3598484 0.4704556 0.0280328 0.0156458
18 0.2171362 0.5308038 0.0280328 0.0156458
10 0.4312046 0.5308038 0.0280328 0.0156458
21 0.5025608 0.5308038 0.0280328 0.0156458
7 0.6452731 0.5308038 0.0280328 0.0156458
29 0.3598484 0.5911519 0.0280328 0.0156458
16 0.4312046 0.5911519 0.0280328 0.0156458
19 0.5739169 0.5911519 0.0280328 0.0156458
14 0.2884923 0.6515001 0.0280328 0.0156458
23 0.3598484 0.6515001 0.0280328 0.0156458
15 0.4312046 0.6515001 0.0280328 0.0156458
12 0.5739169 0.6515001 0.0280328 0.0156458
6 0.2171362 0.7118483 0.0280328 0.0156458
8 0.2884923 0.7118483 0.0280328 0.0156458
24 0.3598484 0.7118483 0.0280328 0.0156458
30 0.5025608 0.7118483 0.0280328 0.0156458
9 0.5739169 0.7118483 0.0280328 0.0156458
20 0.6452731 0.7118483 0.0280328 0.0156458
33 0.2884923 0.7721965 0.0662593 0.0603482
14 0.2884923 0.7721965 0.0280328 0.0156458
5 0.3598484 0.7721965 0.0280328 0.0156458
13 0.5025608 0.7721965 0.0280328 0.0156458
27 0.5739169 0.7721965 0.0280328 0.0156458
17 0.5025608 0.4704556 0.0280328 0.0156458
15 0.4312046 0.7721965 0.0280328 0.0156458
13 0.5025608 0.6515001 0.0280328 0.0156458
28 0.6452731 0.5911519 0.0280328 0.0156458
16 0.2171362 0.6515001 0.0280328 0.0156458
20 0.2171362 0.7721965 0.0280328 0.0156458
2 0.4312046 0.4704556 0.0280328 0.0156458
28 0.5739169 0.5308038 0.0280328 0.0156458
10 0.2884923 0.5308038 0.0280328 0.0156458
22 0.6452731 0.6515001 0.0280328 0.0156458
18 0.4312046 0.7118483 0.0280328 0.0156458
25 0.3598484 0.5308038 0.0280328 0.0156458
28 0.2171362 0.5911519 0.0280328 0.0156458
31 0.5739169 0.4704556 0.0280328 0.0156458
28 0.5025608 0.5911519 0.0280328 0.0156458
24 0.6452731 0.4704556 0.0280328 0.0156458
13 0.2884923 0.5911519 0.0280328 0.0156458
