10 0.3926232 0.5118475 0.0287962 0.0160512
24 0.3193236 0.5737591 0.0287963 0.0160512
32 0.4613416 0.6035684 0.5301131 0.4402603
22 0.2460240 0.4499359 0.0287963 0.0160512
19 0.3926232 0.4499359 0.0287962 0.0160512
10 0.5392224 0.4499359 0.0287962 0.0160512
8 0.3193236 0.5118475 0.0287963 0.0160512
13 0.4659228 0.5118475 0.0287963 0.0160512
5 0.5392224 0.5118475 0.0287962 0.0160512
33 0.6125220 0.5737591 0.0680639 0.0619116
7 0.6125220 0.5737591 0.0287963 0.0160512
9 0.6858216 0.5737591 0.0287962 0.0160512
26 0.2460240 0.6356707 0.0287963 0.0160512
16 0.3926232 0.6356707 0.0287962 0.0160512
3 0.4659228 0.6356707 0.0287963 0.0160512
27 0.6858216 0.6356707 0.0287962 0.0160512
2 0.3926232 0.6975823 0.0287962 0.0160512
7 0.5392224 0.6975823 0.0287962 0.0160512
18 0.6125220 0.6975823 0.0287963 0.0160512
20 0.6858216 0.6975823 0.0287962 0.0160512
11 0.6125220 0.6356707 0.0287963 0.0160512
20 0.6125220 0.5118475 0.0287963 0.0160512
19 0.5392224 0.5737591 0.0287962 0.0160512
17 0.3193236 0.6975823 0.0287963 0.0160512
19 0.6858216 0.5118475 0.0287962 0.0160512
10 0.4659228 0.4499359 0.0287963 0.0160512
26 0.2460240 0.6975823 0.0287963 0.0160512
5 0.6858216 0.4499359 0.0287962 0.0160512
20 0.2460240 0.5737591 0.0287963 0.0160512
18 0.3926232 0.5737591 0.0287962 0.0160512
3 0.4659228 0.5737591 0.0287963 0.0160512
26 0.3193236 0.6356707 0.0287963 0.0160512
27 0.3193236 0.4499359 0.0287963 0.0160512
26 0.2460240 0.5118475 0.0287963 0.0160512
7 0.4659228 0.6975823 0.0287963 0.0160512
10 0.6125220 0.4499359 0.0287963 0.0160512
29 0.5392224 0.6356707 0.0287962 0.0160512
