6 0.5344515 0.3594378 0.0267442 0.0152041
17 0.3302232 0.3007933 0.0267442 0.0152041
32 0.3259685 0.3876740 0.4923361 0.4170275
33 0.1940710 0.2421488 0.0632135 0.0586445
6 0.1940710 0.2421488 0.0267442 0.0152041
17 0.3982993 0.2421488 0.0267442 0.0152041
10 0.3982993 0.3007933 0.0267442 0.0152041
12 0.4663754 0.3007933 0.0267442 0.0152041
13 0.1259949 0.3594378 0.0267442 0.0152041
22 0.1940710 0.3594378 0.0267442 0.0152041
27 0.2621471 0.3594378 0.0267442 0.0152041
24 0.3982993 0.3594378 0.0267442 0.0152041
26 0.4663754 0.3594378 0.0267442 0.0152041
16 0.1259949 0.4180823 0.0267442 0.0152041
6 0.2621471 0.4180823 0.0267442 0.0152041
21 0.3982993 0.4180823 0.0267442 0.0152041
1 0.5344515 0.4180823 0.0267442 0.0152041
3 0.1940710 0.4767268 0.0267442 0.0152041
25 0.3302232 0.4767268 0.0267442 0.0152041
18 0.4663754 0.4767268 0.0267442 0.0152041
19 0.2621471 0.3007933 0.0267442 0.0152041
26 0.5344515 0.2421488 0.0267442 0.0152041
6 0.3302232 0.2421488 0.0267442 0.0152041
23 0.3302232 0.3594378 0.0267442 0.0152041
28 0.1940710 0.4180823 0.0267442 0.0152041
7 0.2621471 0.4767268 0.0267442 0.0152041
18 0.3302232 0.4180823 0.0267442 0.0152041
15 0.4663754 0.2421488 0.0267442 0.0152041
17 0.1259949 0.4767268 0.0267442 0.0152041
23 0.1940710 0.3007933 0.0267442 0.0152041
17 0.3982993 0.4767268 0.0267442 0.0152041
14 0.5344515 0.4767268 0.0267442 0.0152041
18 0.1259949 0.3007933 0.0267442 0.0152041
15 0.4663754 0.4180823 0.0267442 0.0152041
20 0.1259949 0.2421488 0.0267442 0.0152041
25 0.5344515 0.3007933 0.0267442 0.0152041
3 0.2621471 0.2421488 0.0267442 0.0152041
