25 0.1805068 0.3935835 0.0273041 0.0150806
30 0.1805068 0.3354153 0.0273041 0.0150806
32 0.3846672 0.4215903 0.5026441 0.4136400
5 0.1805068 0.2772472 0.0273041 0.0150806
6 0.2500082 0.2772472 0.0273041 0.0150806
26 0.3195096 0.2772472 0.0273041 0.0150806
29 0.5280138 0.2772472 0.0273041 0.0150806
16 0.5975152 0.2772472 0.0273042 0.0150806
22 0.3195096 0.3354153 0.0273041 0.0150806
21 0.4585124 0.3354153 0.0273041 0.0150806
25 0.2500082 0.3935835 0.0273041 0.0150806
15 0.3890110 0.3935835 0.0273041 0.0150806
2 0.4585124 0.3935835 0.0273041 0.0150806
27 0.5280138 0.3935835 0.0273041 0.0150806
8 0.5975152 0.3935835 0.0273042 0.0150806
10 0.1805068 0.4517516 0.0273041 0.0150806
14 0.2500082 0.4517516 0.0273041 0.0150806
23 0.3195096 0.4517516 0.0273041 0.0150806
20 0.5280138 0.4517516 0.0273041 0.0150806
3 0.5975152 0.4517516 0.0273042 0.0150806
4 0.3195096 0.5099197 0.0273041 0.0150806
7 0.4585124 0.5099197 0.0273041 0.0150806
11 0.3195096 0.5680878 0.0273041 0.0150806
24 0.3890110 0.5680878 0.0273041 0.0150806
12 0.5280138 0.5680878 0.0273041 0.0150806
33 0.5975152 0.5680878 0.0645370 0.0581681
18 0.5975152 0.5680878 0.0273042 0.0150806
6 0.1805068 0.5099197 0.0273041 0.0150806
16 0.2500082 0.5099197 0.0273041 0.0150806
14 0.2500082 0.3354153 0.0273041 0.0150806
15 0.3890110 0.2772472 0.0273041 0.0150806
10 0.4585124 0.2772472 0.0273041 0.0150806
14 0.3890110 0.5099197 0.0273041 0.0150806
5 0.1805068 0.5680878 0.0273041 0.0150806
10 0.5975152 0.5099197 0.0273042 0.0150806
17 0.5975152 0.3354153 0.0273042 0.0150806
5 0.3195096 0.3935835 0.0273041 0.0150806
8 0.4585124 0.5680878 0.0273041 0.0150806
4 0.4585124 0.4517516 0.0273041 0.0150806
25 0.3890110 0.3354153 0.0273041 0.0150806
3 0.5280138 0.3354153 0.0273041 0.0150806
13 0.5280138 0.5099197 0.0273041 0.0150806
11 0.2500082 0.5680878 0.0273041 0.0150806
5 0.3890110 0.4517516 0.0273041 0.0150806
