9 0.2620206 0.2132982 0.0285238 0.0154423
18 0.4072329 0.2132982 0.0285238 0.0154423
32 0.3300889 0.3611027 0.5250979 0.4235592
23 0.1168083 0.2132982 0.0285238 0.0154423
13 0.1894145 0.2132982 0.0285238 0.0154423
33 0.3346268 0.2132982 0.0674200 0.0595630
1 0.3346268 0.2132982 0.0285238 0.0154423
30 0.4798390 0.2132982 0.0285239 0.0154423
1 0.5524451 0.2132982 0.0285238 0.0154423
28 0.1894145 0.2728612 0.0285238 0.0154422
6 0.1168083 0.3324242 0.0285238 0.0154423
8 0.3346268 0.3324242 0.0285238 0.0154423
20 0.4072329 0.3324242 0.0285238 0.0154423
2 0.5524451 0.3324242 0.0285238 0.0154423
16 0.1894145 0.3919872 0.0285238 0.0154422
27 0.2620206 0.3919872 0.0285238 0.0154422
19 0.4072329 0.3919872 0.0285238 0.0154422
5 0.4798390 0.3919872 0.0285239 0.0154422
17 0.5524451 0.3919872 0.0285238 0.0154422
18 0.1168083 0.4515502 0.0285238 0.0154422
21 0.2620206 0.4515502 0.0285238 0.0154422
14 0.4798390 0.4515502 0.0285239 0.0154422
11 0.5524451 0.4515502 0.0285238 0.0154422
24 0.1894145 0.5111132 0.0285238 0.0154423
25 0.3346268 0.5111132 0.0285238 0.0154423
29 0.4072329 0.5111132 0.0285238 0.0154423
22 0.4798390 0.5111132 0.0285239 0.0154423
6 0.4072329 0.2728612 0.0285238 0.0154422
16 0.4798390 0.3324242 0.0285239 0.0154423
4 0.1894145 0.3324242 0.0285238 0.0154423
21 0.1894145 0.4515502 0.0285238 0.0154422
10 0.2620206 0.3324242 0.0285238 0.0154423
12 0.3346268 0.3919872 0.0285238 0.0154422
4 0.4798390 0.2728612 0.0285239 0.0154422
20 0.2620206 0.5111132 0.0285238 0.0154423
21 0.1168083 0.2728612 0.0285238 0.0154422
9 0.4072329 0.4515502 0.0285238 0.0154422
13 0.2620206 0.2728612 0.0285238 0.0154422
14 0.3346268 0.4515502 0.0285238 0.0154422
11 0.3346268 0.2728612 0.0285238 0.0154422
22 0.5524451 0.5111132 0.0285238 0.0154423
1 0.5524451 0.2728612 0.0285238 0.0154422
25 0.1168083 0.5111132 0.0285238 0.0154423
29 0.1168083 0.3919872 0.0285238 0.0154422
