22 0.4222427 0.3853471 0.0280204 0.0162390
11 0.5648920 0.4485632 0.0280204 0.0173990
32 0.4228796 0.4735017 0.5158302 0.4454126
25 0.2082687 0.3232909 0.0280204 0.0173989
21 0.4222427 0.3232909 0.0280204 0.0173989
4 0.6362167 0.3232909 0.0280204 0.0173989
19 0.2795934 0.3853471 0.0280204 0.0162390
33 0.3509180 0.3853471 0.0662300 0.0626361
22 0.3509181 0.3853471 0.0280204 0.0162390
23 0.6362167 0.3853471 0.0280204 0.0162390
30 0.2082687 0.4485632 0.0280204 0.0173990
14 0.4935674 0.4485632 0.0280204 0.0173990
20 0.6362167 0.4485632 0.0280204 0.0173990
7 0.2795934 0.5111994 0.0280204 0.0173990
10 0.4935674 0.5111994 0.0280204 0.0173990
28 0.2082687 0.5738356 0.0280204 0.0173989
31 0.2795934 0.5738356 0.0280204 0.0173989
18 0.3509181 0.5738356 0.0280204 0.0173989
27 0.4222427 0.5738356 0.0280204 0.0173989
2 0.4935674 0.5738356 0.0280204 0.0173989
12 0.2082687 0.3853471 0.0280204 0.0162390
12 0.2795934 0.3232909 0.0280204 0.0173989
7 0.3509181 0.3232909 0.0280204 0.0173989
29 0.5648920 0.5738356 0.0280204 0.0173989
29 0.4222427 0.4485632 0.0280204 0.0173990
23 0.3509181 0.4485632 0.0280204 0.0173990
14 0.5648920 0.3232909 0.0280204 0.0173989
16 0.5648920 0.5111994 0.0280204 0.0173990
28 0.2082687 0.5111994 0.0280204 0.0173990
16 0.5648920 0.3853471 0.0280204 0.0162390
14 0.2795934 0.4485632 0.0280204 0.0173990
8 0.4935674 0.3853471 0.0280204 0.0162390
9 0.6362167 0.5738356 0.0280204 0.0173989
23 0.3509181 0.5111994 0.0280204 0.0173990
30 0.6362167 0.5111994 0.0280204 0.0173990
25 0.4935674 0.3232909 0.0280204 0.0173989
8 0.4222427 0.5111994 0.0280204 0.0173990
