24 0.3554850 0.5479847 0.0262024 0.0158487
22 0.4888792 0.5479847 0.0262024 0.0158487
32 0.5561718 0.5136458 0.4823629 0.4057270
13 0.3554850 0.3768186 0.0262024 0.0158487
2 0.4221821 0.3768186 0.0262024 0.0158487
18 0.4888792 0.3768186 0.0262024 0.0158487
29 0.5555763 0.3768186 0.0262025 0.0158487
17 0.6222734 0.3768186 0.0262025 0.0158487
22 0.6889705 0.3768186 0.0262024 0.0158487
5 0.3554850 0.4333456 0.0262024 0.0147921
24 0.4888792 0.4333456 0.0262024 0.0147921
26 0.5555763 0.4333456 0.0262025 0.0147921
3 0.6889705 0.4333456 0.0262024 0.0147921
9 0.7556676 0.4333456 0.0262024 0.0147921
33 0.3554850 0.4904010 0.0619330 0.0570554
19 0.3554850 0.4909293 0.0262024 0.0158487
14 0.4888792 0.4909293 0.0262024 0.0158487
30 0.6222734 0.4909293 0.0262025 0.0158487
7 0.6889705 0.4909293 0.0262024 0.0158487
31 0.6222734 0.5479847 0.0262025 0.0158487
15 0.3554850 0.6050400 0.0262024 0.0158487
21 0.4221821 0.6050400 0.0262024 0.0158487
10 0.5555763 0.6050400 0.0262025 0.0158487
1 0.6222734 0.6050400 0.0262025 0.0158487
16 0.7556676 0.6050400 0.0262024 0.0158487
23 0.3554850 0.6615671 0.0262024 0.0147921
19 0.5555763 0.6615671 0.0262025 0.0147921
2 0.6889705 0.6050400 0.0262024 0.0158487
2 0.5555763 0.4909293 0.0262025 0.0158487
30 0.7556676 0.4909293 0.0262024 0.0158487
19 0.4888792 0.6050400 0.0262024 0.0158487
26 0.4888792 0.6615671 0.0262024 0.0147921
27 0.7556676 0.5479847 0.0262024 0.0158487
9 0.4221821 0.6615671 0.0262024 0.0147921
26 0.6222734 0.6615671 0.0262025 0.0147921
10 0.6222734 0.4333456 0.0262025 0.0147921
3 0.5555763 0.5479847 0.0262025 0.0158487
28 0.7556676 0.6615671 0.0262024 0.0147921
17 0.6889705 0.6615671 0.0262024 0.0147921
13 0.7556676 0.3768186 0.0262024 0.0158487
24 0.4221821 0.5479847 0.0262024 0.0158487
29 0.6889705 0.5479847 0.0262024 0.0158487
31 0.4221821 0.4909293 0.0262024 0.0158487
1 0.4221821 0.4333456 0.0262024 0.0147921
