1 0.5300729 0.4066054 0.0278495 0.0152214
10 0.7427419 0.2891834 0.0278494 0.0152214
32 0.5965319 0.4348737 0.5126842 0.4175004
7 0.4591832 0.2891834 0.0278495 0.0152214
29 0.8136315 0.3478944 0.0278496 0.0152214
17 0.3882935 0.4066054 0.0278495 0.0152214
21 0.4591832 0.4066054 0.0278495 0.0152214
1 0.6009625 0.4066054 0.0278495 0.0152214
14 0.6718522 0.4066054 0.0278496 0.0152214
33 0.7427419 0.4066054 0.0658261 0.0587110
18 0.7427419 0.4066054 0.0278494 0.0152214
3 0.8136315 0.4066054 0.0278496 0.0152214
12 0.3882935 0.4653164 0.0278495 0.0152214
11 0.5300729 0.4653164 0.0278495 0.0152214
22 0.6009625 0.4653164 0.0278495 0.0152214
18 0.6718522 0.4653164 0.0278496 0.0152214
27 0.7427419 0.4653164 0.0278494 0.0152214
5 0.3882935 0.5240274 0.0278495 0.0152214
20 0.5300729 0.5240274 0.0278495 0.0152214
4 0.6718522 0.5240274 0.0278496 0.0152214
3 0.6718522 0.2891834 0.0278496 0.0152214
18 0.7427419 0.5240274 0.0278494 0.0152214
11 0.5300729 0.3478944 0.0278495 0.0152214
9 0.7427419 0.3478944 0.0278494 0.0152214
7 0.6718522 0.3478944 0.0278496 0.0152214
24 0.8136315 0.5240274 0.0278496 0.0152214
7 0.8136315 0.2891834 0.0278496 0.0152214
13 0.4591832 0.5240274 0.0278495 0.0152214
12 0.4591832 0.4653164 0.0278495 0.0152214
31 0.6009625 0.3478944 0.0278495 0.0152214
31 0.3882935 0.2891834 0.0278495 0.0152214
14 0.8136315 0.4653164 0.0278496 0.0152214
7 0.6009625 0.5240274 0.0278495 0.0152214
15 0.4591832 0.3478944 0.0278495 0.0152214
11 0.3882935 0.3478944 0.0278495 0.0152214
22 0.5300729 0.2891834 0.0278495 0.0152214
17 0.6009625 0.2891834 0.0278495 0.0152214
