10 0.2617376 0.4460826 0.0273563 0.0151092
27 0.3313718 0.6209178 0.0273563 0.0151092
32 0.4662882 0.5324210 0.5036049 0.4144240
10 0.2617376 0.3878043 0.0273563 0.0151092
31 0.4706403 0.3878043 0.0273563 0.0151092
3 0.5402746 0.3878043 0.0273563 0.0151092
15 0.6099088 0.3878043 0.0273563 0.0151092
23 0.6099088 0.4460826 0.0273563 0.0151092
9 0.3313718 0.5043610 0.0273563 0.0151092
16 0.4010061 0.5043610 0.0273563 0.0151092
8 0.4706403 0.5043610 0.0273563 0.0151092
1 0.6099088 0.5043610 0.0273563 0.0151092
4 0.2617376 0.5626394 0.0273563 0.0151093
33 0.3313718 0.5626394 0.0646604 0.0582783
6 0.3313718 0.5626394 0.0273563 0.0151093
17 0.4010061 0.5626394 0.0273563 0.0151093
6 0.4706403 0.5626394 0.0273563 0.0151093
7 0.4010061 0.6209178 0.0273563 0.0151092
24 0.6099088 0.6209178 0.0273563 0.0151092
18 0.6795431 0.6209178 0.0273564 0.0151092
4 0.5402746 0.5043610 0.0273563 0.0151092
4 0.2617376 0.5043610 0.0273563 0.0151092
9 0.5402746 0.5626394 0.0273563 0.0151093
6 0.6795431 0.3878043 0.0273564 0.0151092
27 0.5402746 0.6209178 0.0273563 0.0151092
1 0.4706403 0.4460826 0.0273563 0.0151092
3 0.3313718 0.3878043 0.0273563 0.0151092
17 0.6099088 0.5626394 0.0273563 0.0151093
25 0.3313718 0.4460826 0.0273563 0.0151092
21 0.6795431 0.4460826 0.0273564 0.0151092
26 0.4010061 0.3878043 0.0273563 0.0151092
24 0.6795431 0.5626394 0.0273564 0.0151093
16 0.4010061 0.4460826 0.0273563 0.0151092
6 0.2617376 0.6209178 0.0273563 0.0151092
4 0.4706403 0.6209178 0.0273563 0.0151092
20 0.6795431 0.5043610 0.0273564 0.0151092
8 0.5402746 0.4460826 0.0273563 0.0151092
