25 0.5286079 0.3931431 0.0263419 0.0170599
7 0.5286079 0.5159746 0.0263419 0.0170599
32 0.5962589 0.4175957 0.4849316 0.4367340
30 0.5286079 0.2703117 0.0263419 0.0170599
15 0.5956602 0.2703117 0.0263420 0.0170599
19 0.7968169 0.2703117 0.0263420 0.0170599
4 0.3945034 0.3311588 0.0263419 0.0159226
27 0.4615556 0.3311588 0.0263420 0.0159226
3 0.5286079 0.3311588 0.0263419 0.0159226
8 0.6627124 0.3311588 0.0263419 0.0159226
31 0.7297647 0.3311588 0.0263419 0.0159226
21 0.7968169 0.3311588 0.0263420 0.0159226
9 0.3945034 0.3931431 0.0263419 0.0170599
5 0.5956602 0.3931431 0.0263420 0.0170599
22 0.6627124 0.3931431 0.0263419 0.0170599
24 0.7968169 0.3931431 0.0263420 0.0170599
26 0.3945034 0.4545589 0.0263419 0.0170599
29 0.4615556 0.4545589 0.0263420 0.0170599
10 0.7297647 0.4545589 0.0263419 0.0170599
20 0.7968169 0.4545589 0.0263420 0.0170599
13 0.4615556 0.5159746 0.0263420 0.0170599
6 0.6627124 0.5159746 0.0263419 0.0170599
17 0.7297647 0.5159746 0.0263419 0.0170599
18 0.3945034 0.5768216 0.0263419 0.0159226
33 0.5286079 0.5768216 0.0622628 0.0614157
22 0.5286079 0.5768216 0.0263419 0.0159226
11 0.5956602 0.5768216 0.0263420 0.0159226
10 0.6627124 0.5768216 0.0263419 0.0159226
18 0.6627124 0.4545589 0.0263419 0.0170599
10 0.7297647 0.3931431 0.0263419 0.0170599
15 0.4615556 0.3931431 0.0263420 0.0170599
27 0.5956602 0.3311588 0.0263420 0.0159226
24 0.7968169 0.5768216 0.0263420 0.0159226
17 0.5956602 0.5159746 0.0263420 0.0170599
28 0.4615556 0.5768216 0.0263420 0.0159226
24 0.3945034 0.5159746 0.0263419 0.0170599
2 0.4615556 0.2703117 0.0263420 0.0170599
18 0.5286079 0.4545589 0.0263419 0.0170599
7 0.7297647 0.2703117 0.0263419 0.0170599
5 0.7968169 0.5159746 0.0263420 0.0170599
29 0.6627124 0.2703117 0.0263419 0.0170599
27 0.3945034 0.2703117 0.0263419 0.0170599
7 0.5956602 0.4545589 0.0263420 0.0170599
2 0.7297647 0.5768216 0.0263419 0.0159226
