28 0.5786221 0.5067097 0.0268122 0.0158527
16 0.6468713 0.5067097 0.0268121 0.0158527
32 0.5743565 0.4138578 0.4935883 0.4348186
5 0.4421236 0.2621242 0.0268122 0.0158528
1 0.5786221 0.2621242 0.0268122 0.0158528
6 0.7151205 0.2621242 0.0268122 0.0158528
7 0.7833698 0.2621242 0.0268123 0.0158528
4 0.3738744 0.3232706 0.0268122 0.0158528
16 0.4421236 0.3232706 0.0268122 0.0158528
31 0.6468713 0.3232706 0.0268121 0.0158528
27 0.7151205 0.3232706 0.0268122 0.0158528
26 0.7833698 0.3232706 0.0268123 0.0158528
18 0.4421236 0.3844170 0.0268122 0.0158527
21 0.5786221 0.3844170 0.0268122 0.0158527
30 0.3738744 0.4455634 0.0268122 0.0158527
3 0.5103729 0.4455634 0.0268122 0.0158527
8 0.5786221 0.4455634 0.0268122 0.0158527
14 0.6468713 0.4455634 0.0268121 0.0158527
19 0.7151205 0.4455634 0.0268122 0.0158527
15 0.7833698 0.4455634 0.0268123 0.0158527
23 0.3738744 0.5067097 0.0268122 0.0158527
22 0.5103729 0.5067097 0.0268122 0.0158527
9 0.3738744 0.5678561 0.0268122 0.0158527
12 0.5103729 0.5678561 0.0268122 0.0158527
20 0.5786221 0.5678561 0.0268122 0.0158527
33 0.6468713 0.5678561 0.0633743 0.0611464
21 0.6468713 0.5678561 0.0268121 0.0158527
26 0.3738744 0.2621242 0.0268122 0.0158528
24 0.6468713 0.2621242 0.0268121 0.0158528
15 0.4421236 0.5067097 0.0268122 0.0158527
14 0.4421236 0.4455634 0.0268122 0.0158527
27 0.5103729 0.2621242 0.0268122 0.0158528
19 0.6468713 0.3844170 0.0268121 0.0158527
20 0.5103729 0.3844170 0.0268122 0.0158527
14 0.7833698 0.3844170 0.0268123 0.0158527
31 0.7151205 0.3844170 0.0268122 0.0158527
27 0.7151205 0.5678561 0.0268122 0.0158527
21 0.5103729 0.3232706 0.0268122 0.0158528
29 0.7151205 0.5067097 0.0268122 0.0158527
19 0.5786221 0.3232706 0.0268122 0.0158528
28 0.3738744 0.3844170 0.0268122 0.0158527
19 0.4421236 0.5678561 0.0268122 0.0158527
3 0.7833698 0.5067097 0.0268123 0.0158527
5 0.7833698 0.5678561 0.0268123 0.0158527
