21 0.4377060 0.3527815 0.0271542 0.0173260
24 0.1612264 0.2280348 0.0271542 0.0173259
32 0.3000833 0.3776154 0.4998850 0.4435437
11 0.2994662 0.2280348 0.0271543 0.0173259
18 0.3685861 0.2280348 0.0271542 0.0173259
31 0.4377060 0.2280348 0.0271542 0.0173259
10 0.2994662 0.2898306 0.0271543 0.0161709
7 0.3685861 0.2898306 0.0271542 0.0161709
20 0.5068259 0.2898306 0.0271542 0.0161709
19 0.0921065 0.3527815 0.0271542 0.0173260
2 0.2994662 0.3527815 0.0271543 0.0173260
8 0.3685861 0.3527815 0.0271542 0.0173260
9 0.2303463 0.4151549 0.0271543 0.0173259
33 0.2994662 0.4145773 0.0641827 0.0623733
31 0.2994662 0.4151549 0.0271543 0.0173259
21 0.3685861 0.4151549 0.0271542 0.0173259
3 0.4377060 0.4151549 0.0271542 0.0173259
29 0.5068259 0.4151549 0.0271542 0.0173259
15 0.0921065 0.4775282 0.0271542 0.0173259
30 0.1612264 0.4775282 0.0271542 0.0173259
26 0.2303463 0.4775282 0.0271543 0.0173259
6 0.2994662 0.4775282 0.0271543 0.0173259
22 0.3685861 0.4775282 0.0271542 0.0173259
25 0.0921065 0.5393240 0.0271542 0.0161709
28 0.2303463 0.5393240 0.0271543 0.0161709
23 0.3685861 0.5393240 0.0271542 0.0161709
16 0.4377060 0.5393240 0.0271542 0.0161709
26 0.4377060 0.4775282 0.0271542 0.0173259
15 0.5068259 0.4775282 0.0271542 0.0173259
9 0.0921065 0.2280348 0.0271542 0.0173259
29 0.5068259 0.5393240 0.0271542 0.0161709
25 0.4377060 0.2898306 0.0271542 0.0161709
7 0.0921065 0.4151549 0.0271542 0.0173259
7 0.5068259 0.3527815 0.0271542 0.0173260
21 0.5068259 0.2280348 0.0271542 0.0173259
26 0.2303463 0.2898306 0.0271543 0.0161709
11 0.1612264 0.5393240 0.0271542 0.0161709
26 0.1612264 0.3527815 0.0271542 0.0173260
8 0.1612264 0.4151549 0.0271542 0.0173259
19 0.2303463 0.3527815 0.0271543 0.0173260
11 0.0921065 0.2898306 0.0271542 0.0161709
24 0.2303463 0.2280348 0.0271543 0.0173259
21 0.1612264 0.2898306 0.0271542 0.0161709
29 0.2994662 0.5393240 0.0271543 0.0161709
