16 0.4361159 0.4307643 0.0273363 0.0155418
26 0.4361159 0.2509234 0.0273363 0.0155418
32 0.2926001 0.3996807 0.5032373 0.4262896
16 0.1577822 0.2509234 0.0273364 0.0155418
18 0.3665325 0.2509234 0.0273363 0.0155418
2 0.5056993 0.2509234 0.0273363 0.0155418
21 0.2273656 0.3108704 0.0273363 0.0155418
30 0.2969491 0.3108704 0.0273363 0.0155418
6 0.3665325 0.3108704 0.0273363 0.0155418
9 0.5056993 0.3108704 0.0273363 0.0155418
20 0.2969491 0.3708174 0.0273363 0.0155418
3 0.3665325 0.3708174 0.0273363 0.0155418
24 0.4361159 0.3708174 0.0273363 0.0155418
11 0.1577822 0.4307643 0.0273364 0.0155418
19 0.2273656 0.4307643 0.0273363 0.0155418
22 0.5056993 0.4307643 0.0273363 0.0155418
13 0.0881988 0.4907113 0.0273363 0.0155418
1 0.2273656 0.4907113 0.0273363 0.0155418
33 0.2969491 0.4907113 0.0646132 0.0599470
2 0.2969491 0.4907113 0.0273363 0.0155418
18 0.0881988 0.2509234 0.0273363 0.0155418
7 0.0881988 0.3108704 0.0273363 0.0155418
17 0.2273656 0.3708174 0.0273363 0.0155418
1 0.2969491 0.2509234 0.0273363 0.0155418
17 0.0881988 0.3708174 0.0273363 0.0155418
18 0.2969491 0.4307643 0.0273363 0.0155418
18 0.5056993 0.4907113 0.0273363 0.0155418
19 0.1577822 0.4907113 0.0273364 0.0155418
11 0.4361159 0.3108704 0.0273363 0.0155418
22 0.5056993 0.3708174 0.0273363 0.0155418
27 0.3665325 0.4307643 0.0273363 0.0155418
27 0.4361159 0.4907113 0.0273363 0.0155418
12 0.3665325 0.4907113 0.0273363 0.0155418
18 0.2273656 0.2509234 0.0273363 0.0155418
8 0.1577822 0.3108704 0.0273364 0.0155418
10 0.0881988 0.4307643 0.0273363 0.0155418
1 0.1577822 0.3708174 0.0273364 0.0155418
