28 0.1251848 0.5238406 0.0286816 0.0160438
11 0.4902235 0.7100624 0.0286816 0.0171897
32 0.3448598 0.6109351 0.5280024 0.4400563
6 0.1251848 0.4625307 0.0286816 0.0171897
10 0.1981925 0.4625307 0.0286816 0.0171897
1 0.3442080 0.4625307 0.0286816 0.0171897
27 0.4902235 0.4625307 0.0286816 0.0171897
9 0.5632313 0.4625307 0.0286816 0.0171897
14 0.2712003 0.5238406 0.0286816 0.0160438
24 0.3442080 0.5238406 0.0286816 0.0160438
17 0.5632313 0.5238406 0.0286816 0.0160438
25 0.1981925 0.5862965 0.0286816 0.0171897
33 0.2712003 0.5857236 0.0677929 0.0618829
24 0.2712003 0.5862965 0.0286816 0.0171897
12 0.4172158 0.5862965 0.0286816 0.0171897
4 0.1251848 0.6481795 0.0286816 0.0171897
8 0.1981925 0.6481795 0.0286816 0.0171897
16 0.3442080 0.6481795 0.0286816 0.0171897
29 0.4172158 0.6481795 0.0286816 0.0171897
13 0.4902235 0.6481795 0.0286816 0.0171897
15 0.5632313 0.6481795 0.0286816 0.0171897
28 0.1251848 0.7100624 0.0286816 0.0171897
18 0.3442080 0.7100624 0.0286816 0.0171897
22 0.1981925 0.7713723 0.0286816 0.0160437
31 0.3442080 0.7713723 0.0286816 0.0160437
30 0.4172158 0.7713723 0.0286816 0.0160437
23 0.4902235 0.7713723 0.0286816 0.0160437
18 0.5632313 0.5862965 0.0286816 0.0171897
8 0.4172158 0.4625307 0.0286816 0.0171897
1 0.5632313 0.7100624 0.0286816 0.0171897
12 0.1251848 0.5862965 0.0286816 0.0171897
15 0.1981925 0.7100624 0.0286816 0.0171897
20 0.2712003 0.6481795 0.0286816 0.0171897
7 0.2712003 0.4625307 0.0286816 0.0171897
19 0.4902235 0.5238406 0.0286816 0.0160438
6 0.1981925 0.5238406 0.0286816 0.0160438
29 0.4172158 0.7100624 0.0286816 0.0171897
12 0.5632313 0.7713723 0.0286816 0.0160437
13 0.1251848 0.7713723 0.0286816 0.0160437
6 0.4902235 0.5862965 0.0286816 0.0171897
13 0.2712003 0.7713723 0.0286816 0.0160437
24 0.4172158 0.5238406 0.0286816 0.0160438
18 0.3442080 0.5862965 0.0286816 0.0171897
30 0.2712003 0.7100624 0.0286816 0.0171897
