17 0.5122508 0.3651448 0.0280469 0.0161173
1 0.5122508 0.5516451 0.0280469 0.0161174
32 0.3650045 0.4572437 0.5163183 0.4420748
14 0.1552900 0.3029780 0.0280469 0.0161173
18 0.2980743 0.3029780 0.0280469 0.0161173
23 0.3694665 0.3029780 0.0280469 0.0161173
28 0.4408587 0.3029780 0.0280470 0.0161173
4 0.5836430 0.3029780 0.0280469 0.0161173
15 0.1552900 0.3651448 0.0280469 0.0161173
2 0.1552900 0.4273116 0.0280469 0.0161173
22 0.2266822 0.4273116 0.0280469 0.0161173
1 0.2980743 0.4273116 0.0280469 0.0161173
16 0.4408587 0.4273116 0.0280470 0.0161173
11 0.1552900 0.4894784 0.0280469 0.0161174
5 0.2266822 0.4894784 0.0280469 0.0161174
24 0.3694665 0.4894784 0.0280469 0.0161174
19 0.4408587 0.4894784 0.0280470 0.0161174
8 0.5122508 0.4894784 0.0280469 0.0161174
20 0.1552900 0.5516451 0.0280469 0.0161174
31 0.4408587 0.5516451 0.0280470 0.0161174
27 0.5836430 0.5516451 0.0280469 0.0161174
10 0.2266822 0.6138118 0.0280469 0.0161173
12 0.3694665 0.6138118 0.0280469 0.0161173
33 0.4408587 0.6138118 0.0662927 0.0621667
1 0.4408587 0.6138118 0.0280470 0.0161173
13 0.5122508 0.6138118 0.0280469 0.0161173
9 0.5836430 0.6138118 0.0280469 0.0161173
18 0.2266822 0.3651448 0.0280469 0.0161173
27 0.2980743 0.4894784 0.0280469 0.0161174
17 0.2980743 0.5516451 0.0280469 0.0161174
7 0.1552900 0.6138118 0.0280469 0.0161173
23 0.3694665 0.4273116 0.0280469 0.0161173
24 0.5836430 0.4273116 0.0280469 0.0161173
2 0.4408587 0.3651448 0.0280470 0.0161173
7 0.3694665 0.5516451 0.0280469 0.0161174
24 0.2266822 0.5516451 0.0280469 0.0161174
17 0.5122508 0.3029780 0.0280469 0.0161173
20 0.3694665 0.3651448 0.0280469 0.0161173
29 0.5122508 0.4273116 0.0280469 0.0161173
30 0.5836430 0.4894784 0.0280469 0.0161174
30 0.2266822 0.3029780 0.0280469 0.0161173
27 0.5836430 0.3651448 0.0280469 0.0161173
30 0.2980743 0.6138118 0.0280469 0.0161173
4 0.2980743 0.3651448 0.0280469 0.0161173
