22 0.4169947 0.4554472 0.0274760 0.0152252
7 0.3470557 0.4554472 0.0274760 0.0152252
32 0.5525015 0.4249968 0.5058090 0.4176050
8 0.3470557 0.2792701 0.0274760 0.0152252
13 0.4869337 0.2792701 0.0274760 0.0152252
6 0.6967508 0.2792701 0.0274760 0.0152252
25 0.7666898 0.2792701 0.0274760 0.0152252
4 0.5568727 0.3379957 0.0274760 0.0152252
1 0.6268118 0.3379957 0.0274760 0.0152252
33 0.6967508 0.3379957 0.0649434 0.0587257
15 0.6967508 0.3379957 0.0274760 0.0152252
7 0.4869337 0.3967215 0.0274760 0.0152252
15 0.7666898 0.3967215 0.0274760 0.0152252
29 0.4869337 0.4554472 0.0274760 0.0152252
11 0.6268118 0.4554472 0.0274760 0.0152252
5 0.3470557 0.5141729 0.0274760 0.0152252
10 0.4869337 0.5141729 0.0274760 0.0152252
17 0.5568727 0.5141729 0.0274760 0.0152252
3 0.6967508 0.5141729 0.0274760 0.0152252
27 0.7666898 0.5141729 0.0274760 0.0152252
16 0.6967508 0.4554472 0.0274760 0.0152252
22 0.4169947 0.3379957 0.0274760 0.0152252
19 0.4169947 0.2792701 0.0274760 0.0152252
16 0.6268118 0.5141729 0.0274760 0.0152252
30 0.3470557 0.3379957 0.0274760 0.0152252
13 0.4169947 0.3967215 0.0274760 0.0152252
10 0.7666898 0.4554472 0.0274760 0.0152252
24 0.5568727 0.4554472 0.0274760 0.0152252
6 0.6268118 0.2792701 0.0274760 0.0152252
8 0.7666898 0.3379957 0.0274760 0.0152252
19 0.6967508 0.3967215 0.0274760 0.0152252
18 0.6268118 0.3967215 0.0274760 0.0152252
28 0.5568727 0.3967215 0.0274760 0.0152252
3 0.4869337 0.3379957 0.0274760 0.0152252
21 0.4169947 0.5141729 0.0274760 0.0152252
6 0.3470557 0.3967215 0.0274760 0.0152252
28 0.5568727 0.2792701 0.0274760 0.0152252
