26 0.4737966 0.6933335 0.0264041 0.0157153
30 0.4065863 0.5114859 0.0264040 0.0157152
32 0.4023856 0.5406713 0.4860748 0.4310461
25 0.2721656 0.3902541 0.0264041 0.0157152
8 0.4065863 0.3902541 0.0264040 0.0157152
4 0.4737966 0.3902541 0.0264041 0.0157152
13 0.6082173 0.3902541 0.0264040 0.0157152
12 0.2049553 0.4508700 0.0264041 0.0157152
14 0.6082173 0.4508700 0.0264040 0.0157152
33 0.3393759 0.5114858 0.0624096 0.0606158
21 0.3393759 0.5114859 0.0264041 0.0157152
21 0.5410070 0.5114859 0.0264040 0.0157152
2 0.6082173 0.5114859 0.0264040 0.0157152
23 0.2049553 0.5721017 0.0264041 0.0157152
28 0.2721656 0.5721017 0.0264041 0.0157152
7 0.3393759 0.5721017 0.0264041 0.0157152
20 0.5410070 0.5721017 0.0264040 0.0157152
11 0.6082173 0.5721017 0.0264040 0.0157152
3 0.2049553 0.6327176 0.0264041 0.0157153
27 0.2721656 0.6327176 0.0264041 0.0157153
26 0.3393759 0.6327176 0.0264041 0.0157153
6 0.4065863 0.6327176 0.0264040 0.0157153
16 0.6082173 0.6327176 0.0264040 0.0157153
18 0.2049553 0.6933335 0.0264041 0.0157153
17 0.2721656 0.6933335 0.0264041 0.0157153
9 0.5410070 0.6933335 0.0264040 0.0157153
29 0.6082173 0.6933335 0.0264040 0.0157153
14 0.3393759 0.4508700 0.0264041 0.0157152
17 0.5410070 0.3902541 0.0264040 0.0157152
20 0.4065863 0.6933335 0.0264040 0.0157153
6 0.3393759 0.3902541 0.0264041 0.0157152
7 0.4737966 0.5721017 0.0264041 0.0157152
25 0.4737966 0.5114859 0.0264041 0.0157152
13 0.2721656 0.4508700 0.0264041 0.0157152
21 0.5410070 0.6327176 0.0264040 0.0157153
1 0.3393759 0.6933335 0.0264041 0.0157153
6 0.5410070 0.4508700 0.0264040 0.0157152
21 0.2049553 0.3902541 0.0264041 0.0157152
26 0.2049553 0.5114859 0.0264041 0.0157152
4 0.2721656 0.5114859 0.0264041 0.0157152
5 0.4737966 0.6327176 0.0264041 0.0157153
4 0.4737966 0.4508700 0.0264041 0.0157152
28 0.4065863 0.5721017 0.0264040 0.0157152
13 0.4065863 0.4508700 0.0264040 0.0157152
