31 0.5518811 0.4746219 0.0277727 0.0153521
28 0.7639633 0.5338371 0.0277727 0.0153521
32 0.5474627 0.4439176 0.5112697 0.4210860
29 0.4811870 0.2969762 0.0277727 0.0153521
11 0.7639633 0.2969762 0.0277727 0.0153521
27 0.3397989 0.3561914 0.0277727 0.0153521
13 0.4811870 0.3561914 0.0277727 0.0153521
21 0.5518811 0.3561914 0.0277727 0.0153521
25 0.7639633 0.3561914 0.0277727 0.0153521
16 0.3397989 0.4154066 0.0277727 0.0153521
2 0.5518811 0.4154066 0.0277727 0.0153521
24 0.7639633 0.4154066 0.0277727 0.0153521
3 0.3397989 0.4746219 0.0277727 0.0153521
17 0.4104929 0.4746219 0.0277727 0.0153521
14 0.7639633 0.4746219 0.0277727 0.0153521
6 0.4104929 0.5338371 0.0277727 0.0153521
26 0.5518811 0.5338371 0.0277727 0.0153521
33 0.6225751 0.5338371 0.0656445 0.0592152
13 0.6225751 0.5338371 0.0277727 0.0153521
31 0.6932692 0.5338371 0.0277727 0.0153521
22 0.3397989 0.5338371 0.0277727 0.0153521
3 0.4811870 0.4154066 0.0277727 0.0153521
17 0.6932692 0.3561914 0.0277727 0.0153521
16 0.3397989 0.2969762 0.0277727 0.0153521
14 0.6932692 0.4154066 0.0277727 0.0153521
29 0.4104929 0.3561914 0.0277727 0.0153521
9 0.4811870 0.5338371 0.0277727 0.0153521
31 0.4104929 0.2969762 0.0277727 0.0153521
13 0.4811870 0.4746219 0.0277727 0.0153521
23 0.5518811 0.2969762 0.0277727 0.0153521
25 0.6225751 0.2969762 0.0277727 0.0153521
16 0.6225751 0.3561914 0.0277727 0.0153521
20 0.6225751 0.4746219 0.0277727 0.0153521
18 0.6932692 0.4746219 0.0277727 0.0153521
13 0.6932692 0.2969762 0.0277727 0.0153521
29 0.6225751 0.4154066 0.0277727 0.0153521
7 0.4104929 0.4154066 0.0277727 0.0153521
