16 0.3957135 0.4597059 0.0267856 0.0155415
19 0.5320763 0.2199219 0.0267856 0.0155416
32 0.4596335 0.3686768 0.4930975 0.4262826
4 0.3275321 0.2199219 0.0267855 0.0155416
31 0.4638949 0.2199219 0.0267856 0.0155416
18 0.6002576 0.2199219 0.0267856 0.0155416
14 0.6684390 0.2199219 0.0267856 0.0155416
12 0.2593508 0.2798679 0.0267855 0.0155416
33 0.3957135 0.2798679 0.0633113 0.0599460
2 0.3957135 0.2798679 0.0267856 0.0155416
10 0.4638949 0.2798679 0.0267856 0.0155416
19 0.6684390 0.2798679 0.0267856 0.0155416
20 0.3275321 0.3398139 0.0267855 0.0155416
25 0.3957135 0.3398139 0.0267856 0.0155416
7 0.4638949 0.3398139 0.0267856 0.0155416
1 0.6684390 0.3398139 0.0267856 0.0155416
3 0.2593508 0.3997599 0.0267855 0.0155416
29 0.3275321 0.3997599 0.0267855 0.0155416
28 0.3957135 0.3997599 0.0267856 0.0155416
27 0.5320763 0.3997599 0.0267856 0.0155416
15 0.6002576 0.3997599 0.0267856 0.0155416
13 0.4638949 0.4597059 0.0267856 0.0155415
2 0.5320763 0.4597059 0.0267856 0.0155415
17 0.2593508 0.5196519 0.0267855 0.0155416
23 0.3275321 0.5196519 0.0267855 0.0155416
9 0.4638949 0.5196519 0.0267856 0.0155416
8 0.6684390 0.5196519 0.0267856 0.0155416
1 0.3275321 0.2798679 0.0267855 0.0155416
7 0.6684390 0.4597059 0.0267856 0.0155415
20 0.3957135 0.5196519 0.0267856 0.0155416
5 0.3957135 0.2199219 0.0267856 0.0155416
4 0.5320763 0.3398139 0.0267856 0.0155416
15 0.5320763 0.5196519 0.0267856 0.0155416
18 0.2593508 0.3398139 0.0267855 0.0155416
18 0.6002576 0.2798679 0.0267856 0.0155416
31 0.2593508 0.2199219 0.0267855 0.0155416
21 0.6002576 0.3398139 0.0267856 0.0155416
27 0.4638949 0.3997599 0.0267856 0.0155416
6 0.5320763 0.2798679 0.0267856 0.0155416
3 0.2593508 0.4597059 0.0267855 0.0155415
18 0.6684390 0.3997599 0.0267856 0.0155416
23 0.6002576 0.5196519 0.0267856 0.0155416
5 0.6002576 0.4597059 0.0267856 0.0155415
15 0.3275321 0.4597059 0.0267855 0.0155415
