4 0.3377080 0.4077691 0.0283982 0.0162050
5 0.6991405 0.3488913 0.0283983 0.0151246
32 0.4829264 0.4309961 0.5227863 0.4148457
8 0.3377080 0.2910937 0.0283982 0.0162049
5 0.4099945 0.2910937 0.0283983 0.0162049
12 0.5545675 0.2910937 0.0283983 0.0162049
1 0.2654215 0.3488913 0.0283983 0.0151246
30 0.4099945 0.3488913 0.0283983 0.0151246
15 0.5545675 0.3488913 0.0283983 0.0151246
17 0.6268540 0.3488913 0.0283983 0.0151246
7 0.4099945 0.4077691 0.0283983 0.0162050
11 0.5545675 0.4077691 0.0283983 0.0162050
10 0.6991405 0.4077691 0.0283983 0.0162050
3 0.6268540 0.4661068 0.0283983 0.0162050
20 0.6991405 0.4661068 0.0283983 0.0162050
16 0.3377080 0.5244445 0.0283982 0.0162049
33 0.4822810 0.5239043 0.0671232 0.0583377
31 0.4822810 0.5244445 0.0283982 0.0162049
27 0.5545675 0.5244445 0.0283983 0.0162049
2 0.6268540 0.5244445 0.0283983 0.0162049
9 0.4822810 0.3488913 0.0283982 0.0151246
24 0.4822810 0.4077691 0.0283982 0.0162050
20 0.4099945 0.4661068 0.0283983 0.0162050
4 0.5545675 0.4661068 0.0283983 0.0162050
21 0.2654215 0.4661068 0.0283983 0.0162050
19 0.2654215 0.5244445 0.0283983 0.0162049
6 0.6268540 0.2910937 0.0283983 0.0162049
17 0.6991405 0.5244445 0.0283983 0.0162049
26 0.2654215 0.4077691 0.0283983 0.0162050
1 0.4822810 0.4661068 0.0283982 0.0162050
26 0.2654215 0.2910937 0.0283983 0.0162049
24 0.3377080 0.3488913 0.0283982 0.0151246
25 0.6991405 0.2910937 0.0283983 0.0162049
25 0.3377080 0.4661068 0.0283982 0.0162050
6 0.4099945 0.5244445 0.0283983 0.0162049
16 0.6268540 0.4077691 0.0283983 0.0162050
3 0.4822810 0.2910937 0.0283982 0.0162049
