26 0.4597409 0.3364379 0.0284814 0.0158370
14 0.5322390 0.5196948 0.0284814 0.0158370
32 0.3827117 0.4880208 0.5243166 0.4343869
1 0.1697485 0.3364379 0.0284814 0.0158370
20 0.2422466 0.3364379 0.0284814 0.0158370
19 0.3872428 0.3364379 0.0284814 0.0158370
17 0.5322390 0.3364379 0.0284814 0.0158370
14 0.1697485 0.3975235 0.0284814 0.0158370
29 0.2422466 0.3975235 0.0284814 0.0158370
12 0.6047371 0.3975235 0.0284814 0.0158370
2 0.3872428 0.4586092 0.0284814 0.0158371
18 0.5322390 0.4586092 0.0284814 0.0158371
6 0.6047371 0.4586092 0.0284814 0.0158371
23 0.1697485 0.5196948 0.0284814 0.0158370
22 0.2422466 0.5196948 0.0284814 0.0158370
4 0.3147447 0.5196948 0.0284814 0.0158370
15 0.4597409 0.5196948 0.0284814 0.0158370
27 0.6047371 0.5196948 0.0284814 0.0158370
7 0.1697485 0.5807804 0.0284814 0.0158371
31 0.5322390 0.5807804 0.0284814 0.0158371
5 0.2422466 0.6418661 0.0284814 0.0158370
11 0.3147447 0.6418661 0.0284814 0.0158370
33 0.3872428 0.6418661 0.0673197 0.0610856
23 0.3872428 0.6418661 0.0284814 0.0158370
13 0.4597409 0.6418661 0.0284814 0.0158370
10 0.5322390 0.6418661 0.0284814 0.0158370
8 0.6047371 0.6418661 0.0284814 0.0158370
20 0.1697485 0.6418661 0.0284814 0.0158370
1 0.2422466 0.4586092 0.0284814 0.0158371
16 0.1697485 0.4586092 0.0284814 0.0158371
21 0.4597409 0.4586092 0.0284814 0.0158371
24 0.3147447 0.3364379 0.0284814 0.0158370
4 0.3147447 0.3975235 0.0284814 0.0158370
14 0.6047371 0.5807804 0.0284814 0.0158371
16 0.4597409 0.3975235 0.0284814 0.0158370
5 0.3872428 0.5196948 0.0284814 0.0158370
1 0.3872428 0.5807804 0.0284814 0.0158371
3 0.3147447 0.4586092 0.0284814 0.0158371
4 0.3147447 0.5807804 0.0284814 0.0158371
25 0.2422466 0.5807804 0.0284814 0.0158371
19 0.4597409 0.5807804 0.0284814 0.0158371
25 0.3872428 0.3975235 0.0284814 0.0158370
1 0.5322390 0.3975235 0.0284814 0.0158370
17 0.6047371 0.3364379 0.0284814 0.0158370
