13 0.5208697 0.4621099 0.0288596 0.0148229
2 0.5208697 0.5764574 0.0288596 0.0148228
32 0.5897392 0.4324643 0.5312790 0.4065689
13 0.4474089 0.2905887 0.0288596 0.0148228
11 0.7412521 0.2905887 0.0288596 0.0148228
33 0.8147129 0.2905887 0.0682137 0.0571738
11 0.8147128 0.2905887 0.0288596 0.0148228
8 0.4474089 0.3477625 0.0288596 0.0148228
10 0.5208697 0.3477625 0.0288596 0.0148228
2 0.5943305 0.3477625 0.0288596 0.0148228
25 0.6677913 0.3477625 0.0288596 0.0148228
1 0.7412521 0.3477625 0.0288596 0.0148228
5 0.4474089 0.4049362 0.0288596 0.0148229
30 0.5208697 0.4049362 0.0288596 0.0148229
28 0.5943305 0.4049362 0.0288596 0.0148229
22 0.8147128 0.4049362 0.0288596 0.0148229
3 0.5943305 0.4621099 0.0288596 0.0148229
12 0.8147128 0.4621099 0.0288596 0.0148229
19 0.3739481 0.5192837 0.0288596 0.0148228
23 0.5208697 0.5192837 0.0288596 0.0148228
31 0.5943305 0.5192837 0.0288596 0.0148228
27 0.7412521 0.5192837 0.0288596 0.0148228
26 0.8147128 0.5192837 0.0288596 0.0148228
24 0.4474089 0.5764574 0.0288596 0.0148228
15 0.5943305 0.5764574 0.0288596 0.0148228
7 0.6677913 0.5764574 0.0288596 0.0148228
16 0.7412521 0.5764574 0.0288596 0.0148228
22 0.6677913 0.4621099 0.0288596 0.0148229
12 0.4474089 0.4621099 0.0288596 0.0148229
8 0.3739481 0.4049362 0.0288596 0.0148229
24 0.5943305 0.2905887 0.0288596 0.0148228
19 0.6677913 0.2905887 0.0288596 0.0148228
1 0.7412521 0.4621099 0.0288596 0.0148229
28 0.3739481 0.3477625 0.0288596 0.0148228
11 0.7412521 0.4049362 0.0288596 0.0148229
1 0.3739481 0.4621099 0.0288596 0.0148229
14 0.8147128 0.5764574 0.0288596 0.0148228
20 0.3739481 0.2905887 0.0288596 0.0148228
28 0.5208697 0.2905887 0.0288596 0.0148228
11 0.6677913 0.4049362 0.0288596 0.0148229
26 0.4474089 0.5192837 0.0288596 0.0148228
25 0.8147128 0.3477625 0.0288596 0.0148228
19 0.3739481 0.5764574 0.0288596 0.0148228
16 0.6677913 0.5192837 0.0288596 0.0148228
