4 0.5153575 0.3191743 0.0273565 0.0150102
26 0.0975489 0.3770706 0.0273565 0.0150102
32 0.3021010 0.4049466 0.5036086 0.4117071
30 0.1671837 0.2612779 0.0273565 0.0150102
4 0.2368184 0.2612779 0.0273565 0.0150102
22 0.3064532 0.2612779 0.0273565 0.0150102
1 0.3760880 0.2612779 0.0273565 0.0150102
17 0.5153575 0.2612779 0.0273565 0.0150102
27 0.0975489 0.3191743 0.0273565 0.0150102
5 0.1671837 0.3191743 0.0273565 0.0150102
15 0.1671837 0.3770706 0.0273565 0.0150102
8 0.2368184 0.3770706 0.0273565 0.0150102
24 0.5153575 0.3770706 0.0273565 0.0150102
18 0.1671837 0.4349669 0.0273565 0.0150102
2 0.2368184 0.4349669 0.0273565 0.0150102
33 0.5153575 0.4349669 0.0646609 0.0578963
24 0.5153575 0.4349669 0.0273565 0.0150102
23 0.3064532 0.4928632 0.0273565 0.0150101
11 0.3760880 0.4928632 0.0273565 0.0150101
10 0.4457227 0.4928632 0.0273565 0.0150101
26 0.0975489 0.4349669 0.0273565 0.0150102
21 0.4457227 0.3770706 0.0273565 0.0150102
13 0.4457227 0.3191743 0.0273565 0.0150102
23 0.4457227 0.4349669 0.0273565 0.0150102
20 0.0975489 0.4928632 0.0273565 0.0150101
28 0.3064532 0.3770706 0.0273565 0.0150102
19 0.2368184 0.4928632 0.0273565 0.0150101
17 0.3760880 0.4349669 0.0273565 0.0150102
16 0.4457227 0.2612779 0.0273565 0.0150102
31 0.0975489 0.2612779 0.0273565 0.0150102
21 0.1671837 0.4928632 0.0273565 0.0150101
31 0.3760880 0.3770706 0.0273565 0.0150102
13 0.3064532 0.3191743 0.0273565 0.0150102
13 0.5153575 0.4928632 0.0273565 0.0150101
2 0.3064532 0.4349669 0.0273565 0.0150102
19 0.2368184 0.3191743 0.0273565 0.0150102
3 0.3760880 0.3191743 0.0273565 0.0150102
