4 0.1085153 0.4393718 0.0277709 0.0162336
15 0.3912738 0.5646023 0.0277709 0.0162336
32 0.3161661 0.4695199 0.5112375 0.4452637
17 0.2498946 0.3141414 0.0277709 0.0162336
19 0.3205842 0.3141414 0.0277709 0.0162336
10 0.3912738 0.3141414 0.0277709 0.0162336
33 0.4619635 0.3141414 0.0656404 0.0626152
30 0.4619635 0.3141414 0.0277709 0.0162336
29 0.1792049 0.3767566 0.0277709 0.0162336
30 0.2498946 0.3767566 0.0277709 0.0162336
25 0.5326531 0.3767566 0.0277709 0.0162336
22 0.3912738 0.4393718 0.0277709 0.0162336
18 0.4619635 0.4393718 0.0277709 0.0162336
27 0.3205842 0.5019870 0.0277709 0.0162336
9 0.3912738 0.5019870 0.0277709 0.0162336
2 0.4619635 0.5019870 0.0277709 0.0162336
5 0.5326531 0.5019870 0.0277709 0.0162336
1 0.2498946 0.5646023 0.0277709 0.0162336
20 0.3205842 0.5646023 0.0277709 0.0162336
3 0.5326531 0.5646023 0.0277709 0.0162336
31 0.1085153 0.5646023 0.0277709 0.0162336
18 0.1792049 0.5019870 0.0277709 0.0162336
25 0.2498946 0.4393718 0.0277709 0.0162336
16 0.1085153 0.5019870 0.0277709 0.0162336
7 0.1085153 0.3767566 0.0277709 0.0162336
15 0.1085153 0.3141414 0.0277709 0.0162336
23 0.3205842 0.3767566 0.0277709 0.0162336
5 0.3205842 0.4393718 0.0277709 0.0162336
19 0.4619635 0.5646023 0.0277709 0.0162336
5 0.3912738 0.3767566 0.0277709 0.0162336
8 0.1792049 0.4393718 0.0277709 0.0162336
14 0.2498946 0.5019870 0.0277709 0.0162336
31 0.1792049 0.3141414 0.0277709 0.0162336
2 0.1792049 0.5646023 0.0277709 0.0162336
10 0.4619635 0.3767566 0.0277709 0.0162336
11 0.5326531 0.4393718 0.0277709 0.0162336
10 0.5326531 0.3141414 0.0277709 0.0162336
