5 0.3097202 0.3501117 0.0285762 0.0158529
26 0.6006781 0.3501117 0.0285762 0.0158529
32 0.3831091 0.3728341 0.5260624 0.4058331
3 0.3097202 0.2359711 0.0285762 0.0158529
16 0.6006781 0.2359711 0.0285762 0.0158529
7 0.1642412 0.2925130 0.0285762 0.0147960
6 0.3097202 0.2925130 0.0285762 0.0147960
13 0.3824596 0.2925130 0.0285762 0.0147960
23 0.4551991 0.2925130 0.0285762 0.0147960
9 0.5279386 0.2925130 0.0285762 0.0147960
2 0.2369807 0.3501117 0.0285762 0.0158529
4 0.4551991 0.3501117 0.0285762 0.0158529
33 0.2369807 0.4066535 0.0675438 0.0570702
14 0.2369807 0.4071820 0.0285762 0.0158529
26 0.4551991 0.4071820 0.0285762 0.0158529
20 0.5279386 0.4071820 0.0285762 0.0158529
10 0.6006781 0.4071820 0.0285762 0.0158529
31 0.3097202 0.4642523 0.0285762 0.0158529
25 0.4551991 0.4642523 0.0285762 0.0158529
12 0.5279386 0.4642523 0.0285762 0.0158529
9 0.4551991 0.2359711 0.0285762 0.0158529
28 0.1642412 0.4071820 0.0285762 0.0158529
16 0.3824596 0.3501117 0.0285762 0.0158529
10 0.1642412 0.4642523 0.0285762 0.0158529
11 0.1642412 0.2359711 0.0285762 0.0158529
31 0.2369807 0.2925130 0.0285762 0.0147960
23 0.3824596 0.4642523 0.0285762 0.0158529
31 0.3824596 0.4071820 0.0285762 0.0158529
11 0.5279386 0.2359711 0.0285762 0.0158529
14 0.6006781 0.4642523 0.0285762 0.0158529
17 0.3097202 0.4071820 0.0285762 0.0158529
7 0.6006781 0.2925130 0.0285762 0.0147960
15 0.2369807 0.2359711 0.0285762 0.0158529
9 0.1642412 0.3501117 0.0285762 0.0158529
3 0.2369807 0.4642523 0.0285762 0.0158529
15 0.3824596 0.2359711 0.0285762 0.0158529
8 0.5279386 0.3501117 0.0285762 0.0158529
