16 0.6907885 0.7299046 0.0277370 0.0166782
20 0.6201854 0.6098214 0.0277369 0.0166782
32 0.6208158 0.6337268 0.5106116 0.4269628
4 0.4083762 0.4897381 0.0277369 0.0166782
30 0.5495824 0.4897381 0.0277369 0.0166782
11 0.6907885 0.4897381 0.0277370 0.0166782
15 0.4789793 0.5492238 0.0277369 0.0155663
25 0.5495824 0.5492238 0.0277369 0.0155663
17 0.6907885 0.5492238 0.0277370 0.0155663
26 0.8319947 0.5492238 0.0277370 0.0155663
8 0.4083762 0.6098214 0.0277369 0.0166782
28 0.4789793 0.6098214 0.0277369 0.0166782
23 0.5495824 0.6098214 0.0277369 0.0166782
24 0.7613916 0.6098214 0.0277369 0.0166782
12 0.4789793 0.6698630 0.0277369 0.0166782
31 0.5495824 0.6698630 0.0277369 0.0166782
16 0.6201854 0.6698630 0.0277369 0.0166782
9 0.6907885 0.6698630 0.0277370 0.0166782
33 0.7613916 0.6693070 0.0655600 0.0600416
26 0.7613916 0.6698630 0.0277369 0.0166782
18 0.8319947 0.6698630 0.0277370 0.0166782
10 0.4083762 0.7299046 0.0277369 0.0166782
27 0.4789793 0.7299046 0.0277369 0.0166782
6 0.5495824 0.7299046 0.0277369 0.0166782
7 0.8319947 0.7299046 0.0277370 0.0166782
5 0.4083762 0.7893903 0.0277369 0.0155663
2 0.6201854 0.7893903 0.0277369 0.0155663
16 0.4789793 0.4897381 0.0277369 0.0166782
8 0.8319947 0.4897381 0.0277370 0.0166782
13 0.7613916 0.4897381 0.0277369 0.0166782
25 0.4083762 0.5492238 0.0277369 0.0155663
11 0.7613916 0.7893903 0.0277369 0.0155663
18 0.7613916 0.5492238 0.0277369 0.0155663
14 0.8319947 0.7893903 0.0277370 0.0155663
10 0.4083762 0.6698630 0.0277369 0.0166782
14 0.4789793 0.7893903 0.0277369 0.0155663
13 0.7613916 0.7299046 0.0277369 0.0166782
30 0.6907885 0.6098214 0.0277370 0.0166782
28 0.8319947 0.6098214 0.0277370 0.0166782
29 0.6907885 0.7893903 0.0277370 0.0155663
25 0.6201854 0.4897381 0.0277369 0.0166782
19 0.5495824 0.7893903 0.0277369 0.0155663
11 0.6201854 0.5492238 0.0277369 0.0155663
11 0.6201854 0.7299046 0.0277369 0.0166782
