24 0.5892995 0.3830996 0.0268572 0.0155209
28 0.7943909 0.5028326 0.0268571 0.0155210
32 0.6533906 0.4717907 0.4944168 0.4257177
26 0.5209357 0.3232330 0.0268572 0.0155210
31 0.5892995 0.3232330 0.0268572 0.0155210
14 0.7260271 0.3232330 0.0268572 0.0155210
22 0.7943909 0.3232330 0.0268571 0.0155210
7 0.8627547 0.3232330 0.0268571 0.0155210
29 0.5209357 0.3830996 0.0268572 0.0155209
3 0.7260271 0.3830996 0.0268572 0.0155209
19 0.8627547 0.3830996 0.0268571 0.0155209
6 0.5209357 0.4429661 0.0268572 0.0155210
24 0.6576633 0.4429661 0.0268572 0.0155210
11 0.7260271 0.4429661 0.0268572 0.0155210
10 0.8627547 0.4429661 0.0268571 0.0155210
9 0.6576633 0.5028326 0.0268572 0.0155210
13 0.7260271 0.5028326 0.0268572 0.0155210
25 0.8627547 0.5028326 0.0268571 0.0155210
16 0.5209357 0.5626992 0.0268572 0.0155210
2 0.5892995 0.5626992 0.0268572 0.0155210
5 0.7260271 0.5626992 0.0268572 0.0155210
17 0.5209357 0.6225658 0.0268572 0.0155210
4 0.5892995 0.6225658 0.0268572 0.0155210
8 0.6576633 0.6225658 0.0268572 0.0155210
33 0.7260271 0.6225658 0.0634807 0.0598665
31 0.7260271 0.6225658 0.0268572 0.0155210
15 0.7943909 0.6225658 0.0268571 0.0155210
29 0.4525719 0.5626992 0.0268572 0.0155210
8 0.5209357 0.5028326 0.0268572 0.0155210
12 0.7943909 0.5626992 0.0268571 0.0155210
27 0.4525719 0.4429661 0.0268572 0.0155210
1 0.4525719 0.3232330 0.0268572 0.0155210
4 0.5892995 0.4429661 0.0268572 0.0155210
20 0.4525719 0.5028326 0.0268572 0.0155210
20 0.8627547 0.6225658 0.0268571 0.0155210
31 0.4525719 0.6225658 0.0268572 0.0155210
10 0.6576633 0.5626992 0.0268572 0.0155210
22 0.6576633 0.3232330 0.0268572 0.0155210
27 0.7943909 0.4429661 0.0268571 0.0155210
1 0.7943909 0.3830996 0.0268571 0.0155209
11 0.6576633 0.3830996 0.0268572 0.0155209
18 0.5892995 0.5028326 0.0268572 0.0155210
11 0.4525719 0.3830996 0.0268572 0.0155209
11 0.8627547 0.5626992 0.0268571 0.0155210
