13 0.2427398 0.3586695 0.0283172 0.0160305
1 0.3148200 0.4823340 0.0283172 0.0160306
32 0.4544754 0.3884406 0.5212943 0.4396961
3 0.2427398 0.2350050 0.0283172 0.0160306
11 0.3148200 0.2350050 0.0283172 0.0160306
26 0.4589804 0.2350050 0.0283172 0.0160306
30 0.5310606 0.2350050 0.0283172 0.0160306
28 0.6031408 0.2350050 0.0283172 0.0160306
13 0.6752209 0.2350050 0.0283172 0.0160306
17 0.2427398 0.2968373 0.0283172 0.0160306
9 0.3148200 0.2968373 0.0283172 0.0160306
33 0.5310606 0.2968372 0.0669316 0.0618322
7 0.5310606 0.2968373 0.0283172 0.0160306
20 0.6031408 0.2968373 0.0283172 0.0160306
25 0.6752209 0.2968373 0.0283172 0.0160306
8 0.6031408 0.3586695 0.0283172 0.0160305
29 0.3869003 0.4205018 0.0283172 0.0160305
21 0.6752209 0.4205018 0.0283172 0.0160305
18 0.3869003 0.4823340 0.0283172 0.0160306
1 0.6031408 0.4823340 0.0283172 0.0160306
4 0.4589804 0.3586695 0.0283172 0.0160305
28 0.3869003 0.3586695 0.0283172 0.0160305
17 0.3869003 0.2968373 0.0283172 0.0160306
20 0.6031408 0.4205018 0.0283172 0.0160305
25 0.2427398 0.4205018 0.0283172 0.0160305
2 0.6752209 0.4823340 0.0283172 0.0160306
17 0.6752209 0.3586695 0.0283172 0.0160305
28 0.3148200 0.4205018 0.0283172 0.0160305
16 0.2427398 0.4823340 0.0283172 0.0160306
1 0.5310606 0.4823340 0.0283172 0.0160306
27 0.3148200 0.3586695 0.0283172 0.0160305
7 0.4589804 0.4205018 0.0283172 0.0160305
27 0.5310606 0.4205018 0.0283172 0.0160305
13 0.4589804 0.4823340 0.0283172 0.0160306
15 0.3869003 0.2350050 0.0283172 0.0160306
23 0.5310606 0.3586695 0.0283172 0.0160305
17 0.4589804 0.2968373 0.0283172 0.0160306
