27 0.5192585 0.4756899 0.0267289 0.0160347
28 0.3831842 0.4756899 0.0267289 0.0160347
32 0.3108947 0.5054687 0.4920544 0.4398098
26 0.1110355 0.3519934 0.0267289 0.0160347
30 0.1790727 0.3519934 0.0267289 0.0160347
2 0.2471099 0.3519934 0.0267289 0.0160347
6 0.4512214 0.3519934 0.0267289 0.0160347
31 0.1790727 0.4138416 0.0267289 0.0160347
10 0.4512214 0.4138416 0.0267289 0.0160347
1 0.1110355 0.4756899 0.0267289 0.0160347
8 0.1790727 0.4756899 0.0267289 0.0160347
12 0.2471099 0.4756899 0.0267289 0.0160347
16 0.3151470 0.4756899 0.0267289 0.0160347
24 0.4512214 0.4756899 0.0267289 0.0160347
22 0.1110355 0.5375381 0.0267289 0.0160347
21 0.1790727 0.5375381 0.0267289 0.0160347
25 0.2471099 0.5375381 0.0267289 0.0160347
19 0.3831842 0.5375381 0.0267289 0.0160347
9 0.5192585 0.5375381 0.0267289 0.0160347
18 0.1110355 0.5993864 0.0267289 0.0160347
11 0.1790727 0.5993864 0.0267289 0.0160347
3 0.3151470 0.5993864 0.0267289 0.0160347
33 0.3831842 0.5993864 0.0631774 0.0618483
22 0.3831842 0.5993864 0.0267289 0.0160347
4 0.4512214 0.5993864 0.0267289 0.0160347
7 0.2471099 0.6612347 0.0267289 0.0160347
23 0.3151470 0.6612347 0.0267289 0.0160347
7 0.1110355 0.4138416 0.0267289 0.0160347
14 0.4512214 0.5375381 0.0267289 0.0160347
24 0.3831842 0.3519934 0.0267289 0.0160347
18 0.3831842 0.6612347 0.0267289 0.0160347
30 0.5192585 0.5993864 0.0267289 0.0160347
4 0.3151470 0.5375381 0.0267289 0.0160347
8 0.1110355 0.6612347 0.0267289 0.0160347
28 0.4512214 0.6612347 0.0267289 0.0160347
22 0.5192585 0.6612347 0.0267289 0.0160347
27 0.5192585 0.4138416 0.0267289 0.0160347
1 0.3151470 0.4138416 0.0267289 0.0160347
7 0.2471099 0.5993864 0.0267289 0.0160347
3 0.2471099 0.4138416 0.0267289 0.0160347
8 0.3831842 0.4138416 0.0267289 0.0160347
2 0.5192585 0.3519934 0.0267289 0.0160347
15 0.1790727 0.6612347 0.0267289 0.0160347
31 0.3151470 0.3519934 0.0267289 0.0160347
