25 0.5805698 0.4808159 0.0276739 0.0154567
22 0.6510124 0.2423418 0.0276739 0.0154567
32 0.4352817 0.3902841 0.5094516 0.4239540
5 0.2987989 0.2423418 0.0276739 0.0154567
7 0.3692416 0.2423418 0.0276740 0.0154567
27 0.4396844 0.2423418 0.0276739 0.0154567
6 0.5101270 0.2423418 0.0276739 0.0154567
2 0.5805698 0.3019603 0.0276739 0.0154566
18 0.2283562 0.3615788 0.0276739 0.0154567
19 0.4396844 0.3615788 0.0276739 0.0154567
15 0.5805698 0.3615788 0.0276739 0.0154567
3 0.6510124 0.3615788 0.0276739 0.0154567
33 0.3692416 0.4211974 0.0654111 0.0596185
8 0.3692416 0.4211974 0.0276740 0.0154567
8 0.5101270 0.4211974 0.0276739 0.0154567
10 0.5805698 0.4211974 0.0276739 0.0154567
11 0.6510124 0.4211974 0.0276739 0.0154567
4 0.2987989 0.4808159 0.0276739 0.0154567
26 0.4396844 0.4808159 0.0276739 0.0154567
31 0.5101270 0.4808159 0.0276739 0.0154567
22 0.5805698 0.2423418 0.0276739 0.0154567
27 0.2283562 0.3019603 0.0276739 0.0154566
5 0.5101270 0.3019603 0.0276739 0.0154566
29 0.3692416 0.3615788 0.0276740 0.0154567
18 0.2987989 0.3615788 0.0276739 0.0154567
16 0.2987989 0.4211974 0.0276739 0.0154567
3 0.4396844 0.4211974 0.0276739 0.0154567
2 0.2283562 0.4211974 0.0276739 0.0154567
2 0.6510124 0.4808159 0.0276739 0.0154567
10 0.6510124 0.3019603 0.0276739 0.0154566
12 0.2987989 0.3019603 0.0276739 0.0154566
31 0.5101270 0.3615788 0.0276739 0.0154567
4 0.4396844 0.3019603 0.0276739 0.0154566
24 0.3692416 0.3019603 0.0276740 0.0154566
28 0.2283562 0.2423418 0.0276739 0.0154567
4 0.2283562 0.4808159 0.0276739 0.0154567
20 0.3692416 0.4808159 0.0276740 0.0154567
