28 0.2739263 0.3269905 0.0261716 0.0160712
4 0.2739263 0.2030130 0.0261716 0.0160712
32 0.4029998 0.3568369 0.4817952 0.4408087
7 0.4071635 0.2030130 0.0261716 0.0160712
16 0.4737820 0.2030130 0.0261716 0.0160712
18 0.5404006 0.2030130 0.0261716 0.0160712
20 0.2739263 0.2650017 0.0261716 0.0160711
28 0.4071635 0.2650017 0.0261716 0.0160711
23 0.4737820 0.2650017 0.0261716 0.0160711
9 0.5404006 0.2650017 0.0261716 0.0160711
13 0.4071635 0.3269905 0.0261716 0.0160712
31 0.6070192 0.3269905 0.0261716 0.0160712
2 0.2073077 0.3889792 0.0261716 0.0160712
17 0.2739263 0.3889792 0.0261716 0.0160712
3 0.3405448 0.3889792 0.0261716 0.0160712
4 0.4737820 0.3889792 0.0261716 0.0160712
19 0.6070192 0.3889792 0.0261716 0.0160712
33 0.2739263 0.4509679 0.0618601 0.0619887
25 0.2739263 0.4509679 0.0261716 0.0160712
21 0.4071635 0.4509679 0.0261716 0.0160712
12 0.5404006 0.4509679 0.0261716 0.0160712
5 0.6070192 0.4509679 0.0261716 0.0160712
30 0.2073077 0.5129566 0.0261716 0.0160712
15 0.3405448 0.5129566 0.0261716 0.0160712
29 0.4071635 0.5129566 0.0261716 0.0160712
10 0.5404006 0.5129566 0.0261716 0.0160712
6 0.6070192 0.5129566 0.0261716 0.0160712
21 0.3405448 0.2030130 0.0261716 0.0160712
26 0.4071635 0.3889792 0.0261716 0.0160712
7 0.5404006 0.3889792 0.0261716 0.0160712
21 0.2073077 0.3269905 0.0261716 0.0160712
23 0.2073077 0.4509679 0.0261716 0.0160712
31 0.6070192 0.2650017 0.0261716 0.0160711
18 0.2073077 0.2650017 0.0261716 0.0160711
23 0.4737820 0.5129566 0.0261716 0.0160712
23 0.3405448 0.3269905 0.0261716 0.0160712
27 0.4737820 0.3269905 0.0261716 0.0160712
19 0.3405448 0.4509679 0.0261716 0.0160712
25 0.6070192 0.2030130 0.0261716 0.0160712
7 0.5404006 0.3269905 0.0261716 0.0160712
16 0.3405448 0.2650017 0.0261716 0.0160711
14 0.4737820 0.4509679 0.0261716 0.0160712
1 0.2073077 0.2030130 0.0261716 0.0160712
13 0.2739263 0.5129566 0.0261716 0.0160712
