16 0.6418884 0.3495186 0.0285096 0.0151513
17 0.7870283 0.5832821 0.0285097 0.0151514
32 0.6425363 0.4317687 0.5248360 0.4155796
22 0.4241786 0.2916188 0.0285096 0.0162336
11 0.4967486 0.2916188 0.0285096 0.0162336
12 0.5693185 0.2916188 0.0285096 0.0162336
15 0.7144583 0.2916188 0.0285096 0.0162336
28 0.8595982 0.2916188 0.0285096 0.0162336
1 0.4241786 0.3495186 0.0285096 0.0151513
20 0.5693185 0.3495186 0.0285096 0.0151513
25 0.7870283 0.3495186 0.0285097 0.0151513
2 0.8595982 0.3495186 0.0285096 0.0151513
9 0.4967486 0.4085006 0.0285096 0.0162336
30 0.5693185 0.4085006 0.0285096 0.0162336
21 0.7144583 0.4085006 0.0285096 0.0162336
3 0.7870283 0.4085006 0.0285097 0.0162336
10 0.4241786 0.4669415 0.0285096 0.0162336
16 0.5693185 0.4669415 0.0285096 0.0162336
8 0.6418884 0.4669415 0.0285096 0.0162336
17 0.7144583 0.4669415 0.0285096 0.0162336
19 0.8595982 0.4669415 0.0285096 0.0162336
33 0.4241786 0.5248412 0.0673864 0.0584409
7 0.4241786 0.5253824 0.0285096 0.0162336
29 0.4967486 0.5253824 0.0285096 0.0162336
18 0.6418884 0.5253824 0.0285096 0.0162336
4 0.7870283 0.5253824 0.0285097 0.0162336
6 0.8595982 0.5253824 0.0285096 0.0162336
23 0.6418884 0.4085006 0.0285096 0.0162336
7 0.4967486 0.5832821 0.0285096 0.0151514
22 0.7144583 0.3495186 0.0285096 0.0151513
19 0.4967486 0.4669415 0.0285096 0.0162336
2 0.6418884 0.2916188 0.0285096 0.0162336
24 0.7144583 0.5832821 0.0285096 0.0151514
9 0.4241786 0.4085006 0.0285096 0.0162336
31 0.5693185 0.5253824 0.0285096 0.0162336
5 0.8595982 0.5832821 0.0285096 0.0151514
15 0.4967486 0.3495186 0.0285096 0.0151513
10 0.7144583 0.5253824 0.0285096 0.0162336
15 0.7870283 0.4669415 0.0285097 0.0162336
2 0.7870283 0.2916188 0.0285097 0.0162336
27 0.4241786 0.5832821 0.0285096 0.0151514
11 0.8595982 0.4085006 0.0285096 0.0162336
8 0.5693185 0.5832821 0.0285096 0.0151514
22 0.6418884 0.5832821 0.0285096 0.0151514
