21 0.6333624 0.5848600 0.0272038 0.0150898
24 0.4948702 0.5848600 0.0272038 0.0150898
32 0.5597884 0.4964768 0.5007976 0.4138920
30 0.4256242 0.3520457 0.0272038 0.0150898
27 0.4948702 0.3520457 0.0272038 0.0150898
6 0.7026085 0.3520457 0.0272038 0.0150898
4 0.4256242 0.4102492 0.0272038 0.0150898
8 0.7026085 0.4102492 0.0272038 0.0150898
29 0.7718546 0.4102492 0.0272038 0.0150898
5 0.3563781 0.4684528 0.0272038 0.0150898
18 0.4256242 0.4684528 0.0272038 0.0150898
3 0.6333624 0.4684528 0.0272038 0.0150898
28 0.7026085 0.4684528 0.0272038 0.0150898
17 0.7718546 0.4684528 0.0272038 0.0150898
7 0.4256242 0.5266564 0.0272038 0.0150899
10 0.5641163 0.5266564 0.0272038 0.0150899
33 0.6333624 0.5266564 0.0643000 0.0582036
15 0.6333624 0.5266564 0.0272038 0.0150899
31 0.7026085 0.5266564 0.0272038 0.0150899
14 0.7718546 0.5266564 0.0272038 0.0150899
9 0.3563781 0.5848600 0.0272038 0.0150898
25 0.4256242 0.5848600 0.0272038 0.0150898
16 0.7718546 0.5848600 0.0272038 0.0150898
24 0.4256242 0.6430636 0.0272038 0.0150898
26 0.4948702 0.6430636 0.0272038 0.0150898
23 0.5641163 0.6430636 0.0272038 0.0150898
21 0.6333624 0.6430636 0.0272038 0.0150898
3 0.3563781 0.3520457 0.0272038 0.0150898
27 0.5641163 0.4684528 0.0272038 0.0150898
21 0.5641163 0.5848600 0.0272038 0.0150898
29 0.3563781 0.5266564 0.0272038 0.0150899
30 0.6333624 0.3520457 0.0272038 0.0150898
5 0.3563781 0.6430636 0.0272038 0.0150898
2 0.7026085 0.6430636 0.0272038 0.0150898
4 0.7718546 0.6430636 0.0272038 0.0150898
17 0.4948702 0.4102492 0.0272038 0.0150898
21 0.5641163 0.3520457 0.0272038 0.0150898
2 0.3563781 0.4102492 0.0272038 0.0150898
29 0.6333624 0.4102492 0.0272038 0.0150898
14 0.7718546 0.3520457 0.0272038 0.0150898
19 0.4948702 0.4684528 0.0272038 0.0150898
19 0.7026085 0.5848600 0.0272038 0.0150898
18 0.4948702 0.5266564 0.0272038 0.0150899
18 0.5641163 0.4102492 0.0272038 0.0150898
