11 0.6725724 0.4956115 0.0268291 0.0170711
29 0.3994036 0.3106744 0.0268291 0.0159331
32 0.4683056 0.3971680 0.4938989 0.4370207
29 0.3311115 0.2497873 0.0268291 0.0170711
28 0.4676958 0.2497873 0.0268291 0.0170711
30 0.6042802 0.2497873 0.0268291 0.0170711
11 0.6725724 0.2497873 0.0268291 0.0170711
31 0.3311115 0.3106744 0.0268291 0.0159331
25 0.6042802 0.3106744 0.0268291 0.0159331
10 0.6725724 0.3106744 0.0268291 0.0159331
33 0.3311115 0.3721304 0.0634142 0.0614560
25 0.3311115 0.3726994 0.0268291 0.0170711
14 0.3994036 0.3726994 0.0268291 0.0170711
27 0.5359880 0.3726994 0.0268291 0.0170711
20 0.2628192 0.4341555 0.0268291 0.0170711
22 0.4676958 0.4341555 0.0268291 0.0170711
2 0.5359880 0.4341555 0.0268291 0.0170711
9 0.6725724 0.4341555 0.0268291 0.0170711
24 0.2628192 0.4956115 0.0268291 0.0170711
8 0.6042802 0.4956115 0.0268291 0.0170711
9 0.5359880 0.4956115 0.0268291 0.0170711
10 0.6042802 0.4341555 0.0268291 0.0170711
24 0.3311115 0.4341555 0.0268291 0.0170711
7 0.3311115 0.4956115 0.0268291 0.0170711
13 0.4676958 0.3726994 0.0268291 0.0170711
1 0.6042802 0.3726994 0.0268291 0.0170711
23 0.4676958 0.4956115 0.0268291 0.0170711
20 0.3994036 0.4341555 0.0268291 0.0170711
24 0.3994036 0.2497873 0.0268291 0.0170711
8 0.6725724 0.3726994 0.0268291 0.0170711
13 0.4676958 0.3106744 0.0268291 0.0159331
10 0.2628192 0.3106744 0.0268291 0.0159331
6 0.3994036 0.4956115 0.0268291 0.0170711
22 0.2628192 0.3726994 0.0268291 0.0170711
27 0.2628192 0.2497873 0.0268291 0.0170711
8 0.5359880 0.3106744 0.0268291 0.0159331
28 0.5359880 0.2497873 0.0268291 0.0170711
