6 0.6668220 0.5893015 0.0272215 0.0158691
22 0.3203661 0.6505112 0.0272215 0.0158692
32 0.4546177 0.6187728 0.5011237 0.4352689
17 0.2510749 0.4668821 0.0272215 0.0158692
23 0.3203661 0.4668821 0.0272215 0.0158692
33 0.4589484 0.4668821 0.0643419 0.0612097
2 0.4589484 0.4668821 0.0272215 0.0158692
31 0.5282396 0.4668821 0.0272215 0.0158692
4 0.6668220 0.4668821 0.0272215 0.0158692
30 0.3203661 0.5280918 0.0272215 0.0158692
19 0.3896572 0.5280918 0.0272216 0.0158692
27 0.4589484 0.5280918 0.0272215 0.0158692
14 0.5975308 0.5280918 0.0272215 0.0158692
12 0.4589484 0.5893015 0.0272215 0.0158691
3 0.5975308 0.5893015 0.0272215 0.0158691
26 0.2510749 0.6505112 0.0272215 0.0158692
10 0.5282396 0.6505112 0.0272215 0.0158692
9 0.5975308 0.6505112 0.0272215 0.0158692
7 0.6668220 0.6505112 0.0272215 0.0158692
2 0.2510749 0.7117209 0.0272215 0.0158692
15 0.3896572 0.7117209 0.0272216 0.0158692
18 0.6668220 0.7117209 0.0272215 0.0158692
24 0.2510749 0.7729306 0.0272215 0.0158691
5 0.3203661 0.7729306 0.0272215 0.0158691
1 0.3896572 0.7729306 0.0272216 0.0158691
25 0.6668220 0.7729306 0.0272215 0.0158691
20 0.5975308 0.7729306 0.0272215 0.0158691
4 0.3896572 0.5893015 0.0272216 0.0158691
30 0.5975308 0.7117209 0.0272215 0.0158692
16 0.5282396 0.5280918 0.0272215 0.0158692
1 0.3896572 0.6505112 0.0272216 0.0158692
25 0.5975308 0.4668821 0.0272215 0.0158692
27 0.3203661 0.5893015 0.0272215 0.0158691
18 0.2510749 0.5280918 0.0272215 0.0158692
5 0.4589484 0.7117209 0.0272215 0.0158692
25 0.5282396 0.7117209 0.0272215 0.0158692
15 0.2510749 0.5893015 0.0272215 0.0158691
8 0.3203661 0.7117209 0.0272215 0.0158692
22 0.4589484 0.7729306 0.0272215 0.0158691
21 0.4589484 0.6505112 0.0272215 0.0158692
29 0.6668220 0.5280918 0.0272215 0.0158692
11 0.5282396 0.5893015 0.0272215 0.0158691
2 0.5282396 0.7729306 0.0272215 0.0158691
20 0.3896572 0.4668821 0.0272216 0.0158692
