17 0.2970379 0.3085617 0.0270049 0.0152424
3 0.2970379 0.4261460 0.0270049 0.0152424
32 0.4302210 0.3368690 0.4971350 0.4180776
14 0.2970379 0.1909774 0.0270049 0.0152424
4 0.4345173 0.1909774 0.0270049 0.0152424
27 0.2970379 0.2497695 0.0270049 0.0152424
29 0.3657776 0.2497695 0.0270049 0.0152424
9 0.4345173 0.2497695 0.0270049 0.0152424
33 0.6407362 0.2497695 0.0638297 0.0587922
25 0.6407362 0.2497695 0.0270049 0.0152424
30 0.3657776 0.3085617 0.0270049 0.0152424
23 0.4345173 0.3085617 0.0270049 0.0152424
28 0.5032569 0.3085617 0.0270049 0.0152424
7 0.5719966 0.3085617 0.0270049 0.0152424
13 0.2282983 0.3673539 0.0270049 0.0152424
12 0.2970379 0.3673539 0.0270049 0.0152424
20 0.3657776 0.3673539 0.0270049 0.0152424
26 0.4345173 0.3673539 0.0270049 0.0152424
2 0.5032569 0.3673539 0.0270049 0.0152424
18 0.6407362 0.3673539 0.0270049 0.0152424
31 0.2282983 0.4261460 0.0270049 0.0152424
1 0.3657776 0.4261460 0.0270049 0.0152424
11 0.6407362 0.4261460 0.0270049 0.0152424
6 0.2970379 0.4849382 0.0270049 0.0152424
15 0.5032569 0.4849382 0.0270049 0.0152424
19 0.5719966 0.4849382 0.0270049 0.0152424
30 0.5719966 0.2497695 0.0270049 0.0152424
24 0.2282983 0.2497695 0.0270049 0.0152424
6 0.5719966 0.1909774 0.0270049 0.0152424
7 0.6407362 0.4849382 0.0270049 0.0152424
14 0.3657776 0.4849382 0.0270049 0.0152424
27 0.2282983 0.4849382 0.0270049 0.0152424
5 0.5032569 0.1909774 0.0270049 0.0152424
17 0.4345173 0.4849382 0.0270049 0.0152424
28 0.5719966 0.4261460 0.0270049 0.0152424
24 0.4345173 0.4261460 0.0270049 0.0152424
16 0.5032569 0.4261460 0.0270049 0.0152424
15 0.6407362 0.3085617 0.0270049 0.0152424
19 0.6407362 0.1909774 0.0270049 0.0152424
6 0.5032569 0.2497695 0.0270049 0.0152424
24 0.2282983 0.1909774 0.0270049 0.0152424
17 0.3657776 0.1909774 0.0270049 0.0152424
15 0.2282983 0.3085617 0.0270049 0.0152424
27 0.5719966 0.3673539 0.0270049 0.0152424
