2 0.5007767 0.5988559 0.0268775 0.0148307
23 0.4323612 0.4272432 0.0268776 0.0148307
32 0.6333318 0.4547860 0.4947907 0.4067857
23 0.5691922 0.3128348 0.0268775 0.0148307
31 0.6376078 0.3128348 0.0268775 0.0148307
12 0.7744388 0.3128348 0.0268774 0.0148307
18 0.8428543 0.3128348 0.0268775 0.0148307
15 0.4323612 0.3700390 0.0268776 0.0148307
11 0.5007767 0.3700390 0.0268775 0.0148307
29 0.5691922 0.3700390 0.0268775 0.0148307
16 0.6376078 0.3700390 0.0268775 0.0148307
27 0.7744388 0.3700390 0.0268774 0.0148307
25 0.5007767 0.4272432 0.0268775 0.0148307
8 0.5691922 0.4272432 0.0268775 0.0148307
9 0.8428543 0.4272432 0.0268775 0.0148307
14 0.5691922 0.4844475 0.0268775 0.0148307
7 0.6376078 0.4844475 0.0268775 0.0148307
26 0.7060233 0.4844475 0.0268774 0.0148307
17 0.7744388 0.4844475 0.0268774 0.0148307
19 0.4323612 0.5416517 0.0268776 0.0148307
10 0.5691922 0.5416517 0.0268775 0.0148307
3 0.6376078 0.5416517 0.0268775 0.0148307
33 0.7744388 0.5416517 0.0635287 0.0572043
9 0.7744388 0.5416517 0.0268774 0.0148307
13 0.8428543 0.5416517 0.0268775 0.0148307
4 0.6376078 0.5988559 0.0268775 0.0148307
20 0.8428543 0.4844475 0.0268775 0.0148307
27 0.6376078 0.4272432 0.0268775 0.0148307
2 0.5007767 0.4844475 0.0268775 0.0148307
14 0.7060233 0.3128348 0.0268774 0.0148307
3 0.4323612 0.3128348 0.0268776 0.0148307
1 0.7060233 0.5988559 0.0268774 0.0148307
7 0.5007767 0.5416517 0.0268775 0.0148307
19 0.7060233 0.4272432 0.0268774 0.0148307
18 0.7060233 0.3700390 0.0268774 0.0148307
16 0.7744388 0.4272432 0.0268774 0.0148307
2 0.5691922 0.5988559 0.0268775 0.0148307
15 0.4323612 0.5988559 0.0268776 0.0148307
20 0.8428543 0.5988559 0.0268775 0.0148307
7 0.4323612 0.4844475 0.0268776 0.0148307
29 0.8428543 0.3700390 0.0268775 0.0148307
17 0.7060233 0.5416517 0.0268774 0.0148307
5 0.7744388 0.5988559 0.0268774 0.0148307
14 0.5007767 0.3128348 0.0268775 0.0148307
