6 0.6637720 0.6911572 0.0265840 0.0148831
21 0.5284357 0.6337509 0.0265839 0.0148831
32 0.5242064 0.5465783 0.4893859 0.4082228
1 0.3254311 0.4041256 0.0265839 0.0148831
28 0.4607675 0.4041256 0.0265839 0.0148831
24 0.5284357 0.4041256 0.0265839 0.0148831
22 0.7314403 0.4041256 0.0265839 0.0148831
29 0.3930993 0.4615319 0.0265839 0.0148831
30 0.4607675 0.4615319 0.0265839 0.0148831
15 0.7314403 0.4615319 0.0265839 0.0148831
21 0.3930993 0.5189383 0.0265839 0.0148832
33 0.4607675 0.5189383 0.0628347 0.0574063
12 0.4607675 0.5189383 0.0265839 0.0148832
16 0.5284357 0.5189383 0.0265839 0.0148832
26 0.5961039 0.5189383 0.0265839 0.0148832
23 0.6637720 0.5189383 0.0265840 0.0148832
19 0.7314403 0.5189383 0.0265839 0.0148832
2 0.6637720 0.5763446 0.0265840 0.0148832
25 0.3254311 0.6337509 0.0265839 0.0148831
14 0.5961039 0.6337509 0.0265839 0.0148831
11 0.3254311 0.6911572 0.0265839 0.0148831
7 0.3930993 0.6911572 0.0265839 0.0148831
17 0.4607675 0.6911572 0.0265839 0.0148831
27 0.5284357 0.6911572 0.0265839 0.0148831
5 0.5961039 0.6911572 0.0265839 0.0148831
8 0.7314403 0.6911572 0.0265839 0.0148831
11 0.5284357 0.5763446 0.0265839 0.0148832
24 0.6637720 0.6337509 0.0265840 0.0148831
23 0.3930993 0.5763446 0.0265839 0.0148832
17 0.6637720 0.4615319 0.0265840 0.0148831
6 0.7314403 0.6337509 0.0265839 0.0148831
10 0.4607675 0.6337509 0.0265839 0.0148831
6 0.5961039 0.4615319 0.0265839 0.0148831
30 0.3930993 0.4041256 0.0265839 0.0148831
9 0.5961039 0.5763446 0.0265839 0.0148832
2 0.3254311 0.4615319 0.0265839 0.0148831
23 0.6637720 0.4041256 0.0265840 0.0148831
17 0.3930993 0.6337509 0.0265839 0.0148831
24 0.5961039 0.4041256 0.0265839 0.0148831
21 0.3254311 0.5763446 0.0265839 0.0148832
1 0.4607675 0.5763446 0.0265839 0.0148832
22 0.5284357 0.4615319 0.0265839 0.0148831
1 0.7314403 0.5763446 0.0265839 0.0148832
5 0.3254311 0.5189383 0.0265839 0.0148832
