20 0.2024612 0.6182619 0.0264231 0.0155083
19 0.4042373 0.5584443 0.0264230 0.0155082
32 0.3327749 0.5872454 0.4864244 0.4253690
25 0.1352025 0.4388093 0.0264230 0.0155082
31 0.3369786 0.4388093 0.0264231 0.0155082
14 0.4042373 0.4388093 0.0264230 0.0155082
29 0.2024612 0.4986268 0.0264231 0.0155083
18 0.2697199 0.4986268 0.0264231 0.0155083
11 0.2697199 0.5584443 0.0264231 0.0155082
30 0.4714959 0.5584443 0.0264230 0.0155082
1 0.2697199 0.6182619 0.0264231 0.0155083
27 0.3369786 0.6182619 0.0264231 0.0155083
19 0.4042373 0.6182619 0.0264230 0.0155083
12 0.4714959 0.6182619 0.0264230 0.0155083
3 0.5387546 0.6182619 0.0264230 0.0155083
24 0.2024612 0.6780794 0.0264231 0.0155083
8 0.2697199 0.6780794 0.0264231 0.0155083
22 0.5387546 0.6780794 0.0264230 0.0155083
9 0.1352025 0.7378969 0.0264230 0.0155083
10 0.2024612 0.7378969 0.0264231 0.0155083
17 0.2697199 0.7378969 0.0264231 0.0155083
33 0.3369786 0.7378969 0.0624545 0.0598175
25 0.3369786 0.7378969 0.0264231 0.0155083
26 0.4042373 0.7378969 0.0264230 0.0155083
6 0.4714959 0.7378969 0.0264230 0.0155083
5 0.5387546 0.7378969 0.0264230 0.0155083
19 0.4042373 0.4986268 0.0264230 0.0155083
18 0.3369786 0.5584443 0.0264231 0.0155082
2 0.1352025 0.5584443 0.0264230 0.0155082
14 0.4042373 0.6780794 0.0264230 0.0155083
14 0.1352025 0.6182619 0.0264230 0.0155083
6 0.4714959 0.4388093 0.0264230 0.0155082
25 0.5387546 0.4388093 0.0264230 0.0155082
5 0.3369786 0.6780794 0.0264231 0.0155083
29 0.5387546 0.5584443 0.0264230 0.0155082
7 0.2024612 0.5584443 0.0264231 0.0155082
29 0.3369786 0.4986268 0.0264231 0.0155083
1 0.5387546 0.4986268 0.0264230 0.0155083
26 0.4714959 0.4986268 0.0264230 0.0155083
24 0.1352025 0.4986268 0.0264230 0.0155083
6 0.1352025 0.6780794 0.0264230 0.0155083
26 0.4714959 0.6780794 0.0264230 0.0155083
8 0.2697199 0.4388093 0.0264231 0.0155082
27 0.2024612 0.4388093 0.0264231 0.0155082
