4 0.2631065 0.3997598 0.0266321 0.0159848
28 0.2631065 0.2846696 0.0266321 0.0159848
32 0.2637118 0.4226712 0.4902722 0.4092096
22 0.4664787 0.2846696 0.0266321 0.0159848
26 0.1953158 0.3416818 0.0266321 0.0149191
19 0.2631065 0.3416818 0.0266321 0.0149191
14 0.4664787 0.3416818 0.0266321 0.0149191
30 0.0597343 0.3997598 0.0266321 0.0159848
4 0.1275251 0.3997598 0.0266321 0.0159848
27 0.1953158 0.3997598 0.0266321 0.0159848
5 0.3308973 0.3997598 0.0266321 0.0159848
1 0.0597343 0.4573049 0.0266321 0.0159848
15 0.1275251 0.4573049 0.0266321 0.0159848
28 0.3986880 0.4573049 0.0266321 0.0159848
25 0.0597343 0.5148500 0.0266321 0.0159848
21 0.1275251 0.5148500 0.0266321 0.0159848
33 0.3308973 0.5143171 0.0629486 0.0575451
11 0.3308973 0.5148500 0.0266321 0.0159848
17 0.3986880 0.5148500 0.0266321 0.0159848
2 0.4664787 0.5148500 0.0266321 0.0159848
31 0.4664787 0.4573049 0.0266321 0.0159848
1 0.3986880 0.3416818 0.0266321 0.0149191
26 0.1953158 0.5148500 0.0266321 0.0159848
28 0.0597343 0.2846696 0.0266321 0.0159848
9 0.1953158 0.4573049 0.0266321 0.0159848
14 0.4664787 0.3997598 0.0266321 0.0159848
6 0.1953158 0.2846696 0.0266321 0.0159848
18 0.2631065 0.5148500 0.0266321 0.0159848
3 0.3308973 0.4573049 0.0266321 0.0159848
25 0.3986880 0.2846696 0.0266321 0.0159848
15 0.3986880 0.3997598 0.0266321 0.0159848
7 0.1275251 0.2846696 0.0266321 0.0159848
2 0.0597343 0.3416818 0.0266321 0.0149191
2 0.1275251 0.3416818 0.0266321 0.0149191
17 0.3308973 0.2846696 0.0266321 0.0159848
31 0.2631065 0.4573049 0.0266321 0.0159848
30 0.3308973 0.3416818 0.0266321 0.0149191
