20 0.7951775 0.4498179 0.0265227 0.0159656
23 0.7276654 0.3266549 0.0265226 0.0159656
32 0.5884216 0.4794683 0.4882576 0.4379129
14 0.5251289 0.3266549 0.0265226 0.0159656
33 0.6601532 0.3266549 0.0626898 0.0615815
31 0.6601532 0.3266549 0.0265226 0.0159656
4 0.7951775 0.3266549 0.0265227 0.0159656
10 0.3901045 0.3882364 0.0265226 0.0159656
9 0.4576167 0.3882364 0.0265226 0.0159656
24 0.5251289 0.3882364 0.0265226 0.0159656
19 0.7276654 0.3882364 0.0265226 0.0159656
8 0.6601532 0.4498179 0.0265226 0.0159656
25 0.3901045 0.5113994 0.0265226 0.0159656
20 0.4576167 0.5113994 0.0265226 0.0159656
26 0.7276654 0.5113994 0.0265226 0.0159656
17 0.7951775 0.5113994 0.0265227 0.0159656
7 0.3901045 0.5729810 0.0265226 0.0159656
1 0.7276654 0.5729810 0.0265226 0.0159656
18 0.7951775 0.5729810 0.0265227 0.0159656
26 0.3901045 0.3266549 0.0265226 0.0159656
31 0.5251289 0.5113994 0.0265226 0.0159656
31 0.5926411 0.3266549 0.0265226 0.0159656
4 0.5251289 0.5729810 0.0265226 0.0159656
31 0.5926411 0.3882364 0.0265226 0.0159656
17 0.5926411 0.4498179 0.0265226 0.0159656
29 0.6601532 0.5113994 0.0265226 0.0159656
1 0.7276654 0.4498179 0.0265226 0.0159656
21 0.6601532 0.5729810 0.0265226 0.0159656
18 0.4576167 0.5729810 0.0265226 0.0159656
28 0.4576167 0.3266549 0.0265226 0.0159656
4 0.6601532 0.3882364 0.0265226 0.0159656
27 0.7951775 0.3882364 0.0265227 0.0159656
27 0.3901045 0.4498179 0.0265226 0.0159656
20 0.4576167 0.4498179 0.0265226 0.0159656
24 0.5926411 0.5113994 0.0265226 0.0159656
26 0.5926411 0.5729810 0.0265226 0.0159656
16 0.5251289 0.4498179 0.0265226 0.0159656
