10 0.4390703 0.6679916 0.0281334 0.0159585
23 0.5822950 0.5448827 0.0281334 0.0159586
32 0.4345945 0.6360744 0.5179109 0.4377204
15 0.2958455 0.4833282 0.0281334 0.0159586
24 0.3674579 0.4833282 0.0281335 0.0159586
29 0.5822950 0.4833282 0.0281334 0.0159586
33 0.6539074 0.4833282 0.0664972 0.0615544
4 0.6539074 0.4833282 0.0281334 0.0159586
2 0.2242332 0.5448827 0.0281334 0.0159586
25 0.2958455 0.5448827 0.0281334 0.0159586
12 0.2242332 0.6064371 0.0281334 0.0159585
19 0.2958455 0.6064371 0.0281334 0.0159585
27 0.4390703 0.6064371 0.0281334 0.0159585
22 0.2958455 0.6679916 0.0281334 0.0159585
31 0.5822950 0.6679916 0.0281334 0.0159585
10 0.3674579 0.7295460 0.0281335 0.0159585
1 0.4390703 0.7295460 0.0281334 0.0159585
26 0.5106827 0.7295460 0.0281334 0.0159585
9 0.6539074 0.7295460 0.0281334 0.0159585
3 0.2242332 0.4833282 0.0281334 0.0159586
10 0.5106827 0.5448827 0.0281334 0.0159586
2 0.6539074 0.5448827 0.0281334 0.0159586
12 0.5106827 0.6064371 0.0281334 0.0159585
16 0.2242332 0.6679916 0.0281334 0.0159585
14 0.6539074 0.6064371 0.0281334 0.0159585
14 0.2242332 0.7295460 0.0281334 0.0159585
15 0.4390703 0.5448827 0.0281334 0.0159586
29 0.3674579 0.5448827 0.0281335 0.0159586
22 0.5106827 0.4833282 0.0281334 0.0159586
16 0.3674579 0.6679916 0.0281335 0.0159585
17 0.6539074 0.6679916 0.0281334 0.0159585
9 0.4390703 0.4833282 0.0281334 0.0159586
27 0.3674579 0.6064371 0.0281335 0.0159585
29 0.5106827 0.6679916 0.0281334 0.0159585
28 0.2958455 0.7295460 0.0281334 0.0159585
15 0.5822950 0.6064371 0.0281334 0.0159585
3 0.5822950 0.7295460 0.0281334 0.0159585
