22 0.8187740 0.5621469 0.0278137 0.0162733
20 0.8187740 0.5035629 0.0278137 0.0162733
32 0.6070106 0.4683040 0.5120250 0.4165972
23 0.3939829 0.3278110 0.0278137 0.0162733
19 0.5355799 0.3278110 0.0278137 0.0162733
33 0.6063785 0.3272685 0.0657415 0.0585840
22 0.6063785 0.3278110 0.0278137 0.0162733
13 0.8187740 0.3278110 0.0278137 0.0162733
14 0.4647814 0.3858525 0.0278137 0.0151884
1 0.6063785 0.3858525 0.0278137 0.0151884
8 0.3939829 0.4449789 0.0278137 0.0162733
25 0.4647814 0.4449789 0.0278137 0.0162733
17 0.6771770 0.4449789 0.0278137 0.0162733
28 0.7479755 0.4449789 0.0278136 0.0162733
10 0.3939829 0.5035629 0.0278137 0.0162733
31 0.4647814 0.5035629 0.0278137 0.0162733
29 0.6063785 0.5035629 0.0278137 0.0162733
26 0.4647814 0.5621469 0.0278137 0.0162733
6 0.7479755 0.5621469 0.0278136 0.0162733
23 0.4647814 0.3278110 0.0278137 0.0162733
3 0.5355799 0.4449789 0.0278137 0.0162733
31 0.6771770 0.5621469 0.0278137 0.0162733
15 0.5355799 0.5621469 0.0278137 0.0162733
23 0.7479755 0.3858525 0.0278136 0.0151884
25 0.3939829 0.3858525 0.0278137 0.0151884
1 0.7479755 0.5035629 0.0278136 0.0162733
20 0.5355799 0.5035629 0.0278137 0.0162733
20 0.6771770 0.3858525 0.0278137 0.0151884
8 0.3939829 0.5621469 0.0278137 0.0162733
7 0.5355799 0.3858525 0.0278137 0.0151884
22 0.8187740 0.4449789 0.0278137 0.0162733
7 0.6063785 0.5621469 0.0278137 0.0162733
26 0.6063785 0.4449789 0.0278137 0.0162733
21 0.6771770 0.5035629 0.0278137 0.0162733
12 0.6771770 0.3278110 0.0278137 0.0162733
19 0.8187740 0.3858525 0.0278137 0.0151884
30 0.7479755 0.3278110 0.0278136 0.0162733
