19 0.5397578 0.2815078 0.0284920 0.0150525
2 0.3221826 0.4556866 0.0284920 0.0150525
32 0.4626999 0.4255817 0.5245117 0.4128685
20 0.2496575 0.2815078 0.0284920 0.0150525
8 0.3221826 0.2815078 0.0284920 0.0150525
12 0.3947076 0.2815078 0.0284920 0.0150525
26 0.6848080 0.2815078 0.0284920 0.0150525
4 0.2496575 0.3395674 0.0284920 0.0150525
17 0.6122829 0.3395674 0.0284920 0.0150525
15 0.2496575 0.3976270 0.0284920 0.0150525
14 0.3221826 0.3976270 0.0284920 0.0150525
31 0.3947076 0.3976270 0.0284920 0.0150525
5 0.6848080 0.3976270 0.0284920 0.0150525
1 0.2496575 0.4556866 0.0284920 0.0150525
10 0.5397578 0.4556866 0.0284920 0.0150525
33 0.4672327 0.5137463 0.0673447 0.0580596
24 0.4672327 0.5137463 0.0284920 0.0150525
19 0.5397578 0.5137463 0.0284920 0.0150525
30 0.6848080 0.5137463 0.0284920 0.0150525
15 0.3947076 0.5137463 0.0284920 0.0150525
17 0.5397578 0.3976270 0.0284920 0.0150525
7 0.4672327 0.4556866 0.0284920 0.0150525
26 0.6122829 0.5137463 0.0284920 0.0150525
27 0.3221826 0.3395674 0.0284920 0.0150525
15 0.4672327 0.3395674 0.0284920 0.0150525
14 0.6122829 0.4556866 0.0284920 0.0150525
2 0.2496575 0.5137463 0.0284920 0.0150525
16 0.3947076 0.4556866 0.0284920 0.0150525
17 0.5397578 0.3395674 0.0284920 0.0150525
25 0.4672327 0.3976270 0.0284920 0.0150525
15 0.6122829 0.2815078 0.0284920 0.0150525
14 0.3947076 0.3395674 0.0284920 0.0150525
12 0.4672327 0.2815078 0.0284920 0.0150525
11 0.6848080 0.4556866 0.0284920 0.0150525
27 0.6122829 0.3976270 0.0284920 0.0150525
30 0.6848080 0.3395674 0.0284920 0.0150525
14 0.3221826 0.5137463 0.0284920 0.0150525
