27 0.7936162 0.5488380 0.0265039 0.0155115
8 0.5237582 0.6684980 0.0265039 0.0155115
32 0.6544707 0.5776451 0.4879128 0.4254576
19 0.7261517 0.4291781 0.0265039 0.0155115
26 0.5912227 0.4890081 0.0265039 0.0155115
14 0.7261517 0.4890081 0.0265039 0.0155115
2 0.7936162 0.4890081 0.0265039 0.0155115
29 0.7261517 0.5488380 0.0265039 0.0155115
20 0.8610806 0.5488380 0.0265039 0.0155115
33 0.4562938 0.6086681 0.0626456 0.0598300
17 0.4562938 0.6086680 0.0265039 0.0155115
9 0.5237582 0.6086680 0.0265039 0.0155115
7 0.5912227 0.6086680 0.0265039 0.0155115
5 0.6586872 0.6086680 0.0265039 0.0155115
6 0.7261517 0.6086680 0.0265039 0.0155115
25 0.8610806 0.6086680 0.0265039 0.0155115
3 0.4562938 0.6684980 0.0265039 0.0155115
22 0.6586872 0.6684980 0.0265039 0.0155115
23 0.7261517 0.6684980 0.0265039 0.0155115
14 0.4562938 0.5488380 0.0265039 0.0155115
30 0.5237582 0.4890081 0.0265039 0.0155115
9 0.8610806 0.6684980 0.0265039 0.0155115
13 0.6586872 0.4291781 0.0265039 0.0155115
4 0.5912227 0.6684980 0.0265039 0.0155115
5 0.7936162 0.4291781 0.0265039 0.0155115
16 0.8610806 0.4890081 0.0265039 0.0155115
22 0.5912227 0.4291781 0.0265039 0.0155115
15 0.5237582 0.5488380 0.0265039 0.0155115
31 0.6586872 0.4890081 0.0265039 0.0155115
29 0.8610806 0.4291781 0.0265039 0.0155115
11 0.6586872 0.5488380 0.0265039 0.0155115
5 0.5912227 0.5488380 0.0265039 0.0155115
18 0.5237582 0.4291781 0.0265039 0.0155115
25 0.7936162 0.6684980 0.0265039 0.0155115
8 0.4562938 0.4291781 0.0265039 0.0155115
14 0.4562938 0.4890081 0.0265039 0.0155115
30 0.7936162 0.6086680 0.0265039 0.0155115
