19 0.5553689 0.6599140 0.0278078 0.0156763
1 0.6969360 0.7203798 0.0278078 0.0156763
32 0.5509449 0.5680957 0.5119167 0.4299786
21 0.3430183 0.4180511 0.0278078 0.0156763
17 0.4138018 0.4180511 0.0278078 0.0156763
1 0.6261524 0.4180511 0.0278078 0.0156763
5 0.3430183 0.4785168 0.0278078 0.0156763
33 0.5553689 0.4785168 0.0657275 0.0604657
26 0.5553689 0.4785168 0.0278078 0.0156763
15 0.6261524 0.4785168 0.0278078 0.0156763
8 0.7677196 0.4785168 0.0278078 0.0156763
22 0.4138018 0.5389825 0.0278078 0.0156763
11 0.4845853 0.5389825 0.0278078 0.0156763
16 0.5553689 0.5389825 0.0278078 0.0156763
23 0.6261524 0.5389825 0.0278078 0.0156763
6 0.6969360 0.5389825 0.0278078 0.0156763
12 0.7677196 0.5389825 0.0278078 0.0156763
18 0.4138018 0.5994483 0.0278078 0.0156763
29 0.5553689 0.5994483 0.0278078 0.0156763
26 0.6969360 0.5994483 0.0278078 0.0156763
19 0.4138018 0.6599140 0.0278078 0.0156763
4 0.6969360 0.6599140 0.0278078 0.0156763
20 0.7677196 0.6599140 0.0278078 0.0156763
3 0.4138018 0.7203798 0.0278078 0.0156763
10 0.4845853 0.7203798 0.0278078 0.0156763
31 0.6261524 0.7203798 0.0278078 0.0156763
2 0.7677196 0.4180511 0.0278078 0.0156763
3 0.5553689 0.4180511 0.0278078 0.0156763
21 0.6261524 0.6599140 0.0278078 0.0156763
25 0.4845853 0.4180511 0.0278078 0.0156763
6 0.3430183 0.5389825 0.0278078 0.0156763
26 0.7677196 0.7203798 0.0278078 0.0156763
14 0.7677196 0.5994483 0.0278078 0.0156763
14 0.3430183 0.6599140 0.0278078 0.0156763
26 0.4845853 0.6599140 0.0278078 0.0156763
15 0.4845853 0.4785168 0.0278078 0.0156763
8 0.6969360 0.4180511 0.0278078 0.0156763
10 0.5553689 0.7203798 0.0278078 0.0156763
2 0.4138018 0.4785168 0.0278078 0.0156763
14 0.4845853 0.5994483 0.0278078 0.0156763
17 0.3430183 0.7203798 0.0278078 0.0156763
26 0.3430183 0.5994483 0.0278078 0.0156763
15 0.6261524 0.5994483 0.0278078 0.0156763
29 0.6969360 0.4785168 0.0278078 0.0156763
