28 0.2207663 0.7542141 0.0286508 0.0149234
17 0.3666251 0.7542141 0.0286508 0.0149234
32 0.4402057 0.6049804 0.5274359 0.4093266
33 0.2207663 0.4664063 0.0677202 0.0575615
15 0.2207663 0.4669393 0.0286508 0.0159893
28 0.2936958 0.4669393 0.0286508 0.0159893
23 0.3666251 0.4669393 0.0286508 0.0159893
24 0.4395545 0.4669393 0.0286509 0.0159893
16 0.5124840 0.4669393 0.0286509 0.0159893
21 0.5854134 0.4669393 0.0286508 0.0159893
10 0.3666251 0.5239678 0.0286508 0.0149234
18 0.2207663 0.5820624 0.0286508 0.0159893
17 0.2936958 0.5820624 0.0286508 0.0159893
14 0.4395545 0.5820624 0.0286509 0.0159893
8 0.5124840 0.5820624 0.0286509 0.0159893
26 0.5854134 0.5820624 0.0286508 0.0159893
22 0.2207663 0.6396240 0.0286508 0.0159893
3 0.3666251 0.6396240 0.0286508 0.0159893
13 0.5124840 0.6396240 0.0286509 0.0159893
11 0.6583427 0.6396240 0.0286508 0.0159893
20 0.3666251 0.6971855 0.0286508 0.0159893
15 0.4395545 0.6971855 0.0286509 0.0159893
1 0.5124840 0.6971855 0.0286509 0.0159893
19 0.5854134 0.6971855 0.0286508 0.0159893
7 0.5124840 0.7542141 0.0286509 0.0149234
29 0.6583427 0.7542141 0.0286508 0.0149234
6 0.6583427 0.5239678 0.0286508 0.0149234
31 0.5854134 0.6396240 0.0286508 0.0159893
2 0.4395545 0.5239678 0.0286509 0.0149234
2 0.5124840 0.5239678 0.0286509 0.0149234
21 0.2207663 0.6971855 0.0286508 0.0159893
9 0.2936958 0.6396240 0.0286508 0.0159893
27 0.5854134 0.7542141 0.0286508 0.0149234
25 0.6583427 0.5820624 0.0286508 0.0159893
6 0.6583427 0.6971855 0.0286508 0.0159893
11 0.6583427 0.4669393 0.0286508 0.0159893
24 0.2936958 0.7542141 0.0286508 0.0149234
14 0.5854134 0.5239678 0.0286508 0.0149234
26 0.2936958 0.6971855 0.0286508 0.0159893
13 0.3666251 0.5820624 0.0286508 0.0159893
6 0.4395545 0.6396240 0.0286509 0.0159893
23 0.4395545 0.7542141 0.0286509 0.0149234
4 0.2936958 0.5239678 0.0286508 0.0149234
10 0.2207663 0.5239678 0.0286508 0.0149234
