24 0.4617596 0.3246323 0.0273460 0.0148104
31 0.3921515 0.2675066 0.0273460 0.0148104
32 0.4574091 0.4092630 0.5034157 0.4062275
33 0.2529353 0.2675066 0.0646361 0.0571258
28 0.2529353 0.2675066 0.0273460 0.0148104
15 0.3225434 0.2675066 0.0273460 0.0148104
9 0.4617596 0.2675066 0.0273460 0.0148104
29 0.6009758 0.2675066 0.0273460 0.0148104
3 0.6705839 0.2675066 0.0273460 0.0148104
24 0.2529353 0.3246323 0.0273460 0.0148104
10 0.5313676 0.3246323 0.0273460 0.0148104
17 0.6009758 0.3246323 0.0273460 0.0148104
18 0.2529353 0.3817581 0.0273460 0.0148104
22 0.3921515 0.3817581 0.0273460 0.0148104
14 0.4617596 0.3817581 0.0273460 0.0148104
20 0.6009758 0.3817581 0.0273460 0.0148104
25 0.6705839 0.3817581 0.0273460 0.0148104
26 0.3921515 0.4388838 0.0273460 0.0148104
13 0.6705839 0.4388838 0.0273460 0.0148104
7 0.3225434 0.4960095 0.0273460 0.0148104
31 0.3921515 0.4960095 0.0273460 0.0148104
4 0.4617596 0.4960095 0.0273460 0.0148104
1 0.5313676 0.4960095 0.0273460 0.0148104
6 0.2529353 0.5531353 0.0273460 0.0148104
27 0.3921515 0.5531353 0.0273460 0.0148104
5 0.4617596 0.5531353 0.0273460 0.0148104
25 0.4617596 0.4388838 0.0273460 0.0148104
6 0.5313676 0.5531353 0.0273460 0.0148104
22 0.6009758 0.5531353 0.0273460 0.0148104
2 0.3225434 0.5531353 0.0273460 0.0148104
29 0.2529353 0.4960095 0.0273460 0.0148104
15 0.6705839 0.5531353 0.0273460 0.0148104
4 0.3225434 0.3246323 0.0273460 0.0148104
29 0.5313676 0.4388838 0.0273460 0.0148104
11 0.5313676 0.2675066 0.0273460 0.0148104
20 0.6705839 0.3246323 0.0273460 0.0148104
18 0.6009758 0.4388838 0.0273460 0.0148104
29 0.6009758 0.4960095 0.0273460 0.0148104
19 0.6705839 0.4960095 0.0273460 0.0148104
27 0.5313676 0.3817581 0.0273460 0.0148104
10 0.3225434 0.3817581 0.0273460 0.0148104
6 0.3921515 0.3246323 0.0273460 0.0148104
20 0.3225434 0.4388838 0.0273460 0.0148104
5 0.2529353 0.4388838 0.0273460 0.0148104
