28 0.4528162 0.5246353 0.0276804 0.0151703
27 0.3823569 0.4076073 0.0276804 0.0151703
32 0.3779532 0.5528087 0.5095713 0.4160997
21 0.1709792 0.4076073 0.0276804 0.0151703
1 0.2414384 0.4076073 0.0276804 0.0151703
15 0.5937346 0.4076073 0.0276804 0.0151703
8 0.1709792 0.4661213 0.0276804 0.0151703
30 0.2414384 0.4661213 0.0276804 0.0151703
4 0.3823569 0.4661213 0.0276804 0.0151703
7 0.1709792 0.5246353 0.0276804 0.0151703
29 0.2414384 0.5246353 0.0276804 0.0151703
9 0.3118977 0.5246353 0.0276804 0.0151703
33 0.5937347 0.5246353 0.0654264 0.0585140
29 0.5937346 0.5246353 0.0276804 0.0151703
27 0.2414384 0.5831493 0.0276804 0.0151703
13 0.3118977 0.5831493 0.0276804 0.0151703
10 0.5937346 0.5831493 0.0276804 0.0151703
17 0.1709792 0.6416633 0.0276804 0.0151703
6 0.3823569 0.6416633 0.0276804 0.0151703
21 0.5232754 0.5246353 0.0276804 0.0151703
15 0.3118977 0.4076073 0.0276804 0.0151703
15 0.3118977 0.6416633 0.0276804 0.0151703
17 0.5937346 0.4661213 0.0276804 0.0151703
28 0.3823569 0.5246353 0.0276804 0.0151703
3 0.4528162 0.5831493 0.0276804 0.0151703
16 0.4528162 0.4661213 0.0276804 0.0151703
20 0.4528162 0.6416633 0.0276804 0.0151703
29 0.2414384 0.6416633 0.0276804 0.0151703
23 0.3823569 0.5831493 0.0276804 0.0151703
3 0.3118977 0.4661213 0.0276804 0.0151703
25 0.5232754 0.4661213 0.0276804 0.0151703
16 0.1709792 0.5831493 0.0276804 0.0151703
2 0.5232754 0.4076073 0.0276804 0.0151703
5 0.4528162 0.4076073 0.0276804 0.0151703
3 0.5232754 0.6416633 0.0276804 0.0151703
23 0.5937346 0.6416633 0.0276804 0.0151703
24 0.5232754 0.5831493 0.0276804 0.0151703
