11 0.3266133 0.6899776 0.0286066 0.0162065
6 0.6178806 0.5655348 0.0286066 0.0173641
32 0.4728971 0.5279126 0.5266217 0.4445214
15 0.3266133 0.3780023 0.0286066 0.0173641
6 0.4722470 0.3780023 0.0286066 0.0173641
17 0.5450638 0.3780023 0.0286066 0.0173641
10 0.2537965 0.4399344 0.0286066 0.0162065
30 0.3266133 0.4399344 0.0286066 0.0162065
23 0.6906975 0.4399344 0.0286066 0.0162065
11 0.3266133 0.5030240 0.0286066 0.0173642
22 0.3994302 0.5030240 0.0286066 0.0173642
8 0.4722470 0.5030240 0.0286066 0.0173642
28 0.5450638 0.5030240 0.0286066 0.0173642
2 0.6178806 0.5030240 0.0286066 0.0173642
9 0.2537965 0.5655348 0.0286066 0.0173641
5 0.3266133 0.5655348 0.0286066 0.0173641
1 0.3994302 0.5655348 0.0286066 0.0173641
33 0.5450638 0.5649560 0.0676156 0.0625109
16 0.5450638 0.5655348 0.0286066 0.0173641
24 0.4722470 0.6280457 0.0286066 0.0173642
31 0.5450638 0.6280457 0.0286066 0.0173642
21 0.6178806 0.6280457 0.0286066 0.0173642
4 0.6906975 0.6280457 0.0286066 0.0173642
19 0.3994302 0.6899776 0.0286066 0.0162065
29 0.4722470 0.6899776 0.0286066 0.0162065
25 0.6906975 0.6899776 0.0286066 0.0162065
29 0.6906975 0.5655348 0.0286066 0.0173641
7 0.2537965 0.6899776 0.0286066 0.0162065
28 0.2537965 0.6280457 0.0286066 0.0173642
13 0.2537965 0.5030240 0.0286066 0.0173642
8 0.3994302 0.3780023 0.0286066 0.0173641
15 0.2537965 0.3780023 0.0286066 0.0173641
27 0.5450638 0.4399344 0.0286066 0.0162065
27 0.3994302 0.6280457 0.0286066 0.0173642
25 0.3266133 0.6280457 0.0286066 0.0173642
4 0.3994302 0.4399344 0.0286066 0.0162065
13 0.6178806 0.6899776 0.0286066 0.0162065
28 0.6906975 0.5030240 0.0286066 0.0173642
17 0.4722470 0.5655348 0.0286066 0.0173641
16 0.6906975 0.3780023 0.0286066 0.0173641
31 0.6178806 0.4399344 0.0286066 0.0162065
15 0.5450638 0.6899776 0.0286066 0.0162065
31 0.4722470 0.4399344 0.0286066 0.0162065
25 0.6178806 0.3780023 0.0286066 0.0173641
