24 0.6626009 0.7191353 0.0280613 0.0151290
30 0.2340279 0.5440714 0.0280613 0.0151290
32 0.4438501 0.6305227 0.5165834 0.4149662
16 0.3054567 0.4857168 0.0280613 0.0151290
15 0.4483144 0.4857168 0.0280613 0.0151290
13 0.5197432 0.4857168 0.0280613 0.0151290
7 0.3768856 0.5440714 0.0280613 0.0151290
2 0.4483144 0.5440714 0.0280613 0.0151290
20 0.2340279 0.6024260 0.0280613 0.0151290
33 0.3054567 0.6024260 0.0663268 0.0583546
21 0.3054567 0.6024260 0.0280613 0.0151290
9 0.3768856 0.6024260 0.0280613 0.0151290
22 0.5197432 0.6024260 0.0280613 0.0151290
14 0.5911720 0.6024260 0.0280613 0.0151290
29 0.3768856 0.6607806 0.0280613 0.0151290
10 0.5911720 0.6607806 0.0280613 0.0151290
1 0.2340279 0.7191353 0.0280613 0.0151290
12 0.3768856 0.7191353 0.0280613 0.0151290
17 0.5911720 0.7191353 0.0280613 0.0151290
2 0.3054567 0.7191353 0.0280613 0.0151290
21 0.5197432 0.6607806 0.0280613 0.0151290
15 0.3054567 0.6607806 0.0280613 0.0151290
30 0.2340279 0.4857168 0.0280613 0.0151290
1 0.4483144 0.7191353 0.0280613 0.0151290
20 0.5911720 0.5440714 0.0280613 0.0151290
22 0.6626009 0.6607806 0.0280613 0.0151290
31 0.3768856 0.4857168 0.0280613 0.0151290
24 0.4483144 0.6024260 0.0280613 0.0151290
22 0.6626009 0.4857168 0.0280613 0.0151290
9 0.3054567 0.5440714 0.0280613 0.0151290
10 0.2340279 0.6607806 0.0280613 0.0151290
7 0.5197432 0.7191353 0.0280613 0.0151290
9 0.6626009 0.6024260 0.0280613 0.0151290
6 0.5197432 0.5440714 0.0280613 0.0151290
15 0.4483144 0.6607806 0.0280613 0.0151290
1 0.5911720 0.4857168 0.0280613 0.0151290
7 0.6626009 0.5440714 0.0280613 0.0151290
