18 0.1737041 0.4722284 0.0287168 0.0154903
3 0.4660937 0.6514730 0.0287168 0.0154902
32 0.3153303 0.5607443 0.5286508 0.4248760
30 0.1737041 0.4124802 0.0287168 0.0154902
25 0.3198989 0.4124802 0.0287169 0.0154902
29 0.4660937 0.4124802 0.0287168 0.0154902
16 0.5391911 0.4124802 0.0287168 0.0154902
12 0.2468015 0.4722284 0.0287168 0.0154903
14 0.5391911 0.4722284 0.0287168 0.0154903
33 0.1006067 0.5319766 0.0678761 0.0597481
27 0.1006067 0.5319766 0.0287168 0.0154903
22 0.1737041 0.5319766 0.0287168 0.0154903
1 0.3198989 0.5319766 0.0287169 0.0154903
11 0.3929963 0.5319766 0.0287169 0.0154903
28 0.2468015 0.5917247 0.0287168 0.0154902
21 0.4660937 0.5917247 0.0287168 0.0154902
31 0.1006067 0.6514730 0.0287168 0.0154902
27 0.3929963 0.6514730 0.0287169 0.0154902
20 0.5391911 0.6514730 0.0287168 0.0154902
25 0.3198989 0.5917247 0.0287169 0.0154902
28 0.3929963 0.4124802 0.0287169 0.0154902
16 0.3198989 0.4722284 0.0287169 0.0154903
30 0.1006067 0.4722284 0.0287168 0.0154903
4 0.5391911 0.5917247 0.0287168 0.0154902
1 0.1006067 0.5917247 0.0287168 0.0154902
28 0.3929963 0.5917247 0.0287169 0.0154902
8 0.2468015 0.5319766 0.0287168 0.0154903
11 0.5391911 0.5319766 0.0287168 0.0154903
27 0.3929963 0.4722284 0.0287169 0.0154903
12 0.4660937 0.4722284 0.0287168 0.0154903
18 0.1737041 0.5917247 0.0287168 0.0154902
15 0.3198989 0.6514730 0.0287169 0.0154902
30 0.1737041 0.6514730 0.0287168 0.0154902
3 0.4660937 0.5319766 0.0287168 0.0154903
15 0.1006067 0.4124802 0.0287168 0.0154902
27 0.2468015 0.6514730 0.0287168 0.0154902
12 0.2468015 0.4124802 0.0287168 0.0154902
