8 0.5077678 0.6617204 0.0266092 0.0162446
22 0.3723027 0.5364050 0.0266092 0.0162446
32 0.3680694 0.6292312 0.4898515 0.4455660
25 0.2368376 0.4737473 0.0266092 0.0162446
11 0.4400352 0.4737473 0.0266092 0.0162446
19 0.5077678 0.4737473 0.0266092 0.0162446
33 0.5755004 0.4737473 0.0628945 0.0626577
15 0.5755004 0.4737473 0.0266092 0.0162446
24 0.2368376 0.5364050 0.0266092 0.0162446
12 0.4400352 0.5364050 0.0266092 0.0162446
23 0.5077678 0.5364050 0.0266092 0.0162446
17 0.5755004 0.5364050 0.0266092 0.0162446
10 0.1691050 0.5990627 0.0266092 0.0162446
16 0.2368376 0.5990627 0.0266092 0.0162446
2 0.3723027 0.5990627 0.0266092 0.0162446
18 0.5755004 0.5990627 0.0266092 0.0162446
31 0.1691050 0.6617204 0.0266092 0.0162446
8 0.2368376 0.6617204 0.0266092 0.0162446
14 0.5755004 0.6617204 0.0266092 0.0162446
30 0.2368376 0.7243781 0.0266092 0.0162446
28 0.3045702 0.7243781 0.0266092 0.0162446
15 0.3723027 0.7243781 0.0266092 0.0162446
29 0.4400352 0.7243781 0.0266092 0.0162446
27 0.5755004 0.7243781 0.0266092 0.0162446
21 0.3045702 0.7870359 0.0266092 0.0162446
1 0.3723027 0.7870359 0.0266092 0.0162446
8 0.1691050 0.5364050 0.0266092 0.0162446
10 0.1691050 0.7870359 0.0266092 0.0162446
26 0.3045702 0.6617204 0.0266092 0.0162446
23 0.2368376 0.7870359 0.0266092 0.0162446
29 0.3723027 0.6617204 0.0266092 0.0162446
11 0.3045702 0.5990627 0.0266092 0.0162446
15 0.4400352 0.5990627 0.0266092 0.0162446
15 0.5077678 0.7870359 0.0266092 0.0162446
25 0.4400352 0.7870359 0.0266092 0.0162446
28 0.3045702 0.4737473 0.0266092 0.0162446
22 0.5755004 0.7870359 0.0266092 0.0162446
29 0.3045702 0.5364050 0.0266092 0.0162446
9 0.1691050 0.7243781 0.0266092 0.0162446
14 0.5077678 0.5990627 0.0266092 0.0162446
1 0.3723027 0.4737473 0.0266092 0.0162446
15 0.1691050 0.4737473 0.0266092 0.0162446
27 0.5077678 0.7243781 0.0266092 0.0162446
6 0.4400352 0.6617204 0.0266092 0.0162446
