14 0.2685697 0.3959163 0.0265614 0.0153180
7 0.4714025 0.3959163 0.0265615 0.0153180
32 0.4671769 0.5425313 0.4889719 0.4201504
1 0.4037916 0.3959163 0.0265614 0.0153180
23 0.6066244 0.3959163 0.0265615 0.0153180
16 0.4037916 0.4550000 0.0265614 0.0153180
2 0.4714025 0.4550000 0.0265615 0.0153180
29 0.2685697 0.5140836 0.0265614 0.0153180
6 0.6742354 0.5140836 0.0265614 0.0153180
22 0.2685697 0.5731673 0.0265614 0.0153180
33 0.3361806 0.5731673 0.0627816 0.0590837
6 0.3361806 0.5731673 0.0265614 0.0153180
5 0.6066244 0.5731673 0.0265615 0.0153180
12 0.6742354 0.5731673 0.0265614 0.0153180
14 0.4037916 0.6322510 0.0265614 0.0153180
19 0.4714025 0.6322510 0.0265615 0.0153180
7 0.5390134 0.6322510 0.0265614 0.0153180
26 0.6066244 0.6322510 0.0265615 0.0153180
3 0.6742354 0.6322510 0.0265614 0.0153180
3 0.5390134 0.5140836 0.0265614 0.0153180
4 0.5390134 0.4550000 0.0265614 0.0153180
17 0.6066244 0.5140836 0.0265615 0.0153180
4 0.3361806 0.5140836 0.0265614 0.0153180
15 0.6742354 0.4550000 0.0265614 0.0153180
6 0.2685697 0.6322510 0.0265614 0.0153180
8 0.3361806 0.4550000 0.0265614 0.0153180
30 0.6066244 0.4550000 0.0265615 0.0153180
22 0.6742354 0.3959163 0.0265614 0.0153180
24 0.4714025 0.5140836 0.0265615 0.0153180
20 0.3361806 0.3959163 0.0265614 0.0153180
25 0.4714025 0.5731673 0.0265615 0.0153180
1 0.3361806 0.6322510 0.0265614 0.0153180
31 0.4037916 0.5731673 0.0265614 0.0153180
26 0.5390134 0.3959163 0.0265614 0.0153180
4 0.4037916 0.5140836 0.0265614 0.0153180
3 0.5390134 0.5731673 0.0265614 0.0153180
4 0.2685697 0.4550000 0.0265614 0.0153180
