29 0.5742681 0.5050557 0.0270966 0.0148700
10 0.4363217 0.6771226 0.0270966 0.0148699
32 0.6389305 0.5900270 0.4988240 0.4078621
19 0.4363217 0.4477001 0.0270966 0.0148700
21 0.5052949 0.4477001 0.0270966 0.0148700
13 0.5742681 0.4477001 0.0270966 0.0148700
15 0.6432413 0.4477001 0.0270966 0.0148700
5 0.7811877 0.4477001 0.0270966 0.0148700
11 0.8501610 0.4477001 0.0270966 0.0148700
24 0.5052949 0.5050557 0.0270966 0.0148700
22 0.4363217 0.5624114 0.0270966 0.0148700
7 0.6432413 0.5624114 0.0270966 0.0148700
2 0.7122145 0.5624114 0.0270966 0.0148700
25 0.8501610 0.5624114 0.0270966 0.0148700
10 0.4363217 0.6197670 0.0270966 0.0148701
6 0.7122145 0.6197670 0.0270966 0.0148701
33 0.8501610 0.6197670 0.0640466 0.0573557
12 0.8501610 0.6197670 0.0270966 0.0148701
9 0.5052949 0.6771226 0.0270966 0.0148699
17 0.5742681 0.6771226 0.0270966 0.0148699
18 0.6432413 0.6771226 0.0270966 0.0148699
27 0.7122145 0.6771226 0.0270966 0.0148699
3 0.7811877 0.6771226 0.0270966 0.0148699
20 0.8501610 0.6771226 0.0270966 0.0148699
8 0.5052949 0.7344782 0.0270966 0.0148701
4 0.7122145 0.7344782 0.0270966 0.0148701
18 0.7122145 0.4477001 0.0270966 0.0148700
21 0.6432413 0.5050557 0.0270966 0.0148700
13 0.7811877 0.5624114 0.0270966 0.0148700
17 0.4363217 0.5050557 0.0270966 0.0148700
27 0.8501610 0.7344782 0.0270966 0.0148701
9 0.6432413 0.6197670 0.0270966 0.0148701
10 0.7122145 0.5050557 0.0270966 0.0148700
18 0.4363217 0.7344782 0.0270966 0.0148701
12 0.7811877 0.5050557 0.0270966 0.0148700
7 0.5742681 0.6197670 0.0270966 0.0148701
25 0.5052949 0.5624114 0.0270966 0.0148700
20 0.7811877 0.7344782 0.0270966 0.0148701
24 0.8501610 0.5050557 0.0270966 0.0148700
1 0.5052949 0.6197670 0.0270966 0.0148701
5 0.7811877 0.6197670 0.0270966 0.0148701
1 0.5742681 0.7344782 0.0270966 0.0148701
22 0.6432413 0.7344782 0.0270966 0.0148701
18 0.5742681 0.5624114 0.0270966 0.0148700
