28 0.4785573 0.3669307 0.0267294 0.0148465
2 0.6826727 0.4814605 0.0267294 0.0148465
32 0.4743049 0.4517676 0.4920638 0.4072169
7 0.4785573 0.3096659 0.0267294 0.0148465
12 0.5465958 0.3096659 0.0267294 0.0148465
11 0.6826727 0.3096659 0.0267294 0.0148465
19 0.6146342 0.3669307 0.0267294 0.0148465
10 0.4105188 0.4241956 0.0267294 0.0148465
3 0.5465958 0.4241956 0.0267294 0.0148465
8 0.6146342 0.4241956 0.0267294 0.0148465
24 0.6826727 0.4241956 0.0267294 0.0148465
31 0.2744419 0.4814605 0.0267294 0.0148465
14 0.6146342 0.4814605 0.0267294 0.0148465
15 0.3424804 0.5387254 0.0267294 0.0148465
21 0.4105188 0.5387254 0.0267294 0.0148465
30 0.4785573 0.5387254 0.0267294 0.0148465
2 0.6146342 0.5387254 0.0267294 0.0148465
33 0.6826727 0.5387253 0.0631786 0.0572649
9 0.6826727 0.5387254 0.0267294 0.0148465
3 0.5465958 0.3669307 0.0267294 0.0148465
23 0.2744419 0.3096659 0.0267294 0.0148465
21 0.4785573 0.4241956 0.0267294 0.0148465
30 0.3424804 0.3669307 0.0267294 0.0148465
2 0.3424804 0.3096659 0.0267294 0.0148465
6 0.6826727 0.3669307 0.0267294 0.0148465
31 0.2744419 0.3669307 0.0267294 0.0148465
15 0.2744419 0.5387254 0.0267294 0.0148465
3 0.4105188 0.3096659 0.0267294 0.0148465
13 0.3424804 0.4814605 0.0267294 0.0148465
1 0.4105188 0.3669307 0.0267294 0.0148465
13 0.2744419 0.4241956 0.0267294 0.0148465
23 0.4105188 0.4814605 0.0267294 0.0148465
25 0.5465958 0.5387254 0.0267294 0.0148465
16 0.3424804 0.4241956 0.0267294 0.0148465
29 0.5465958 0.4814605 0.0267294 0.0148465
25 0.6146342 0.3096659 0.0267294 0.0148465
18 0.4785573 0.4814605 0.0267294 0.0148465
