30 0.3212180 0.2384534 0.0262474 0.0153224
7 0.4548412 0.4157553 0.0262474 0.0153224
32 0.3170422 0.3851105 0.4831914 0.4202712
24 0.1875946 0.2384534 0.0262474 0.0153224
6 0.2544063 0.2384534 0.0262474 0.0153224
14 0.3880296 0.2384534 0.0262474 0.0153224
18 0.5216529 0.2384534 0.0262474 0.0153224
8 0.3212180 0.2975540 0.0262474 0.0153224
20 0.4548412 0.2975540 0.0262474 0.0153224
19 0.1207830 0.3566546 0.0262474 0.0153223
17 0.1875946 0.3566546 0.0262474 0.0153223
11 0.4548412 0.3566546 0.0262474 0.0153223
26 0.1207830 0.4157553 0.0262474 0.0153224
7 0.1875946 0.4157553 0.0262474 0.0153224
33 0.2544063 0.4157553 0.0620394 0.0591006
5 0.2544063 0.4157553 0.0262474 0.0153224
1 0.3212180 0.4157553 0.0262474 0.0153224
12 0.5216529 0.4157553 0.0262474 0.0153224
22 0.1207830 0.4748559 0.0262474 0.0153224
10 0.2544063 0.4748559 0.0262474 0.0153224
5 0.3212180 0.4748559 0.0262474 0.0153224
3 0.3880296 0.4748559 0.0262474 0.0153224
23 0.4548412 0.4748559 0.0262474 0.0153224
16 0.1875946 0.5339565 0.0262474 0.0153223
25 0.3212180 0.5339565 0.0262474 0.0153223
31 0.3880296 0.5339565 0.0262474 0.0153223
1 0.1207830 0.5339565 0.0262474 0.0153223
10 0.2544063 0.5339565 0.0262474 0.0153223
3 0.4548412 0.2384534 0.0262474 0.0153224
17 0.1207830 0.2384534 0.0262474 0.0153224
24 0.5216529 0.5339565 0.0262474 0.0153223
31 0.1875946 0.4748559 0.0262474 0.0153224
26 0.3880296 0.3566546 0.0262474 0.0153223
6 0.2544063 0.3566546 0.0262474 0.0153223
15 0.1875946 0.2975540 0.0262474 0.0153224
14 0.3212180 0.3566546 0.0262474 0.0153223
25 0.5216529 0.3566546 0.0262474 0.0153223
21 0.1207830 0.2975540 0.0262474 0.0153224
3 0.5216529 0.2975540 0.0262474 0.0153224
3 0.3880296 0.2975540 0.0262474 0.0153224
18 0.2544063 0.2975540 0.0262474 0.0153224
25 0.4548412 0.5339565 0.0262474 0.0153223
8 0.3880296 0.4157553 0.0262474 0.0153224
1 0.5216529 0.4748559 0.0262474 0.0153224
