20 0.4898325 0.5409067 0.0264153 0.0157052
14 0.4225936 0.4803293 0.0264153 0.0157053
32 0.3511523 0.5700736 0.4862812 0.4307731
18 0.1536381 0.4197518 0.0264153 0.0157053
17 0.4225936 0.4197518 0.0264153 0.0157053
11 0.1536381 0.4803293 0.0264153 0.0157053
33 0.2208770 0.4803293 0.0624361 0.0605775
7 0.2208770 0.4803293 0.0264153 0.0157053
26 0.4898325 0.4803293 0.0264153 0.0157053
1 0.3553548 0.5409067 0.0264153 0.0157052
19 0.2208770 0.6014842 0.0264153 0.0157052
7 0.2881159 0.6014842 0.0264153 0.0157052
24 0.3553548 0.6014842 0.0264153 0.0157052
3 0.4225936 0.6014842 0.0264153 0.0157052
4 0.4898325 0.6014842 0.0264153 0.0157052
6 0.1536381 0.6620616 0.0264153 0.0157052
13 0.2881159 0.6620616 0.0264153 0.0157052
21 0.3553548 0.6620616 0.0264153 0.0157052
30 0.4898325 0.6620616 0.0264153 0.0157052
23 0.5570714 0.4803293 0.0264153 0.0157053
30 0.3553548 0.4803293 0.0264153 0.0157053
27 0.2208770 0.5409067 0.0264153 0.0157052
28 0.2208770 0.6620616 0.0264153 0.0157052
7 0.4898325 0.4197518 0.0264153 0.0157053
25 0.2881159 0.5409067 0.0264153 0.0157052
26 0.1536381 0.5409067 0.0264153 0.0157052
21 0.5570714 0.4197518 0.0264153 0.0157053
5 0.5570714 0.5409067 0.0264153 0.0157052
25 0.5570714 0.6620616 0.0264153 0.0157052
6 0.2881159 0.4803293 0.0264153 0.0157053
23 0.4225936 0.5409067 0.0264153 0.0157052
17 0.2881159 0.4197518 0.0264153 0.0157053
5 0.2208770 0.4197518 0.0264153 0.0157053
30 0.4225936 0.6620616 0.0264153 0.0157052
13 0.3553548 0.4197518 0.0264153 0.0157053
18 0.1536381 0.6014842 0.0264153 0.0157052
24 0.5570714 0.6014842 0.0264153 0.0157052
