13 0.4962225 0.5720667 0.0282296 0.0169110
2 0.6399366 0.5720667 0.0282296 0.0169110
32 0.4968641 0.4745465 0.5196804 0.4329220
9 0.3525084 0.3285480 0.0282296 0.0169110
10 0.4962225 0.3285480 0.0282296 0.0169110
1 0.5680795 0.3285480 0.0282295 0.0169110
6 0.2806514 0.3888640 0.0282296 0.0157836
20 0.3525084 0.3888640 0.0282296 0.0157836
23 0.7117936 0.3888640 0.0282295 0.0157836
15 0.2806514 0.4503073 0.0282296 0.0169110
29 0.3525084 0.4503073 0.0282296 0.0169110
25 0.6399366 0.4503073 0.0282296 0.0169110
16 0.7117936 0.4503073 0.0282295 0.0169110
13 0.3525084 0.5111870 0.0282296 0.0169111
2 0.4243655 0.5111870 0.0282296 0.0169111
12 0.5680795 0.5111870 0.0282295 0.0169111
21 0.6399366 0.5111870 0.0282296 0.0169111
22 0.7117936 0.5111870 0.0282295 0.0169111
17 0.2806514 0.5720667 0.0282296 0.0169110
19 0.3525084 0.5720667 0.0282296 0.0169110
33 0.5680795 0.5715030 0.0667244 0.0608797
17 0.5680795 0.5720667 0.0282295 0.0169110
26 0.3525084 0.6323826 0.0282296 0.0157836
8 0.4962225 0.6323826 0.0282296 0.0157836
30 0.5680795 0.6323826 0.0282295 0.0157836
18 0.6399366 0.6323826 0.0282296 0.0157836
18 0.4962225 0.5111870 0.0282296 0.0169111
19 0.4243655 0.3285480 0.0282296 0.0169110
30 0.2806514 0.6323826 0.0282296 0.0157836
16 0.4243655 0.6323826 0.0282296 0.0157836
19 0.2806514 0.5111870 0.0282296 0.0169111
12 0.4243655 0.5720667 0.0282296 0.0169110
29 0.2806514 0.3285480 0.0282296 0.0169110
31 0.4962225 0.4503073 0.0282296 0.0169110
18 0.7117936 0.3285480 0.0282295 0.0169110
16 0.4243655 0.4503073 0.0282296 0.0169110
12 0.5680795 0.4503073 0.0282295 0.0169110
20 0.5680795 0.3888640 0.0282295 0.0157836
21 0.4243655 0.3888640 0.0282296 0.0157836
24 0.7117936 0.5720667 0.0282295 0.0169110
21 0.7117936 0.6323826 0.0282295 0.0157836
3 0.6399366 0.3888640 0.0282296 0.0157836
21 0.4962225 0.3888640 0.0282296 0.0157836
9 0.6399366 0.3285480 0.0282296 0.0169110
