30 0.7081995 0.2606137 0.0277093 0.0159917
4 0.5671342 0.4456611 0.0277093 0.0159918
32 0.6332585 0.4136776 0.5101022 0.4386307
27 0.4966015 0.2606137 0.0277093 0.0159917
21 0.6376669 0.2606137 0.0277092 0.0159917
8 0.7787321 0.2606137 0.0277093 0.0159917
2 0.7081995 0.3222962 0.0277093 0.0159918
14 0.8492648 0.3222962 0.0277093 0.0159918
17 0.4260689 0.3839786 0.0277093 0.0159918
13 0.4966015 0.3839786 0.0277093 0.0159918
18 0.5671342 0.3839786 0.0277093 0.0159918
7 0.6376669 0.3839786 0.0277092 0.0159918
33 0.4260689 0.4456611 0.0654946 0.0616825
15 0.4260689 0.4456611 0.0277093 0.0159918
22 0.4966015 0.4456611 0.0277093 0.0159918
26 0.7081995 0.4456611 0.0277093 0.0159918
6 0.4966015 0.5073435 0.0277093 0.0159918
16 0.7081995 0.5073435 0.0277093 0.0159918
15 0.8492648 0.5073435 0.0277093 0.0159918
1 0.8492648 0.4456611 0.0277093 0.0159918
29 0.4260689 0.2606137 0.0277093 0.0159917
12 0.7787321 0.4456611 0.0277093 0.0159918
2 0.4260689 0.5073435 0.0277093 0.0159918
3 0.7787321 0.3222962 0.0277093 0.0159918
8 0.8492648 0.3839786 0.0277093 0.0159918
3 0.4966015 0.3222962 0.0277093 0.0159918
17 0.7787321 0.5073435 0.0277093 0.0159918
15 0.5671342 0.3222962 0.0277093 0.0159918
26 0.7081995 0.3839786 0.0277093 0.0159918
6 0.7787321 0.3839786 0.0277093 0.0159918
9 0.5671342 0.2606137 0.0277093 0.0159917
10 0.5671342 0.5073435 0.0277093 0.0159918
26 0.8492648 0.2606137 0.0277093 0.0159917
26 0.6376669 0.3222962 0.0277092 0.0159918
4 0.6376669 0.4456611 0.0277092 0.0159918
31 0.6376669 0.5073435 0.0277092 0.0159918
11 0.4260689 0.3222962 0.0277093 0.0159918
