5 0.3743076 0.3268902 0.0286426 0.0163169
5 0.4472160 0.3898270 0.0286426 0.0163169
32 0.5884762 0.4201299 0.5272844 0.4475502
31 0.3743076 0.2639535 0.0286426 0.0163169
12 0.4472160 0.2639535 0.0286426 0.0163169
23 0.6659414 0.2639535 0.0286426 0.0163169
29 0.7388498 0.2639535 0.0286427 0.0163169
22 0.8117583 0.2639535 0.0286426 0.0163169
6 0.5930329 0.3268902 0.0286426 0.0163169
17 0.7388498 0.3268902 0.0286427 0.0163169
33 0.8117583 0.3268903 0.0677007 0.0629368
19 0.8117583 0.3268902 0.0286426 0.0163169
26 0.7388498 0.3898270 0.0286427 0.0163169
4 0.8117583 0.3898270 0.0286426 0.0163169
19 0.5201245 0.4527637 0.0286426 0.0163169
30 0.6659414 0.4527637 0.0286426 0.0163169
21 0.7388498 0.4527637 0.0286427 0.0163169
3 0.4472160 0.5157005 0.0286426 0.0163169
2 0.8117583 0.5157005 0.0286426 0.0163169
4 0.4472160 0.4527637 0.0286426 0.0163169
21 0.5201245 0.5157005 0.0286426 0.0163169
5 0.5201245 0.3268902 0.0286426 0.0163169
7 0.4472160 0.3268902 0.0286426 0.0163169
31 0.5930329 0.4527637 0.0286426 0.0163169
2 0.3743076 0.4527637 0.0286426 0.0163169
2 0.5930329 0.2639535 0.0286426 0.0163169
6 0.6659414 0.3898270 0.0286426 0.0163169
18 0.5930329 0.5157005 0.0286426 0.0163169
17 0.5930329 0.3898270 0.0286426 0.0163169
16 0.6659414 0.5157005 0.0286426 0.0163169
26 0.6659414 0.3268902 0.0286426 0.0163169
17 0.3743076 0.5157005 0.0286426 0.0163169
28 0.3743076 0.3898270 0.0286426 0.0163169
23 0.7388498 0.5157005 0.0286427 0.0163169
27 0.5201245 0.3898270 0.0286426 0.0163169
18 0.5201245 0.2639535 0.0286426 0.0163169
29 0.8117583 0.4527637 0.0286426 0.0163169
