28 0.4461977 0.5425822 0.0273152 0.0165237
27 0.5852568 0.5425822 0.0273152 0.0165237
32 0.3772890 0.5662661 0.5028474 0.4230075
28 0.1680797 0.4236113 0.0273152 0.0165237
17 0.3766682 0.4236113 0.0273152 0.0165237
8 0.5852568 0.4236113 0.0273152 0.0165237
16 0.3071387 0.4825459 0.0273151 0.0154222
33 0.3766682 0.4825459 0.0645631 0.0594854
5 0.3766682 0.4825459 0.0273152 0.0154222
7 0.4461977 0.4825459 0.0273152 0.0154222
26 0.5157273 0.4825459 0.0273152 0.0154222
11 0.2376092 0.5425822 0.0273152 0.0165237
1 0.5157273 0.5425822 0.0273152 0.0165237
31 0.1680797 0.6020676 0.0273152 0.0165237
10 0.2376092 0.6020676 0.0273152 0.0165237
6 0.3071387 0.6020676 0.0273151 0.0165237
19 0.3766682 0.6020676 0.0273152 0.0165237
25 0.5157273 0.6020676 0.0273152 0.0165237
3 0.5852568 0.6020676 0.0273152 0.0165237
22 0.1680797 0.6615530 0.0273152 0.0165237
20 0.2376092 0.6615530 0.0273152 0.0165237
21 0.3071387 0.6615530 0.0273151 0.0165237
15 0.5157273 0.6615530 0.0273152 0.0165237
13 0.3071387 0.7204877 0.0273151 0.0154222
27 0.3766682 0.7204877 0.0273152 0.0154222
9 0.5157273 0.7204877 0.0273152 0.0154222
20 0.1680797 0.4825459 0.0273152 0.0154222
11 0.5852568 0.6615530 0.0273152 0.0165237
12 0.2376092 0.4236113 0.0273152 0.0165237
8 0.3766682 0.6615530 0.0273152 0.0165237
12 0.4461977 0.6615530 0.0273152 0.0165237
8 0.5852568 0.7204877 0.0273152 0.0154222
22 0.3766682 0.5425822 0.0273152 0.0165237
21 0.5852568 0.4825459 0.0273152 0.0154222
30 0.2376092 0.7204877 0.0273152 0.0154222
19 0.1680797 0.7204877 0.0273152 0.0154222
8 0.3071387 0.4236113 0.0273151 0.0165237
18 0.3071387 0.5425822 0.0273151 0.0165237
28 0.5157273 0.4236113 0.0273152 0.0165237
29 0.4461977 0.6020676 0.0273152 0.0165237
7 0.4461977 0.7204877 0.0273152 0.0154222
8 0.1680797 0.5425822 0.0273152 0.0165237
20 0.4461977 0.4236113 0.0273152 0.0165237
4 0.2376092 0.4825459 0.0273152 0.0154222
