31 0.3209644 0.4844669 0.0276246 0.0157357
24 0.2506472 0.4844669 0.0276246 0.0157357
32 0.4572042 0.4529954 0.5085445 0.4316083
33 0.2506472 0.3023821 0.0652946 0.0606949
24 0.2506472 0.3023821 0.0276246 0.0157357
24 0.3912817 0.3023821 0.0276246 0.0157357
13 0.4615990 0.3023821 0.0276247 0.0157357
28 0.5319163 0.3023821 0.0276246 0.0157357
12 0.6022335 0.3023821 0.0276247 0.0157357
16 0.6725507 0.3023821 0.0276247 0.0157357
10 0.3912817 0.3630771 0.0276246 0.0157357
21 0.4615990 0.3630771 0.0276247 0.0157357
17 0.6022335 0.3630771 0.0276247 0.0157357
5 0.6725507 0.3630771 0.0276247 0.0157357
4 0.4615990 0.4237719 0.0276247 0.0157357
14 0.5319163 0.4237719 0.0276246 0.0157357
11 0.4615990 0.4844669 0.0276247 0.0157357
2 0.5319163 0.4844669 0.0276246 0.0157357
23 0.6725507 0.4844669 0.0276247 0.0157357
9 0.3209644 0.5451618 0.0276246 0.0157357
30 0.3912817 0.5451618 0.0276246 0.0157357
3 0.4615990 0.5451618 0.0276247 0.0157357
20 0.5319163 0.5451618 0.0276246 0.0157357
1 0.6022335 0.5451618 0.0276247 0.0157357
19 0.5319163 0.6058567 0.0276246 0.0157357
18 0.6725507 0.6058567 0.0276247 0.0157357
13 0.6022335 0.6058567 0.0276247 0.0157357
30 0.6725507 0.4237719 0.0276247 0.0157357
18 0.3912817 0.6058567 0.0276246 0.0157357
19 0.2506472 0.6058567 0.0276246 0.0157357
21 0.6725507 0.5451618 0.0276247 0.0157357
23 0.3912817 0.4844669 0.0276246 0.0157357
24 0.2506472 0.5451618 0.0276246 0.0157357
27 0.3209644 0.4237719 0.0276246 0.0157357
31 0.5319163 0.3630771 0.0276246 0.0157357
29 0.6022335 0.4237719 0.0276247 0.0157357
11 0.4615990 0.6058567 0.0276247 0.0157357
13 0.2506472 0.3630771 0.0276246 0.0157357
11 0.2506472 0.4237719 0.0276246 0.0157357
23 0.3209644 0.3023821 0.0276246 0.0157357
4 0.3209644 0.3630771 0.0276246 0.0157357
23 0.6022335 0.4844669 0.0276247 0.0157357
30 0.3912817 0.4237719 0.0276246 0.0157357
3 0.3209644 0.6058567 0.0276246 0.0157357
