2 0.3764612 0.7666344 0.0281818 0.0155954
12 0.3764612 0.4664232 0.0281818 0.0167093
32 0.3053663 0.6106805 0.5188006 0.4277592
27 0.0895196 0.4664232 0.0281818 0.0167093
29 0.1612550 0.4664232 0.0281818 0.0167093
16 0.2329904 0.4664232 0.0281818 0.0167093
2 0.3047258 0.4664232 0.0281818 0.0167093
33 0.4481966 0.4658662 0.0666114 0.0601536
21 0.4481966 0.4664232 0.0281818 0.0167093
8 0.0895196 0.5260198 0.0281818 0.0155954
12 0.2329904 0.5260198 0.0281818 0.0155954
25 0.4481966 0.5260198 0.0281818 0.0155954
19 0.5199320 0.5260198 0.0281818 0.0155954
22 0.0895196 0.5867304 0.0281818 0.0167094
11 0.2329904 0.5867304 0.0281818 0.0167094
6 0.3047258 0.5867304 0.0281818 0.0167094
30 0.3764612 0.5867304 0.0281818 0.0167094
5 0.4481966 0.6468841 0.0281818 0.0167093
24 0.0895196 0.7070376 0.0281818 0.0167093
18 0.1612550 0.7070376 0.0281818 0.0167093
21 0.3047258 0.7070376 0.0281818 0.0167093
10 0.3764612 0.7070376 0.0281818 0.0167093
9 0.4481966 0.7070376 0.0281818 0.0167093
13 0.5199320 0.7070376 0.0281818 0.0167093
7 0.4481966 0.7666344 0.0281818 0.0155954
20 0.5199320 0.7666344 0.0281818 0.0155954
29 0.2329904 0.7070376 0.0281818 0.0167093
30 0.2329904 0.6468841 0.0281818 0.0167093
1 0.3764612 0.6468841 0.0281818 0.0167093
20 0.5199320 0.4664232 0.0281818 0.0167093
21 0.5199320 0.5867304 0.0281818 0.0167094
16 0.1612550 0.7666344 0.0281818 0.0155954
29 0.2329904 0.7666344 0.0281818 0.0155954
25 0.4481966 0.5867304 0.0281818 0.0167094
9 0.3047258 0.5260198 0.0281818 0.0155954
19 0.1612550 0.5867304 0.0281818 0.0167094
10 0.3047258 0.7666344 0.0281818 0.0155954
25 0.3764612 0.5260198 0.0281818 0.0155954
5 0.5199320 0.6468841 0.0281818 0.0167093
3 0.1612550 0.5260198 0.0281818 0.0155954
9 0.3047258 0.6468841 0.0281818 0.0167093
20 0.0895196 0.6468841 0.0281818 0.0167093
31 0.1612550 0.6468841 0.0281818 0.0167093
30 0.0895196 0.7666344 0.0281818 0.0155954
