1 0.4759058 0.4905943 0.0272831 0.0162652
20 0.4064580 0.3651200 0.0272831 0.0162652
32 0.4715653 0.4580640 0.5022568 0.4461308
25 0.2675623 0.3023829 0.0272831 0.0162652
21 0.3370101 0.3023829 0.0272831 0.0162652
16 0.4064580 0.3023829 0.0272831 0.0162652
33 0.5453537 0.3023829 0.0644872 0.0627372
29 0.5453537 0.3023829 0.0272831 0.0162652
9 0.6842494 0.3023829 0.0272831 0.0162652
30 0.3370101 0.3651200 0.0272831 0.0162652
28 0.4759058 0.3651200 0.0272831 0.0162652
14 0.6148015 0.3651200 0.0272831 0.0162652
12 0.2675623 0.4278572 0.0272831 0.0162652
1 0.4064580 0.4278572 0.0272831 0.0162652
10 0.5453537 0.4278572 0.0272831 0.0162652
6 0.2675623 0.4905943 0.0272831 0.0162652
13 0.3370101 0.4905943 0.0272831 0.0162652
3 0.5453537 0.4905943 0.0272831 0.0162652
26 0.6148015 0.4905943 0.0272831 0.0162652
7 0.6842494 0.4905943 0.0272831 0.0162652
4 0.3370101 0.5533315 0.0272831 0.0162652
18 0.4064580 0.5533315 0.0272831 0.0162652
24 0.4759058 0.5533315 0.0272831 0.0162652
5 0.6148015 0.5533315 0.0272831 0.0162652
20 0.4064580 0.6160687 0.0272831 0.0162652
17 0.6842494 0.6160687 0.0272831 0.0162652
15 0.6148015 0.4278572 0.0272831 0.0162652
18 0.2675623 0.6160687 0.0272831 0.0162652
19 0.6148015 0.3023829 0.0272831 0.0162652
29 0.4064580 0.4905943 0.0272831 0.0162652
4 0.4759058 0.4278572 0.0272831 0.0162652
15 0.5453537 0.6160687 0.0272831 0.0162652
31 0.5453537 0.3651200 0.0272831 0.0162652
30 0.4759058 0.3023829 0.0272831 0.0162652
27 0.3370101 0.6160687 0.0272831 0.0162652
16 0.4759058 0.6160687 0.0272831 0.0162652
23 0.2675623 0.3651200 0.0272831 0.0162652
27 0.6842494 0.5533315 0.0272831 0.0162652
3 0.2675623 0.5533315 0.0272831 0.0162652
31 0.6842494 0.4278572 0.0272831 0.0162652
7 0.6842494 0.3651200 0.0272831 0.0162652
17 0.5453537 0.5533315 0.0272831 0.0162652
26 0.3370101 0.4278572 0.0272831 0.0162652
23 0.6148015 0.6160687 0.0272831 0.0162652
