16 0.3570015 0.2661760 0.0283565 0.0164695
26 0.1404607 0.3847564 0.0283565 0.0164695
32 0.2854657 0.4083626 0.5220181 0.4216192
16 0.4291818 0.2661760 0.0283566 0.0164695
19 0.1404607 0.3249172 0.0283565 0.0153715
1 0.2126410 0.3249172 0.0283565 0.0153715
11 0.2848212 0.3249172 0.0283566 0.0153715
25 0.2126410 0.3847564 0.0283565 0.0164695
28 0.4291818 0.3847564 0.0283566 0.0164695
27 0.0682804 0.4440466 0.0283565 0.0164695
5 0.1404607 0.4440466 0.0283565 0.0164695
33 0.4291818 0.4434976 0.0670245 0.0592902
5 0.4291818 0.4440466 0.0283566 0.0164695
3 0.0682804 0.5033368 0.0283565 0.0164695
6 0.1404607 0.5033368 0.0283565 0.0164695
18 0.2126410 0.5033368 0.0283565 0.0164695
12 0.4291818 0.5033368 0.0283566 0.0164695
31 0.5013621 0.5033368 0.0283566 0.0164695
13 0.2848212 0.2661760 0.0283566 0.0164695
22 0.3570015 0.3847564 0.0283565 0.0164695
11 0.3570015 0.4440466 0.0283565 0.0164695
11 0.2126410 0.2661760 0.0283565 0.0164695
12 0.0682804 0.2661760 0.0283565 0.0164695
14 0.2126410 0.4440466 0.0283565 0.0164695
18 0.5013621 0.3847564 0.0283566 0.0164695
22 0.4291818 0.3249172 0.0283566 0.0153715
9 0.5013621 0.2661760 0.0283566 0.0164695
14 0.0682804 0.3249172 0.0283565 0.0153715
9 0.3570015 0.3249172 0.0283565 0.0153715
5 0.1404607 0.2661760 0.0283565 0.0164695
28 0.5013621 0.3249172 0.0283566 0.0153715
22 0.5013621 0.4440466 0.0283566 0.0164695
15 0.2848212 0.4440466 0.0283566 0.0164695
14 0.2848212 0.3847564 0.0283566 0.0164695
3 0.2848212 0.5033368 0.0283566 0.0164695
10 0.3570015 0.5033368 0.0283565 0.0164695
14 0.0682804 0.3847564 0.0283565 0.0164695
