22 0.2038443 0.4840381 0.0280907 0.0169422
16 0.4183556 0.5450301 0.0280908 0.0169422
32 0.3474902 0.5083220 0.5171254 0.4337212
21 0.2753480 0.3620540 0.0280908 0.0169422
23 0.3468518 0.3620540 0.0280908 0.0169422
25 0.4183556 0.3620540 0.0280908 0.0169422
29 0.5613631 0.3620540 0.0280908 0.0169422
16 0.1323405 0.4224814 0.0280908 0.0158128
3 0.2038443 0.4224814 0.0280907 0.0158128
27 0.4183556 0.4224814 0.0280908 0.0158128
33 0.2753480 0.4834734 0.0663964 0.0609920
20 0.2753480 0.4840381 0.0280908 0.0169422
2 0.3468518 0.4840381 0.0280908 0.0169422
4 0.4183556 0.4840381 0.0280908 0.0169422
14 0.1323405 0.5450301 0.0280908 0.0169422
22 0.5613631 0.5450301 0.0280908 0.0169422
1 0.2038443 0.6060222 0.0280907 0.0169423
6 0.4898593 0.6060222 0.0280907 0.0169423
11 0.5613631 0.4840381 0.0280908 0.0169422
13 0.4183556 0.6060222 0.0280908 0.0169423
15 0.1323405 0.6060222 0.0280908 0.0169423
10 0.4898593 0.5450301 0.0280907 0.0169422
30 0.1323405 0.4840381 0.0280908 0.0169422
31 0.4898593 0.4224814 0.0280907 0.0158128
30 0.2753480 0.6060222 0.0280908 0.0169423
18 0.2038443 0.5450301 0.0280907 0.0169422
6 0.4898593 0.4840381 0.0280907 0.0169422
28 0.3468518 0.6060222 0.0280908 0.0169423
6 0.5613631 0.6060222 0.0280908 0.0169423
21 0.2038443 0.3620540 0.0280907 0.0169422
9 0.3468518 0.5450301 0.0280908 0.0169422
12 0.4898593 0.3620540 0.0280907 0.0169422
19 0.2753480 0.5450301 0.0280908 0.0169422
28 0.3468518 0.4224814 0.0280908 0.0158128
23 0.1323405 0.3620540 0.0280908 0.0169422
8 0.2753480 0.4224814 0.0280908 0.0158128
19 0.5613631 0.4224814 0.0280908 0.0158128
