25 0.4170638 0.6535356 0.0268066 0.0150797
13 0.2123585 0.6535356 0.0268066 0.0150797
32 0.3445639 0.5652119 0.4934859 0.4136136
24 0.2805936 0.4208780 0.0268066 0.0150797
18 0.4852988 0.4208780 0.0268066 0.0150797
11 0.5535339 0.4208780 0.0268066 0.0150797
20 0.3488287 0.4790424 0.0268066 0.0150797
6 0.5535339 0.4790424 0.0268066 0.0150797
9 0.2123585 0.5372068 0.0268066 0.0150797
12 0.2805936 0.5372068 0.0268066 0.0150797
15 0.3488287 0.5372068 0.0268066 0.0150797
25 0.1441234 0.5953712 0.0268066 0.0150797
33 0.4170638 0.5953712 0.0633612 0.0581644
1 0.4170638 0.5953712 0.0268066 0.0150797
16 0.4852988 0.5953712 0.0268066 0.0150797
23 0.1441234 0.6535356 0.0268066 0.0150797
27 0.2805936 0.6535356 0.0268066 0.0150797
7 0.5535339 0.6535356 0.0268066 0.0150797
24 0.3488287 0.5953712 0.0268066 0.0150797
24 0.2805936 0.4790424 0.0268066 0.0150797
27 0.4852988 0.4790424 0.0268066 0.0150797
9 0.5535339 0.5953712 0.0268066 0.0150797
27 0.3488287 0.6535356 0.0268066 0.0150797
2 0.4170638 0.5372068 0.0268066 0.0150797
18 0.2123585 0.4208780 0.0268066 0.0150797
2 0.1441234 0.5372068 0.0268066 0.0150797
24 0.1441234 0.4208780 0.0268066 0.0150797
31 0.4852988 0.5372068 0.0268066 0.0150797
18 0.5535339 0.5372068 0.0268066 0.0150797
17 0.2123585 0.4790424 0.0268066 0.0150797
11 0.1441234 0.4790424 0.0268066 0.0150797
6 0.2805936 0.5953712 0.0268066 0.0150797
22 0.2123585 0.5953712 0.0268066 0.0150797
1 0.4852988 0.6535356 0.0268066 0.0150797
21 0.3488287 0.4208780 0.0268066 0.0150797
1 0.4170638 0.4790424 0.0268066 0.0150797
7 0.4170638 0.4208780 0.0268066 0.0150797
