10 0.4151507 0.5123606 0.0271717 0.0161021
5 0.1384936 0.6277589 0.0271717 0.0150286
32 0.3466040 0.4774728 0.5002060 0.4122135
9 0.1384936 0.3384580 0.0271717 0.0161021
14 0.2076579 0.3384580 0.0271717 0.0161021
10 0.2768222 0.3384580 0.0271717 0.0161021
17 0.5534793 0.3384580 0.0271717 0.0161021
26 0.2076579 0.3958888 0.0271717 0.0150286
1 0.2768222 0.3958888 0.0271717 0.0150286
16 0.3459864 0.3958888 0.0271717 0.0150286
23 0.4843150 0.3958888 0.0271717 0.0150286
22 0.2076579 0.4543931 0.0271717 0.0161021
8 0.2768222 0.4543931 0.0271717 0.0161021
13 0.3459864 0.4543931 0.0271717 0.0161021
29 0.4151507 0.4543931 0.0271717 0.0161021
3 0.5534793 0.4543931 0.0271717 0.0161021
6 0.1384936 0.5123606 0.0271717 0.0161021
20 0.2076579 0.5123606 0.0271717 0.0161021
15 0.3459864 0.5123606 0.0271717 0.0161021
12 0.4843150 0.5703281 0.0271717 0.0161021
4 0.5534793 0.5703281 0.0271717 0.0161021
18 0.2076579 0.6277589 0.0271717 0.0150286
24 0.3459864 0.6277589 0.0271717 0.0150286
33 0.5534793 0.6277589 0.0642240 0.0579675
7 0.5534793 0.6277589 0.0271717 0.0150286
20 0.4843150 0.5123606 0.0271717 0.0161021
18 0.3459864 0.5703281 0.0271717 0.0161021
29 0.4151507 0.6277589 0.0271717 0.0150286
18 0.1384936 0.5703281 0.0271717 0.0161021
13 0.3459864 0.3384580 0.0271717 0.0161021
6 0.2076579 0.5703281 0.0271717 0.0161021
23 0.2768222 0.5703281 0.0271717 0.0161021
22 0.1384936 0.3958888 0.0271717 0.0150286
8 0.5534793 0.3958888 0.0271717 0.0150286
30 0.4843150 0.3384580 0.0271717 0.0161021
21 0.1384936 0.4543931 0.0271717 0.0161021
4 0.4843150 0.6277589 0.0271717 0.0150286
1 0.2768222 0.5123606 0.0271717 0.0161021
26 0.4151507 0.5703281 0.0271717 0.0161021
29 0.4151507 0.3958888 0.0271717 0.0150286
5 0.2768222 0.6277589 0.0271717 0.0150286
21 0.4843150 0.4543931 0.0271717 0.0161021
9 0.5534793 0.5123606 0.0271717 0.0161021
25 0.4151507 0.3384580 0.0271717 0.0161021
