4 0.5445380 0.3794886 0.0274606 0.0152936
5 0.4746382 0.4384780 0.0274606 0.0152936
32 0.5401692 0.4078909 0.5055249 0.4194803
28 0.3348387 0.2615097 0.0274606 0.0152935
30 0.4047385 0.2615097 0.0274606 0.0152935
14 0.5445380 0.2615097 0.0274606 0.0152935
3 0.6843375 0.2615097 0.0274606 0.0152935
13 0.4047385 0.3204991 0.0274606 0.0152935
15 0.5445380 0.3204991 0.0274606 0.0152935
33 0.3348387 0.3794886 0.0649069 0.0589894
1 0.3348387 0.3794886 0.0274606 0.0152936
29 0.6843375 0.3794886 0.0274606 0.0152936
10 0.7542371 0.3794886 0.0274606 0.0152936
6 0.4047385 0.4384780 0.0274606 0.0152936
9 0.5445380 0.4384780 0.0274606 0.0152936
2 0.6144377 0.4384780 0.0274606 0.0152936
17 0.6843375 0.4384780 0.0274606 0.0152936
11 0.7542371 0.4384780 0.0274606 0.0152936
8 0.3348387 0.4974674 0.0274606 0.0152935
24 0.4746382 0.4974674 0.0274606 0.0152935
7 0.7542371 0.4974674 0.0274606 0.0152935
23 0.4746382 0.5564568 0.0274606 0.0152936
19 0.5445380 0.5564568 0.0274606 0.0152936
5 0.6144377 0.5564568 0.0274606 0.0152936
27 0.7542371 0.5564568 0.0274606 0.0152936
30 0.3348387 0.5564568 0.0274606 0.0152936
29 0.3348387 0.3204991 0.0274606 0.0152935
7 0.4746382 0.3794886 0.0274606 0.0152936
30 0.7542371 0.2615097 0.0274606 0.0152935
6 0.4746382 0.3204991 0.0274606 0.0152935
20 0.4047385 0.4974674 0.0274606 0.0152935
19 0.6144377 0.4974674 0.0274606 0.0152935
23 0.6144377 0.2615097 0.0274606 0.0152935
27 0.7542371 0.3204991 0.0274606 0.0152935
18 0.6843375 0.4974674 0.0274606 0.0152935
18 0.3348387 0.4384780 0.0274606 0.0152936
5 0.6144377 0.3204991 0.0274606 0.0152935
24 0.4746382 0.2615097 0.0274606 0.0152935
6 0.5445380 0.4974674 0.0274606 0.0152935
18 0.6843375 0.5564568 0.0274606 0.0152936
13 0.4047385 0.5564568 0.0274606 0.0152936
6 0.4047385 0.3794886 0.0274606 0.0152936
28 0.6144377 0.3794886 0.0274606 0.0152936
16 0.6843375 0.3204991 0.0274606 0.0152935
