5 0.6320937 0.4435829 0.0288206 0.0155320
31 0.3386476 0.4435829 0.0288206 0.0155320
32 0.4807855 0.3526101 0.5305610 0.4260190
27 0.4120091 0.2039472 0.0288206 0.0155320
12 0.5587321 0.2039472 0.0288206 0.0155320
19 0.7054552 0.2039472 0.0288206 0.0155320
33 0.2652861 0.2638561 0.0681214 0.0599089
4 0.2652861 0.2638561 0.0288206 0.0155320
15 0.3386476 0.2638561 0.0288206 0.0155320
5 0.4120091 0.2638561 0.0288206 0.0155320
23 0.4853706 0.2638561 0.0288206 0.0155320
8 0.6320937 0.2638561 0.0288206 0.0155320
6 0.2652861 0.3237651 0.0288206 0.0155320
25 0.2652861 0.3836740 0.0288206 0.0155320
11 0.4853706 0.3836740 0.0288206 0.0155320
3 0.5587321 0.3836740 0.0288206 0.0155320
14 0.7054552 0.3836740 0.0288206 0.0155320
2 0.2652861 0.4435829 0.0288206 0.0155320
21 0.4120091 0.4435829 0.0288206 0.0155320
30 0.5587321 0.4435829 0.0288206 0.0155320
22 0.7054552 0.4435829 0.0288206 0.0155320
29 0.2652861 0.5034918 0.0288206 0.0155319
9 0.3386476 0.5034918 0.0288206 0.0155319
7 0.5587321 0.5034918 0.0288206 0.0155319
10 0.6320937 0.5034918 0.0288206 0.0155319
26 0.4120091 0.5034918 0.0288206 0.0155319
31 0.6320937 0.3836740 0.0288206 0.0155320
20 0.7054552 0.3237651 0.0288206 0.0155320
11 0.5587321 0.3237651 0.0288206 0.0155320
24 0.3386476 0.2039472 0.0288206 0.0155320
4 0.6320937 0.3237651 0.0288206 0.0155320
27 0.6320937 0.2039472 0.0288206 0.0155320
2 0.4853706 0.5034918 0.0288206 0.0155319
22 0.7054552 0.5034918 0.0288206 0.0155319
27 0.3386476 0.3836740 0.0288206 0.0155320
4 0.2652861 0.2039472 0.0288206 0.0155320
7 0.4853706 0.4435829 0.0288206 0.0155320
22 0.5587321 0.2638561 0.0288206 0.0155320
6 0.4853706 0.2039472 0.0288206 0.0155320
7 0.4120091 0.3237651 0.0288206 0.0155320
12 0.4120091 0.3836740 0.0288206 0.0155320
21 0.7054552 0.2638561 0.0288206 0.0155320
7 0.3386476 0.3237651 0.0288206 0.0155320
29 0.4853706 0.3237651 0.0288206 0.0155320
