28 0.7055605 0.3153367 0.0281759 0.0158399
18 0.3469582 0.4986278 0.0281759 0.0158400
32 0.5576370 0.4058508 0.5186926 0.4344678
6 0.6338400 0.2542397 0.0281759 0.0158400
33 0.7055605 0.2542397 0.0665975 0.0610970
15 0.7055605 0.2542397 0.0281759 0.0158400
2 0.7772809 0.2542397 0.0281759 0.0158400
31 0.4903991 0.3153367 0.0281759 0.0158399
25 0.5621196 0.3153367 0.0281759 0.0158399
9 0.7772809 0.3153367 0.0281759 0.0158399
16 0.3469582 0.3764337 0.0281759 0.0158400
17 0.4903991 0.3764337 0.0281759 0.0158400
24 0.7055605 0.3764337 0.0281759 0.0158400
22 0.5621196 0.4375308 0.0281759 0.0158399
1 0.7055605 0.4375308 0.0281759 0.0158399
5 0.4903991 0.4986278 0.0281759 0.0158400
29 0.5621196 0.4986278 0.0281759 0.0158400
27 0.7772809 0.4986278 0.0281759 0.0158400
2 0.4186786 0.2542397 0.0281759 0.0158400
15 0.4186786 0.3764337 0.0281759 0.0158400
25 0.5621196 0.3764337 0.0281759 0.0158400
9 0.4186786 0.3153367 0.0281759 0.0158399
21 0.7055605 0.4986278 0.0281759 0.0158400
8 0.7772809 0.4375308 0.0281759 0.0158399
19 0.6338400 0.4986278 0.0281759 0.0158400
26 0.5621196 0.2542397 0.0281759 0.0158400
24 0.4186786 0.4986278 0.0281759 0.0158400
19 0.3469582 0.3153367 0.0281759 0.0158399
5 0.4903991 0.2542397 0.0281759 0.0158400
9 0.4186786 0.4375308 0.0281759 0.0158399
12 0.6338400 0.4375308 0.0281759 0.0158399
11 0.6338400 0.3153367 0.0281759 0.0158399
25 0.7772809 0.3764337 0.0281759 0.0158400
30 0.3469582 0.4375308 0.0281759 0.0158399
30 0.3469582 0.2542397 0.0281759 0.0158400
14 0.4903991 0.4375308 0.0281759 0.0158399
15 0.6338400 0.3764337 0.0281759 0.0158400
