11 0.6320125 0.5891016 0.0269923 0.0155949
26 0.2884747 0.7094052 0.0269923 0.0155950
32 0.4903031 0.6180635 0.4969029 0.4277461
1 0.4945974 0.4687979 0.0269923 0.0155949
21 0.5633049 0.4687979 0.0269923 0.0155949
11 0.7007201 0.4687979 0.0269922 0.0155949
31 0.4945974 0.5289498 0.0269923 0.0155949
13 0.6320125 0.5289498 0.0269923 0.0155949
33 0.7007201 0.5289497 0.0637998 0.0601518
9 0.7007201 0.5289498 0.0269922 0.0155949
3 0.2884747 0.5891016 0.0269923 0.0155949
20 0.4258898 0.5891016 0.0269923 0.0155949
24 0.4945974 0.5891016 0.0269923 0.0155949
29 0.2884747 0.6492533 0.0269923 0.0155949
18 0.6320125 0.6492533 0.0269923 0.0155949
14 0.7007201 0.6492533 0.0269922 0.0155949
7 0.4258898 0.7094052 0.0269923 0.0155950
30 0.5633049 0.7094052 0.0269923 0.0155950
28 0.3571822 0.5891016 0.0269922 0.0155949
16 0.5633049 0.5289498 0.0269923 0.0155949
14 0.3571822 0.4687979 0.0269922 0.0155949
6 0.7007201 0.7094052 0.0269922 0.0155950
24 0.4258898 0.6492533 0.0269923 0.0155949
7 0.3571822 0.6492533 0.0269922 0.0155949
25 0.3571822 0.5289498 0.0269922 0.0155949
31 0.5633049 0.5891016 0.0269923 0.0155949
4 0.5633049 0.6492533 0.0269923 0.0155949
20 0.3571822 0.7094052 0.0269922 0.0155950
22 0.4258898 0.4687979 0.0269923 0.0155949
28 0.4945974 0.7094052 0.0269923 0.0155950
5 0.4258898 0.5289498 0.0269923 0.0155949
23 0.2884747 0.5289498 0.0269923 0.0155949
16 0.7007201 0.5891016 0.0269922 0.0155949
11 0.4945974 0.6492533 0.0269923 0.0155949
9 0.2884747 0.4687979 0.0269923 0.0155949
8 0.6320125 0.7094052 0.0269923 0.0155950
20 0.6320125 0.4687979 0.0269923 0.0155949
