4 0.1288738 0.6701230 0.0271729 0.0154009
17 0.4747113 0.6701230 0.0271729 0.0154009
32 0.2678264 0.5161149 0.5002292 0.4224224
5 0.1288738 0.3736573 0.0271729 0.0165009
27 0.1980413 0.3736573 0.0271729 0.0165009
20 0.2672089 0.3736573 0.0271729 0.0165009
11 0.3363763 0.3736573 0.0271729 0.0165009
16 0.4747113 0.3736573 0.0271729 0.0165009
23 0.1288738 0.4325104 0.0271729 0.0154008
18 0.1980413 0.4325104 0.0271729 0.0154008
3 0.2672089 0.4325104 0.0271729 0.0154008
6 0.4747113 0.4325104 0.0271729 0.0154008
25 0.1980413 0.4924636 0.0271729 0.0165009
13 0.2672089 0.4924636 0.0271729 0.0165009
24 0.3363763 0.4924636 0.0271729 0.0165009
28 0.4055438 0.4924636 0.0271730 0.0165009
19 0.4747113 0.4924636 0.0271729 0.0165009
12 0.0597063 0.5518668 0.0271729 0.0165009
21 0.1288738 0.5518668 0.0271729 0.0165009
10 0.1980413 0.5518668 0.0271729 0.0165009
29 0.3363763 0.5518668 0.0271729 0.0165009
33 0.4055438 0.5513168 0.0642270 0.0594031
14 0.4055438 0.5518668 0.0271730 0.0165009
9 0.4055438 0.6112699 0.0271730 0.0165009
8 0.3363763 0.6701230 0.0271729 0.0154009
8 0.4747113 0.5518668 0.0271729 0.0165009
5 0.0597063 0.4924636 0.0271729 0.0165009
4 0.2672089 0.6701230 0.0271729 0.0154009
12 0.4055438 0.6701230 0.0271730 0.0154009
22 0.1288738 0.6112699 0.0271729 0.0165009
21 0.2672089 0.6112699 0.0271729 0.0165009
1 0.0597063 0.3736573 0.0271729 0.0165009
18 0.4055438 0.3736573 0.0271730 0.0165009
5 0.1980413 0.6701230 0.0271729 0.0154009
15 0.1980413 0.6112699 0.0271729 0.0165009
9 0.4747113 0.6112699 0.0271729 0.0165009
19 0.1288738 0.4924636 0.0271729 0.0165009
20 0.2672089 0.5518668 0.0271729 0.0165009
3 0.0597063 0.6112699 0.0271729 0.0165009
11 0.3363763 0.6112699 0.0271729 0.0165009
31 0.3363763 0.4325104 0.0271729 0.0154008
31 0.0597063 0.6701230 0.0271729 0.0154009
8 0.0597063 0.4325104 0.0271729 0.0154008
15 0.4055438 0.4325104 0.0271730 0.0154008
