20 0.2857220 0.5936218 0.0270830 0.0148980
17 0.2857220 0.7085503 0.0270830 0.0148981
32 0.3503518 0.6212897 0.4985724 0.4086344
24 0.2167836 0.4786934 0.0270830 0.0148981
15 0.3546604 0.4786934 0.0270830 0.0148981
2 0.4925372 0.4786934 0.0270829 0.0148981
20 0.4235989 0.5361576 0.0270829 0.0148981
27 0.5614757 0.5361576 0.0270829 0.0148981
7 0.3546604 0.5936218 0.0270830 0.0148980
10 0.4235989 0.5936218 0.0270829 0.0148980
33 0.4925372 0.5936218 0.0640142 0.0574642
23 0.4925372 0.5936218 0.0270829 0.0148980
17 0.2167836 0.6510861 0.0270830 0.0148981
1 0.2857220 0.6510861 0.0270830 0.0148981
19 0.3546604 0.6510861 0.0270830 0.0148981
21 0.4925372 0.6510861 0.0270829 0.0148981
25 0.5614757 0.6510861 0.0270829 0.0148981
4 0.2167836 0.7085503 0.0270830 0.0148981
25 0.1478452 0.6510861 0.0270829 0.0148981
10 0.1478452 0.5361576 0.0270829 0.0148981
31 0.4925372 0.7085503 0.0270829 0.0148981
17 0.4235989 0.4786934 0.0270829 0.0148981
26 0.4235989 0.7085503 0.0270829 0.0148981
13 0.1478452 0.5936218 0.0270829 0.0148980
30 0.1478452 0.4786934 0.0270829 0.0148981
7 0.3546604 0.5361576 0.0270830 0.0148981
20 0.5614757 0.5936218 0.0270829 0.0148980
2 0.4235989 0.6510861 0.0270829 0.0148981
16 0.5614757 0.7085503 0.0270829 0.0148981
31 0.2857220 0.5361576 0.0270830 0.0148981
25 0.5614757 0.4786934 0.0270829 0.0148981
2 0.3546604 0.7085503 0.0270830 0.0148981
25 0.1478452 0.7085503 0.0270829 0.0148981
14 0.2857220 0.4786934 0.0270830 0.0148981
5 0.2167836 0.5936218 0.0270830 0.0148980
31 0.4925372 0.5361576 0.0270829 0.0148981
9 0.2167836 0.5361576 0.0270830 0.0148981
