8 0.7139029 0.5203455 0.0268629 0.0153542
10 0.4403895 0.4616706 0.0268629 0.0164509
32 0.6461350 0.6036967 0.4945219 0.4211431
7 0.5087679 0.4616706 0.0268629 0.0164509
28 0.7139029 0.4616706 0.0268629 0.0164509
12 0.8506596 0.4616706 0.0268629 0.0164509
17 0.8506596 0.5203455 0.0268629 0.0153542
21 0.5087679 0.5801171 0.0268629 0.0164509
31 0.5771462 0.5801171 0.0268629 0.0164509
5 0.7139029 0.5801171 0.0268629 0.0164509
8 0.8506596 0.5801171 0.0268629 0.0164509
11 0.5087679 0.6393403 0.0268629 0.0164509
13 0.6455245 0.6393403 0.0268629 0.0164509
10 0.7139029 0.6393403 0.0268629 0.0164509
4 0.8506596 0.6393403 0.0268629 0.0164509
16 0.4403895 0.6985636 0.0268629 0.0164509
24 0.5771462 0.6985636 0.0268629 0.0164509
25 0.7139029 0.6985636 0.0268629 0.0164509
29 0.7822812 0.6985636 0.0268629 0.0164509
33 0.4403895 0.7572384 0.0634942 0.0592232
5 0.4403895 0.7572384 0.0268629 0.0153541
18 0.5087679 0.7572384 0.0268629 0.0153541
9 0.6455245 0.7572384 0.0268629 0.0153541
26 0.7822812 0.7572384 0.0268629 0.0153541
6 0.8506596 0.7572384 0.0268629 0.0153541
29 0.5087679 0.6985636 0.0268629 0.0164509
8 0.4403895 0.6393403 0.0268629 0.0164509
6 0.7139029 0.7572384 0.0268629 0.0153541
28 0.8506596 0.6985636 0.0268629 0.0164509
18 0.7822812 0.5203455 0.0268629 0.0153542
4 0.7822812 0.4616706 0.0268629 0.0164509
24 0.6455245 0.5801171 0.0268629 0.0164509
6 0.6455245 0.4616706 0.0268629 0.0164509
20 0.7822812 0.5801171 0.0268629 0.0164509
2 0.5087679 0.5203455 0.0268629 0.0153542
6 0.6455245 0.5203455 0.0268629 0.0153542
19 0.5771462 0.6393403 0.0268629 0.0164509
7 0.4403895 0.5801171 0.0268629 0.0164509
24 0.7822812 0.6393403 0.0268629 0.0164509
17 0.4403895 0.5203455 0.0268629 0.0153542
27 0.5771462 0.4616706 0.0268629 0.0164509
25 0.5771462 0.7572384 0.0268629 0.0153541
5 0.6455245 0.6985636 0.0268629 0.0164509
2 0.5771462 0.5203455 0.0268629 0.0153542
