6 0.1913420 0.4167083 0.0277462 0.0158257
10 0.3325955 0.4777501 0.0277462 0.0158257
32 0.3281813 0.5681824 0.5107828 0.4340750
21 0.1207152 0.4167083 0.0277462 0.0158257
10 0.3325955 0.4167083 0.0277462 0.0158257
25 0.4738490 0.4167083 0.0277462 0.0158257
7 0.5444758 0.4167083 0.0277462 0.0158257
19 0.1207152 0.4777501 0.0277462 0.0158257
2 0.2619687 0.4777501 0.0277462 0.0158257
16 0.4738490 0.4777501 0.0277462 0.0158257
29 0.1913420 0.5387919 0.0277462 0.0158257
8 0.2619687 0.5387919 0.0277462 0.0158257
9 0.5444758 0.5387919 0.0277462 0.0158257
30 0.1207152 0.5998337 0.0277462 0.0158257
24 0.3325955 0.5998337 0.0277462 0.0158257
13 0.4032223 0.5998337 0.0277462 0.0158257
3 0.1913420 0.6608755 0.0277462 0.0158257
28 0.3325955 0.6608755 0.0277462 0.0158257
33 0.4032223 0.6608755 0.0655820 0.0610418
18 0.4032223 0.6608755 0.0277462 0.0158257
17 0.4738490 0.6608755 0.0277462 0.0158257
14 0.5444758 0.6608755 0.0277462 0.0158257
27 0.1207152 0.7219173 0.0277462 0.0158257
20 0.2619687 0.7219173 0.0277462 0.0158257
4 0.4032223 0.7219173 0.0277462 0.0158257
10 0.1913420 0.7219173 0.0277462 0.0158257
11 0.4738490 0.5998337 0.0277462 0.0158257
15 0.2619687 0.4167083 0.0277462 0.0158257
29 0.5444758 0.7219173 0.0277462 0.0158257
11 0.4032223 0.4777501 0.0277462 0.0158257
18 0.1913420 0.5998337 0.0277462 0.0158257
12 0.1913420 0.4777501 0.0277462 0.0158257
3 0.3325955 0.5387919 0.0277462 0.0158257
22 0.4032223 0.5387919 0.0277462 0.0158257
13 0.4032223 0.4167083 0.0277462 0.0158257
25 0.5444758 0.4777501 0.0277462 0.0158257
3 0.5444758 0.5998337 0.0277462 0.0158257
3 0.2619687 0.6608755 0.0277462 0.0158257
29 0.2619687 0.5998337 0.0277462 0.0158257
11 0.3325955 0.7219173 0.0277462 0.0158257
28 0.1207152 0.6608755 0.0277462 0.0158257
16 0.4738490 0.5387919 0.0277462 0.0158257
31 0.1207152 0.5387919 0.0277462 0.0158257
15 0.4738490 0.7219173 0.0277462 0.0158257
