6 0.5243510 0.4662459 0.0265615 0.0152154
25 0.4567399 0.4075580 0.0265615 0.0152154
32 0.5877365 0.4945030 0.4889735 0.4173361
13 0.5243510 0.3488701 0.0265615 0.0152154
22 0.7271844 0.3488701 0.0265615 0.0152154
9 0.7947957 0.3488701 0.0265615 0.0152154
23 0.3891287 0.4075580 0.0265615 0.0152154
16 0.5243510 0.4075580 0.0265615 0.0152154
18 0.7947957 0.4075580 0.0265615 0.0152154
33 0.3891287 0.4662459 0.0627818 0.0586879
27 0.3891287 0.4662459 0.0265615 0.0152154
20 0.4567399 0.4662459 0.0265615 0.0152154
15 0.5919622 0.4662459 0.0265615 0.0152154
2 0.3891287 0.5249337 0.0265615 0.0152154
17 0.5243510 0.5249337 0.0265615 0.0152154
24 0.6595734 0.5249337 0.0265616 0.0152154
26 0.7271844 0.5249337 0.0265615 0.0152154
3 0.7947957 0.5249337 0.0265615 0.0152154
29 0.6595734 0.5836216 0.0265616 0.0152154
31 0.7271844 0.5836216 0.0265615 0.0152154
12 0.3891287 0.6423095 0.0265615 0.0152154
25 0.4567399 0.6423095 0.0265615 0.0152154
7 0.5243510 0.6423095 0.0265615 0.0152154
10 0.6595734 0.6423095 0.0265616 0.0152154
5 0.7271844 0.6423095 0.0265615 0.0152154
30 0.4567399 0.3488701 0.0265615 0.0152154
20 0.5919622 0.5836216 0.0265615 0.0152154
21 0.6595734 0.3488701 0.0265616 0.0152154
4 0.3891287 0.3488701 0.0265615 0.0152154
17 0.4567399 0.5249337 0.0265615 0.0152154
23 0.5919622 0.4075580 0.0265615 0.0152154
6 0.7271844 0.4075580 0.0265615 0.0152154
24 0.7947957 0.6423095 0.0265615 0.0152154
14 0.5243510 0.5836216 0.0265615 0.0152154
20 0.4567399 0.5836216 0.0265615 0.0152154
26 0.5919622 0.6423095 0.0265615 0.0152154
13 0.7947957 0.5836216 0.0265615 0.0152154
2 0.3891287 0.5836216 0.0265615 0.0152154
5 0.6595734 0.4662459 0.0265616 0.0152154
23 0.7947957 0.4662459 0.0265615 0.0152154
29 0.6595734 0.4075580 0.0265616 0.0152154
25 0.7271844 0.4662459 0.0265615 0.0152154
16 0.5919622 0.5249337 0.0265615 0.0152154
26 0.5919622 0.3488701 0.0265615 0.0152154
