1 0.1212754 0.6822983 0.0283048 0.0154847
24 0.1933239 0.5628450 0.0283047 0.0154847
32 0.2613258 0.5318756 0.5201517 0.4247229
26 0.0492269 0.3836650 0.0283048 0.0154847
18 0.1212754 0.3836650 0.0283048 0.0154847
30 0.1933239 0.3836650 0.0283047 0.0154847
6 0.4094693 0.3836650 0.0283047 0.0154847
9 0.4815177 0.3836650 0.0283047 0.0154847
4 0.0492269 0.4433917 0.0283048 0.0154847
15 0.1212754 0.4433917 0.0283048 0.0154847
1 0.4094693 0.4433917 0.0283047 0.0154847
21 0.0492269 0.5031183 0.0283048 0.0154847
12 0.1212754 0.5031183 0.0283048 0.0154847
33 0.4815177 0.5031183 0.0669022 0.0597266
17 0.4815177 0.5031183 0.0283047 0.0154847
10 0.0492269 0.5628450 0.0283048 0.0154847
25 0.3374208 0.5628450 0.0283048 0.0154847
24 0.4094693 0.5628450 0.0283047 0.0154847
16 0.4815177 0.5628450 0.0283047 0.0154847
27 0.0492269 0.6225716 0.0283048 0.0154847
28 0.2653723 0.6225716 0.0283048 0.0154847
29 0.3374208 0.6225716 0.0283048 0.0154847
23 0.0492269 0.6822983 0.0283048 0.0154847
7 0.2653723 0.6822983 0.0283048 0.0154847
11 0.4815177 0.6822983 0.0283047 0.0154847
27 0.3374208 0.6822983 0.0283048 0.0154847
23 0.4815177 0.6225716 0.0283047 0.0154847
21 0.2653723 0.3836650 0.0283048 0.0154847
26 0.2653723 0.5628450 0.0283048 0.0154847
4 0.3374208 0.5031183 0.0283048 0.0154847
5 0.1933239 0.6225716 0.0283047 0.0154847
19 0.3374208 0.4433917 0.0283048 0.0154847
5 0.1212754 0.6225716 0.0283048 0.0154847
27 0.1933239 0.6822983 0.0283047 0.0154847
27 0.1212754 0.5628450 0.0283048 0.0154847
4 0.3374208 0.3836650 0.0283048 0.0154847
26 0.4094693 0.6822983 0.0283047 0.0154847
1 0.4094693 0.5031183 0.0283047 0.0154847
20 0.4815177 0.4433917 0.0283047 0.0154847
7 0.1933239 0.4433917 0.0283047 0.0154847
30 0.1933239 0.5031183 0.0283047 0.0154847
14 0.2653723 0.5031183 0.0283048 0.0154847
7 0.4094693 0.6225716 0.0283047 0.0154847
17 0.2653723 0.4433917 0.0283048 0.0154847
