3 0.5104681 0.4624149 0.0282355 0.0160789
1 0.3667234 0.5244334 0.0282355 0.0160789
32 0.5059761 0.5542942 0.5197910 0.4410209
33 0.2948512 0.4003963 0.0667386 0.0620186
14 0.2948511 0.4003963 0.0282355 0.0160789
2 0.3667234 0.4003963 0.0282355 0.0160789
22 0.4385958 0.4003963 0.0282355 0.0160789
4 0.5823404 0.4003963 0.0282355 0.0160789
16 0.3667234 0.4624149 0.0282355 0.0160789
23 0.4385958 0.4624149 0.0282355 0.0160789
5 0.7260851 0.4624149 0.0282355 0.0160789
25 0.2948511 0.5244334 0.0282355 0.0160789
3 0.7260851 0.5244334 0.0282355 0.0160789
14 0.5104681 0.5864520 0.0282355 0.0160789
7 0.6542128 0.5864520 0.0282355 0.0160789
11 0.3667234 0.6484706 0.0282355 0.0160789
13 0.6542128 0.6484706 0.0282355 0.0160789
24 0.7260851 0.6484706 0.0282355 0.0160789
19 0.5104681 0.4003963 0.0282355 0.0160789
16 0.5823404 0.6484706 0.0282355 0.0160789
15 0.4385958 0.6484706 0.0282355 0.0160789
9 0.5104681 0.6484706 0.0282355 0.0160789
14 0.4385958 0.5864520 0.0282355 0.0160789
3 0.5104681 0.5244334 0.0282355 0.0160789
17 0.5823404 0.5244334 0.0282355 0.0160789
21 0.5823404 0.5864520 0.0282355 0.0160789
28 0.2948511 0.6484706 0.0282355 0.0160789
16 0.5823404 0.4624149 0.0282355 0.0160789
26 0.6542128 0.5244334 0.0282355 0.0160789
19 0.7260851 0.4003963 0.0282355 0.0160789
22 0.2948511 0.4624149 0.0282355 0.0160789
12 0.4385958 0.5244334 0.0282355 0.0160789
18 0.7260851 0.5864520 0.0282355 0.0160789
22 0.2948511 0.5864520 0.0282355 0.0160789
20 0.6542128 0.4003963 0.0282355 0.0160789
15 0.3667234 0.5864520 0.0282355 0.0160789
13 0.6542128 0.4624149 0.0282355 0.0160789
