24 0.4608377 0.2972871 0.0286109 0.0158151
24 0.6064934 0.4192892 0.0286110 0.0158151
32 0.4562859 0.4486601 0.5267015 0.4337851
30 0.3880098 0.2972871 0.0286110 0.0158151
21 0.2423540 0.3582882 0.0286110 0.0158151
16 0.3151819 0.3582882 0.0286109 0.0158151
25 0.4608377 0.3582882 0.0286109 0.0158151
7 0.5336655 0.3582882 0.0286110 0.0158151
5 0.3151819 0.4192892 0.0286109 0.0158151
24 0.3880098 0.4192892 0.0286110 0.0158151
12 0.4608377 0.4192892 0.0286109 0.0158151
8 0.5336655 0.4192892 0.0286110 0.0158151
20 0.2423540 0.4802902 0.0286110 0.0158151
27 0.5336655 0.4802902 0.0286110 0.0158151
23 0.6064934 0.4802902 0.0286110 0.0158151
26 0.6793213 0.4802902 0.0286109 0.0158151
29 0.2423540 0.5412913 0.0286110 0.0158151
1 0.3151819 0.5412913 0.0286109 0.0158151
10 0.3880098 0.5412913 0.0286110 0.0158151
33 0.6793212 0.5412913 0.0676259 0.0610010
7 0.6793213 0.5412913 0.0286109 0.0158151
18 0.3880098 0.6022923 0.0286110 0.0158151
15 0.4608377 0.6022923 0.0286109 0.0158151
19 0.5336655 0.6022923 0.0286110 0.0158151
17 0.6793213 0.6022923 0.0286109 0.0158151
24 0.2423540 0.2972871 0.0286110 0.0158151
15 0.2423540 0.4192892 0.0286110 0.0158151
4 0.6793213 0.3582882 0.0286109 0.0158151
13 0.3151819 0.4802902 0.0286109 0.0158151
3 0.3151819 0.2972871 0.0286109 0.0158151
8 0.5336655 0.2972871 0.0286110 0.0158151
21 0.3880098 0.4802902 0.0286110 0.0158151
24 0.6793213 0.2972871 0.0286109 0.0158151
12 0.6064934 0.2972871 0.0286110 0.0158151
1 0.6064934 0.6022923 0.0286110 0.0158151
28 0.2423540 0.6022923 0.0286110 0.0158151
2 0.3880098 0.3582882 0.0286110 0.0158151
10 0.6064934 0.5412913 0.0286110 0.0158151
10 0.6793213 0.4192892 0.0286109 0.0158151
16 0.6064934 0.3582882 0.0286110 0.0158151
11 0.5336655 0.5412913 0.0286110 0.0158151
5 0.3151819 0.6022923 0.0286109 0.0158151
6 0.4608377 0.5412913 0.0286109 0.0158151
5 0.4608377 0.4802902 0.0286109 0.0158151
