4 0.3467962 0.4820834 0.0285839 0.0171161
18 0.2012782 0.4204656 0.0285839 0.0171161
32 0.3474459 0.3833808 0.5262036 0.4381713
20 0.2012782 0.2356121 0.0285839 0.0171161
7 0.3467962 0.2356121 0.0285839 0.0171161
26 0.4923143 0.2356121 0.0285839 0.0171161
10 0.5650733 0.2356121 0.0285839 0.0171161
15 0.2012782 0.2966594 0.0285839 0.0159750
27 0.3467962 0.2966594 0.0285839 0.0159750
1 0.5650733 0.2966594 0.0285839 0.0159750
25 0.2012782 0.3588478 0.0285839 0.0171161
23 0.4195552 0.3588478 0.0285839 0.0171161
24 0.4923143 0.3588478 0.0285839 0.0171161
18 0.5650733 0.3588478 0.0285839 0.0171161
11 0.3467962 0.4204656 0.0285839 0.0171161
31 0.4195552 0.4204656 0.0285839 0.0171161
33 0.5650733 0.4198951 0.0675620 0.0616178
20 0.5650733 0.4204656 0.0285839 0.0171161
5 0.2012782 0.4820834 0.0285839 0.0171161
3 0.4195552 0.4820834 0.0285839 0.0171161
28 0.4923143 0.4820834 0.0285839 0.0171161
12 0.5650733 0.4820834 0.0285839 0.0171161
6 0.2012782 0.5431307 0.0285839 0.0159750
21 0.3467962 0.5431307 0.0285839 0.0159750
8 0.5650733 0.5431307 0.0285839 0.0159750
2 0.1285192 0.4204656 0.0285839 0.0171161
12 0.4195552 0.5431307 0.0285839 0.0159750
2 0.2740372 0.2356121 0.0285839 0.0171161
30 0.1285192 0.4820834 0.0285839 0.0171161
20 0.2740372 0.2966594 0.0285839 0.0159750
15 0.1285192 0.3588478 0.0285839 0.0171161
4 0.2740372 0.5431307 0.0285839 0.0159750
19 0.4195552 0.2966594 0.0285839 0.0159750
1 0.2740372 0.3588478 0.0285839 0.0171161
24 0.3467962 0.3588478 0.0285839 0.0171161
30 0.1285192 0.2356121 0.0285839 0.0171161
23 0.2740372 0.4204656 0.0285839 0.0171161
31 0.4923143 0.2966594 0.0285839 0.0159750
2 0.1285192 0.5431307 0.0285839 0.0159750
17 0.4195552 0.2356121 0.0285839 0.0171161
15 0.2740372 0.4820834 0.0285839 0.0171161
16 0.1285192 0.2966594 0.0285839 0.0159750
4 0.4923143 0.5431307 0.0285839 0.0159750
5 0.4923143 0.4204656 0.0285839 0.0171161
