9 0.7385564 0.4570950 0.0277282 0.0149561
5 0.3150711 0.5730050 0.0277282 0.0160244
32 0.5274439 0.5382855 0.5104512 0.4102253
27 0.5268137 0.3999412 0.0277282 0.0160244
33 0.6679755 0.3994071 0.0655394 0.0576880
24 0.6679755 0.3999412 0.0277281 0.0160244
24 0.3150711 0.4570950 0.0277282 0.0149561
30 0.3856519 0.4570950 0.0277282 0.0149561
22 0.5973946 0.4570950 0.0277282 0.0149561
18 0.3856519 0.5153171 0.0277282 0.0160244
23 0.4562328 0.5153171 0.0277282 0.0160244
20 0.5268137 0.5153171 0.0277282 0.0160244
7 0.7385564 0.5153171 0.0277282 0.0160244
14 0.5268137 0.5730050 0.0277282 0.0160244
17 0.7385564 0.5730050 0.0277282 0.0160244
21 0.3150711 0.6306930 0.0277282 0.0160244
25 0.5973946 0.6306930 0.0277282 0.0160244
31 0.6679755 0.6306930 0.0277281 0.0160244
25 0.4562328 0.3999412 0.0277282 0.0160244
22 0.5973946 0.3999412 0.0277282 0.0160244
9 0.6679755 0.4570950 0.0277281 0.0149561
22 0.4562328 0.4570950 0.0277282 0.0149561
22 0.3150711 0.5153171 0.0277282 0.0160244
10 0.5268137 0.6306930 0.0277282 0.0160244
24 0.3856519 0.5730050 0.0277282 0.0160244
29 0.5973946 0.5153171 0.0277282 0.0160244
13 0.3856519 0.3999412 0.0277282 0.0160244
6 0.6679755 0.5730050 0.0277281 0.0160244
26 0.3150711 0.3999412 0.0277282 0.0160244
14 0.6679755 0.5153171 0.0277281 0.0160244
16 0.7385564 0.3999412 0.0277282 0.0160244
31 0.4562328 0.6306930 0.0277282 0.0160244
24 0.7385564 0.6306930 0.0277282 0.0160244
12 0.5268137 0.4570950 0.0277282 0.0149561
22 0.3856519 0.6306930 0.0277282 0.0160244
13 0.4562328 0.5730050 0.0277282 0.0160244
3 0.5973946 0.5730050 0.0277282 0.0160244
