14 0.4761300 0.3336127 0.0281655 0.0153380
21 0.6912119 0.3336127 0.0281654 0.0153380
32 0.4716492 0.4212582 0.5185010 0.4206986
30 0.2610481 0.2744520 0.0281655 0.0153380
12 0.5478240 0.2744520 0.0281655 0.0153380
33 0.6195179 0.2744520 0.0665730 0.0591607
20 0.6195179 0.2744520 0.0281655 0.0153380
24 0.3327421 0.3336127 0.0281655 0.0153380
3 0.6195179 0.3336127 0.0281655 0.0153380
16 0.3327421 0.3927734 0.0281655 0.0153380
4 0.4761300 0.3927734 0.0281655 0.0153380
26 0.2610481 0.4519342 0.0281655 0.0153379
8 0.4044361 0.4519342 0.0281655 0.0153379
5 0.4761300 0.4519342 0.0281655 0.0153379
11 0.6195179 0.4519342 0.0281655 0.0153379
14 0.4044361 0.5110949 0.0281655 0.0153380
7 0.6195179 0.5110949 0.0281655 0.0153380
23 0.6912119 0.5110949 0.0281654 0.0153380
21 0.3327421 0.5110949 0.0281655 0.0153380
8 0.3327421 0.4519342 0.0281655 0.0153379
9 0.4761300 0.5110949 0.0281655 0.0153380
2 0.6912119 0.2744520 0.0281654 0.0153380
10 0.6912119 0.4519342 0.0281654 0.0153379
22 0.4044361 0.3927734 0.0281655 0.0153380
16 0.2610481 0.3927734 0.0281655 0.0153380
1 0.6195179 0.3927734 0.0281655 0.0153380
16 0.6912119 0.3927734 0.0281654 0.0153380
22 0.4044361 0.2744520 0.0281655 0.0153380
25 0.2610481 0.3336127 0.0281655 0.0153380
11 0.5478240 0.4519342 0.0281655 0.0153379
24 0.2610481 0.5110949 0.0281655 0.0153380
21 0.4044361 0.3336127 0.0281655 0.0153380
3 0.3327421 0.2744520 0.0281655 0.0153380
18 0.5478240 0.3927734 0.0281655 0.0153380
26 0.5478240 0.5110949 0.0281655 0.0153380
7 0.4761300 0.2744520 0.0281655 0.0153380
17 0.5478240 0.3336127 0.0281655 0.0153380
