8 0.3935785 0.7148707 0.0280297 0.0154733
2 0.3935785 0.5955051 0.0280297 0.0154733
32 0.3891193 0.5645585 0.5160017 0.4244107
22 0.3222301 0.4164569 0.0280297 0.0154733
25 0.3935785 0.4164569 0.0280297 0.0154733
7 0.4649269 0.4164569 0.0280297 0.0154733
15 0.5362753 0.4164569 0.0280297 0.0154733
30 0.3935785 0.4761396 0.0280297 0.0154733
14 0.5362753 0.4761396 0.0280297 0.0154733
29 0.1795334 0.5358224 0.0280297 0.0154733
18 0.3222301 0.5358224 0.0280297 0.0154733
16 0.5362753 0.5358224 0.0280297 0.0154733
10 0.2508818 0.5955051 0.0280297 0.0154733
9 0.3222301 0.5955051 0.0280297 0.0154733
28 0.4649269 0.5955051 0.0280297 0.0154733
19 0.1795334 0.6551879 0.0280297 0.0154734
17 0.2508818 0.6551879 0.0280297 0.0154734
33 0.3935785 0.6551879 0.0662521 0.0596828
2 0.3935785 0.6551879 0.0280297 0.0154734
21 0.4649269 0.6551879 0.0280297 0.0154734
27 0.6076237 0.6551879 0.0280297 0.0154734
20 0.2508818 0.7148707 0.0280297 0.0154733
6 0.4649269 0.7148707 0.0280297 0.0154733
24 0.5362753 0.7148707 0.0280297 0.0154733
11 0.6076237 0.7148707 0.0280297 0.0154733
13 0.6076237 0.5358224 0.0280297 0.0154733
19 0.5362753 0.6551879 0.0280297 0.0154734
10 0.2508818 0.4761396 0.0280297 0.0154733
19 0.1795334 0.4164569 0.0280297 0.0154733
24 0.6076237 0.5955051 0.0280297 0.0154733
6 0.2508818 0.4164569 0.0280297 0.0154733
7 0.2508818 0.5358224 0.0280297 0.0154733
8 0.5362753 0.5955051 0.0280297 0.0154733
18 0.6076237 0.4761396 0.0280297 0.0154733
16 0.1795334 0.7148707 0.0280297 0.0154733
8 0.1795334 0.5955051 0.0280297 0.0154733
9 0.4649269 0.5358224 0.0280297 0.0154733
14 0.3222301 0.4761396 0.0280297 0.0154733
21 0.3222301 0.6551879 0.0280297 0.0154734
1 0.3935785 0.5358224 0.0280297 0.0154733
2 0.4649269 0.4761396 0.0280297 0.0154733
18 0.3222301 0.7148707 0.0280297 0.0154733
13 0.6076237 0.4164569 0.0280297 0.0154733
7 0.1795334 0.4761396 0.0280297 0.0154733
