4 0.5506798 0.4315085 0.0286538 0.0155399
26 0.1859951 0.5513878 0.0286538 0.0155399
32 0.4002473 0.5203080 0.5274904 0.4262376
20 0.1859951 0.3715689 0.0286538 0.0155399
6 0.5506798 0.3715689 0.0286538 0.0155399
26 0.2589320 0.4315085 0.0286538 0.0155399
19 0.4048059 0.4315085 0.0286538 0.0155399
23 0.4777428 0.4315085 0.0286538 0.0155399
33 0.6236167 0.4315085 0.0677272 0.0599396
21 0.6236167 0.4315085 0.0286538 0.0155399
27 0.2589320 0.4914482 0.0286538 0.0155399
9 0.3318689 0.4914482 0.0286538 0.0155399
11 0.4048059 0.4914482 0.0286538 0.0155399
8 0.4777428 0.4914482 0.0286538 0.0155399
18 0.5506798 0.4914482 0.0286538 0.0155399
30 0.6236167 0.4914482 0.0286538 0.0155399
22 0.3318689 0.5513878 0.0286538 0.0155399
24 0.6236167 0.5513878 0.0286538 0.0155399
31 0.1859951 0.6113274 0.0286538 0.0155399
7 0.2589320 0.6113274 0.0286538 0.0155399
1 0.4048059 0.6113274 0.0286538 0.0155399
29 0.4777428 0.6113274 0.0286538 0.0155399
17 0.5506798 0.6113274 0.0286538 0.0155399
14 0.2589320 0.6712672 0.0286538 0.0155400
10 0.4777428 0.6712672 0.0286538 0.0155400
26 0.2589320 0.5513878 0.0286538 0.0155399
4 0.3318689 0.3715689 0.0286538 0.0155399
26 0.3318689 0.4315085 0.0286538 0.0155399
14 0.3318689 0.6712672 0.0286538 0.0155400
21 0.4048059 0.3715689 0.0286538 0.0155399
18 0.4777428 0.3715689 0.0286538 0.0155399
16 0.5506798 0.5513878 0.0286538 0.0155399
27 0.3318689 0.6113274 0.0286538 0.0155399
29 0.2589320 0.3715689 0.0286538 0.0155399
7 0.1859951 0.4315085 0.0286538 0.0155399
14 0.6236167 0.3715689 0.0286538 0.0155399
24 0.5506798 0.6712672 0.0286538 0.0155400
18 0.4777428 0.5513878 0.0286538 0.0155399
21 0.1859951 0.6712672 0.0286538 0.0155400
30 0.1859951 0.4914482 0.0286538 0.0155399
30 0.4048059 0.6712672 0.0286538 0.0155400
15 0.6236167 0.6712672 0.0286538 0.0155400
20 0.6236167 0.6113274 0.0286538 0.0155399
29 0.4048059 0.5513878 0.0286538 0.0155399
