9 0.3212411 0.7149783 0.0261339 0.0158616
26 0.7203763 0.7761587 0.0261338 0.0158615
32 0.5166511 0.6220747 0.4811005 0.4350605
33 0.3212411 0.4702568 0.0617709 0.0611804
10 0.3212411 0.4702568 0.0261339 0.0158616
20 0.4542862 0.4702568 0.0261339 0.0158616
29 0.5208087 0.4702568 0.0261339 0.0158616
12 0.6538538 0.4702568 0.0261338 0.0158616
13 0.4542862 0.5314372 0.0261339 0.0158616
5 0.5208087 0.5314372 0.0261339 0.0158616
10 0.6538538 0.5314372 0.0261338 0.0158616
1 0.7203763 0.5314372 0.0261338 0.0158616
27 0.3212411 0.5926175 0.0261339 0.0158615
14 0.5873312 0.5926175 0.0261338 0.0158615
28 0.6538538 0.5926175 0.0261338 0.0158615
4 0.7203763 0.5926175 0.0261338 0.0158615
31 0.3877637 0.6537979 0.0261338 0.0158615
21 0.5873312 0.6537979 0.0261338 0.0158615
11 0.6538538 0.6537979 0.0261338 0.0158615
8 0.5873312 0.7149783 0.0261338 0.0158616
3 0.6538538 0.7149783 0.0261338 0.0158616
30 0.7203763 0.7149783 0.0261338 0.0158616
7 0.4542862 0.7761587 0.0261339 0.0158615
6 0.5208087 0.7761587 0.0261339 0.0158615
18 0.5873312 0.7761587 0.0261338 0.0158615
25 0.5208087 0.6537979 0.0261339 0.0158615
15 0.4542862 0.6537979 0.0261339 0.0158615
7 0.7203763 0.6537979 0.0261338 0.0158615
29 0.5208087 0.5926175 0.0261339 0.0158615
4 0.5873312 0.5314372 0.0261338 0.0158616
26 0.3212411 0.7761587 0.0261339 0.0158615
16 0.3212411 0.5314372 0.0261339 0.0158616
1 0.5873312 0.4702568 0.0261338 0.0158616
27 0.3877637 0.5314372 0.0261338 0.0158616
22 0.3877637 0.7149783 0.0261338 0.0158616
3 0.3877637 0.4702568 0.0261338 0.0158616
7 0.3212411 0.6537979 0.0261339 0.0158615
24 0.5208087 0.7149783 0.0261339 0.0158616
21 0.3877637 0.5926175 0.0261338 0.0158615
13 0.7203763 0.4702568 0.0261338 0.0158616
17 0.3877637 0.7761587 0.0261338 0.0158615
12 0.6538538 0.7761587 0.0261338 0.0158615
28 0.4542862 0.7149783 0.0261339 0.0158616
22 0.4542862 0.5926175 0.0261339 0.0158615
