30 0.5322393 0.6043012 0.0287563 0.0158329
2 0.3858435 0.2995186 0.0287563 0.0169638
32 0.3132991 0.4459726 0.5293777 0.4342728
31 0.1662498 0.2995186 0.0287563 0.0169638
2 0.4590414 0.2995186 0.0287563 0.0169638
24 0.1662498 0.3600228 0.0287563 0.0158329
1 0.3858435 0.3600228 0.0287563 0.0158329
9 0.5322393 0.3600228 0.0287563 0.0158329
29 0.1662498 0.4216578 0.0287563 0.0169638
14 0.2394477 0.4216578 0.0287563 0.0169638
26 0.3126456 0.4216578 0.0287563 0.0169638
12 0.3858435 0.4216578 0.0287563 0.0169638
30 0.5322393 0.4216578 0.0287563 0.0169638
19 0.0930519 0.4827274 0.0287563 0.0169638
18 0.2394477 0.4827274 0.0287563 0.0169638
17 0.3126456 0.4827274 0.0287563 0.0169638
23 0.3858435 0.4827274 0.0287563 0.0169638
33 0.0930519 0.5432316 0.0679695 0.0610696
23 0.0930519 0.5437970 0.0287563 0.0169638
13 0.2394477 0.5437970 0.0287563 0.0169638
16 0.3858435 0.5437970 0.0287563 0.0169638
10 0.4590414 0.5437970 0.0287563 0.0169638
4 0.0930519 0.6043012 0.0287563 0.0158329
7 0.2394477 0.6043012 0.0287563 0.0158329
27 0.4590414 0.6043012 0.0287563 0.0158329
30 0.5322393 0.5437970 0.0287563 0.0169638
27 0.1662498 0.6043012 0.0287563 0.0158329
30 0.1662498 0.5437970 0.0287563 0.0169638
2 0.1662498 0.4827274 0.0287563 0.0169638
9 0.2394477 0.3600228 0.0287563 0.0158329
30 0.3126456 0.3600228 0.0287563 0.0158329
6 0.3126456 0.5437970 0.0287563 0.0169638
11 0.4590414 0.3600228 0.0287563 0.0158329
7 0.2394477 0.2995186 0.0287563 0.0169638
22 0.4590414 0.4216578 0.0287563 0.0169638
13 0.4590414 0.4827274 0.0287563 0.0169638
5 0.0930519 0.3600228 0.0287563 0.0158329
10 0.0930519 0.4216578 0.0287563 0.0169638
13 0.0930519 0.2995186 0.0287563 0.0169638
2 0.5322393 0.2995186 0.0287563 0.0169638
16 0.3126456 0.2995186 0.0287563 0.0169638
10 0.3858435 0.6043012 0.0287563 0.0158329
21 0.5322393 0.4827274 0.0287563 0.0169638
2 0.3126456 0.6043012 0.0287563 0.0158329
