15 0.4056501 0.7560376 0.0269310 0.0154232
9 0.6113049 0.5180805 0.0269310 0.0154231
32 0.6070204 0.6062128 0.4957748 0.4230348
13 0.8169596 0.4585912 0.0269310 0.0154231
20 0.4056501 0.5180805 0.0269310 0.0154231
10 0.5427533 0.5180805 0.0269310 0.0154231
18 0.8169596 0.5180805 0.0269310 0.0154231
8 0.4056501 0.5775697 0.0269310 0.0154232
19 0.4742017 0.5775697 0.0269310 0.0154232
33 0.6113049 0.5775698 0.0636550 0.0594893
25 0.6113049 0.5775697 0.0269310 0.0154232
22 0.5427533 0.6370591 0.0269310 0.0154232
5 0.7484081 0.6370591 0.0269310 0.0154232
27 0.8169596 0.6370591 0.0269310 0.0154232
26 0.4742017 0.6965483 0.0269310 0.0154232
7 0.5427533 0.6965483 0.0269310 0.0154232
21 0.6113049 0.6965483 0.0269310 0.0154232
29 0.7484081 0.6965483 0.0269310 0.0154232
31 0.8169596 0.6965483 0.0269310 0.0154232
23 0.4742017 0.7560376 0.0269310 0.0154232
24 0.5427533 0.7560376 0.0269310 0.0154232
3 0.6113049 0.7560376 0.0269310 0.0154232
17 0.6798565 0.7560376 0.0269310 0.0154232
14 0.7484081 0.7560376 0.0269310 0.0154232
30 0.8169596 0.7560376 0.0269310 0.0154232
13 0.6798565 0.5180805 0.0269310 0.0154231
8 0.4056501 0.6370591 0.0269310 0.0154232
17 0.6798565 0.6370591 0.0269310 0.0154232
26 0.4742017 0.4585912 0.0269310 0.0154231
12 0.6113049 0.6370591 0.0269310 0.0154232
11 0.7484081 0.4585912 0.0269310 0.0154231
19 0.4742017 0.6370591 0.0269310 0.0154232
26 0.8169596 0.5775697 0.0269310 0.0154232
22 0.6798565 0.4585912 0.0269310 0.0154231
10 0.5427533 0.4585912 0.0269310 0.0154231
30 0.7484081 0.5180805 0.0269310 0.0154231
21 0.6798565 0.6965483 0.0269310 0.0154232
3 0.4056501 0.6965483 0.0269310 0.0154232
10 0.6113049 0.4585912 0.0269310 0.0154231
1 0.5427533 0.5775697 0.0269310 0.0154232
3 0.4742017 0.5180805 0.0269310 0.0154231
20 0.7484081 0.5775697 0.0269310 0.0154232
31 0.4056501 0.4585912 0.0269310 0.0154231
27 0.6798565 0.5775697 0.0269310 0.0154232
