24 0.4756743 0.3918991 0.0283545 0.0151864
29 0.1869739 0.6262033 0.0283545 0.0151864
32 0.2584392 0.4786785 0.5143784 0.4165409
22 0.1147988 0.3333231 0.0283545 0.0151864
7 0.3313241 0.3333231 0.0283545 0.0151864
13 0.4034992 0.3333231 0.0283545 0.0151864
12 0.4756743 0.3333231 0.0283545 0.0151864
5 0.0426237 0.3918991 0.0283545 0.0151864
18 0.1869739 0.3918991 0.0283545 0.0151864
19 0.3313241 0.3918991 0.0283545 0.0151864
33 0.4034992 0.3918991 0.0670197 0.0585760
6 0.4034992 0.3918991 0.0283545 0.0151864
20 0.0426237 0.4504752 0.0283545 0.0151864
29 0.1869739 0.4504752 0.0283545 0.0151864
31 0.2591490 0.4504752 0.0283545 0.0151864
6 0.3313241 0.4504752 0.0283545 0.0151864
15 0.0426237 0.5090513 0.0283545 0.0151864
11 0.1869739 0.5090513 0.0283545 0.0151864
16 0.2591490 0.5090513 0.0283545 0.0151864
17 0.1147988 0.5676273 0.0283545 0.0151864
4 0.1869739 0.5676273 0.0283545 0.0151864
30 0.4034992 0.5676273 0.0283545 0.0151864
25 0.1147988 0.6262033 0.0283545 0.0151864
10 0.4034992 0.6262033 0.0283545 0.0151864
26 0.4756743 0.6262033 0.0283545 0.0151864
19 0.3313241 0.6262033 0.0283545 0.0151864
25 0.1869739 0.3333231 0.0283545 0.0151864
5 0.2591490 0.5676273 0.0283545 0.0151864
17 0.4034992 0.5090513 0.0283545 0.0151864
19 0.4034992 0.4504752 0.0283545 0.0151864
31 0.2591490 0.6262033 0.0283545 0.0151864
15 0.4756743 0.4504752 0.0283545 0.0151864
20 0.2591490 0.3918991 0.0283545 0.0151864
16 0.3313241 0.5676273 0.0283545 0.0151864
3 0.0426237 0.6262033 0.0283545 0.0151864
18 0.4756743 0.5676273 0.0283545 0.0151864
14 0.4756743 0.5090513 0.0283545 0.0151864
31 0.1147988 0.5090513 0.0283545 0.0151864
27 0.0426237 0.5676273 0.0283545 0.0151864
5 0.1147988 0.4504752 0.0283545 0.0151864
4 0.0426237 0.3333231 0.0283545 0.0151864
3 0.3313241 0.5090513 0.0283545 0.0151864
28 0.1147988 0.3918991 0.0283545 0.0151864
21 0.2591490 0.3333231 0.0283545 0.0151864
