15 0.2629718 0.4518181 0.0271456 0.0159376
6 0.2629718 0.3288708 0.0271456 0.0159376
32 0.3277509 0.3584692 0.4997250 0.4371458
13 0.1247762 0.2059236 0.0271456 0.0159376
33 0.1938740 0.2059236 0.0641622 0.0614736
7 0.1938740 0.2059236 0.0271455 0.0159376
12 0.4702651 0.2059236 0.0271455 0.0159376
15 0.1938740 0.2673972 0.0271455 0.0159376
16 0.5393629 0.2673972 0.0271455 0.0159376
20 0.1247762 0.3288708 0.0271456 0.0159376
18 0.4702651 0.3288708 0.0271455 0.0159376
31 0.5393629 0.3288708 0.0271455 0.0159376
10 0.1938740 0.3903444 0.0271455 0.0159376
22 0.2629718 0.3903444 0.0271456 0.0159376
1 0.4702651 0.3903444 0.0271455 0.0159376
30 0.5393629 0.3903444 0.0271455 0.0159376
29 0.4011673 0.4518181 0.0271456 0.0159376
8 0.5393629 0.4518181 0.0271455 0.0159376
31 0.3320695 0.3903444 0.0271456 0.0159376
2 0.2629718 0.2059236 0.0271456 0.0159376
31 0.1247762 0.3903444 0.0271456 0.0159376
25 0.1938740 0.3288708 0.0271455 0.0159376
4 0.4011673 0.3903444 0.0271456 0.0159376
20 0.4702651 0.4518181 0.0271455 0.0159376
5 0.3320695 0.2673972 0.0271456 0.0159376
3 0.4011673 0.2673972 0.0271456 0.0159376
6 0.3320695 0.2059236 0.0271456 0.0159376
27 0.5393629 0.2059236 0.0271455 0.0159376
1 0.4011673 0.3288708 0.0271456 0.0159376
26 0.3320695 0.4518181 0.0271456 0.0159376
21 0.3320695 0.3288708 0.0271456 0.0159376
4 0.4011673 0.2059236 0.0271456 0.0159376
24 0.1938740 0.4518181 0.0271455 0.0159376
14 0.1247762 0.2673972 0.0271456 0.0159376
17 0.1247762 0.4518181 0.0271456 0.0159376
26 0.2629718 0.2673972 0.0271456 0.0159376
7 0.4702651 0.2673972 0.0271455 0.0159376
