20 0.5503947 0.5550211 0.0274759 0.0151673
15 0.5503947 0.4380163 0.0274759 0.0151673
32 0.6159622 0.4661841 0.5058063 0.4160170
2 0.4105175 0.3210115 0.0274759 0.0151673
12 0.4804561 0.3210115 0.0274759 0.0151673
4 0.6902721 0.3210115 0.0274759 0.0151673
15 0.7602107 0.3210115 0.0274759 0.0151673
20 0.4105175 0.3795139 0.0274759 0.0151673
10 0.4804561 0.3795139 0.0274759 0.0151673
27 0.7602107 0.3795139 0.0274759 0.0151673
33 0.4105174 0.4380163 0.0649430 0.0585024
7 0.4105175 0.4380163 0.0274759 0.0151673
18 0.6203334 0.4380163 0.0274759 0.0151673
19 0.6902721 0.4380163 0.0274759 0.0151673
31 0.7602107 0.4380163 0.0274759 0.0151673
29 0.4105175 0.4965187 0.0274759 0.0151673
11 0.4804561 0.4965187 0.0274759 0.0151673
17 0.5503947 0.4965187 0.0274759 0.0151673
25 0.6203334 0.4965187 0.0274759 0.0151673
3 0.6902721 0.4965187 0.0274759 0.0151673
6 0.4804561 0.5550211 0.0274759 0.0151673
23 0.6203334 0.5550211 0.0274759 0.0151673
21 0.4105175 0.6135234 0.0274759 0.0151672
26 0.6902721 0.6135234 0.0274759 0.0151672
13 0.7602107 0.6135234 0.0274759 0.0151672
14 0.7602107 0.4965187 0.0274759 0.0151673
31 0.4804561 0.6135234 0.0274759 0.0151672
17 0.5503947 0.3210115 0.0274759 0.0151673
3 0.8301494 0.6135234 0.0274759 0.0151672
2 0.4105175 0.5550211 0.0274759 0.0151673
13 0.8301494 0.3210115 0.0274759 0.0151673
17 0.4804561 0.4380163 0.0274759 0.0151673
10 0.6203334 0.3795139 0.0274759 0.0151673
25 0.5503947 0.6135234 0.0274759 0.0151672
9 0.6902721 0.3795139 0.0274759 0.0151673
28 0.5503947 0.3795139 0.0274759 0.0151673
3 0.8301494 0.4380163 0.0274759 0.0151673
15 0.8301494 0.3795139 0.0274759 0.0151673
18 0.7602107 0.5550211 0.0274759 0.0151673
2 0.8301494 0.4965187 0.0274759 0.0151673
10 0.6203334 0.6135234 0.0274759 0.0151672
22 0.8301494 0.5550211 0.0274759 0.0151673
16 0.6902721 0.5550211 0.0274759 0.0151673
4 0.6203334 0.3210115 0.0274759 0.0151673
