25 0.5616410 0.5224210 0.0262486 0.0159500
7 0.4948263 0.4070490 0.0262486 0.0148867
32 0.3617934 0.4878626 0.4832137 0.4083214
14 0.1607526 0.3501605 0.0262486 0.0159501
28 0.2943821 0.3501605 0.0262486 0.0159501
31 0.3611968 0.3501605 0.0262486 0.0159501
17 0.5616410 0.3501605 0.0262486 0.0159501
13 0.1607526 0.4070490 0.0262486 0.0148867
21 0.2275674 0.4070490 0.0262486 0.0148867
29 0.2943821 0.4070490 0.0262486 0.0148867
24 0.3611968 0.4070490 0.0262486 0.0148867
18 0.5616410 0.4070490 0.0262486 0.0148867
7 0.4948263 0.4650008 0.0262486 0.0159500
3 0.1607526 0.5224210 0.0262486 0.0159500
23 0.2275674 0.5224210 0.0262486 0.0159500
10 0.2943821 0.5224210 0.0262486 0.0159500
22 0.3611968 0.5224210 0.0262486 0.0159500
9 0.2275674 0.5798412 0.0262486 0.0159501
15 0.3611968 0.5798412 0.0262486 0.0159501
26 0.5616410 0.5798412 0.0262486 0.0159501
11 0.1607526 0.6367297 0.0262486 0.0148867
33 0.2275674 0.6367297 0.0620423 0.0574202
16 0.2275674 0.6367297 0.0262486 0.0148867
25 0.3611968 0.6367297 0.0262486 0.0148867
8 0.5616410 0.6367297 0.0262486 0.0148867
24 0.3611968 0.4650008 0.0262486 0.0159500
17 0.1607526 0.5798412 0.0262486 0.0159501
29 0.5616410 0.4650008 0.0262486 0.0159500
11 0.4280116 0.5224210 0.0262486 0.0159500
22 0.1607526 0.4650008 0.0262486 0.0159500
18 0.2275674 0.4650008 0.0262486 0.0159500
1 0.4948263 0.3501605 0.0262486 0.0159501
26 0.4280116 0.3501605 0.0262486 0.0159501
3 0.2943821 0.6367297 0.0262486 0.0148867
13 0.2943821 0.5798412 0.0262486 0.0159501
25 0.4280116 0.5798412 0.0262486 0.0159501
17 0.2275674 0.3501605 0.0262486 0.0159501
8 0.4280116 0.6367297 0.0262486 0.0148867
17 0.4948263 0.6367297 0.0262486 0.0148867
19 0.4948263 0.5798412 0.0262486 0.0159501
20 0.4280116 0.4070490 0.0262486 0.0148867
12 0.4948263 0.5224210 0.0262486 0.0159500
24 0.4280116 0.4650008 0.0262486 0.0159500
18 0.2943821 0.4650008 0.0262486 0.0159500
