17 0.5459938 0.1992302 0.0270100 0.0156837
28 0.4084885 0.2597244 0.0270099 0.0156837
32 0.3354389 0.3493456 0.4972286 0.4301815
5 0.1334782 0.1992302 0.0270099 0.0156837
18 0.2709834 0.1992302 0.0270099 0.0156837
30 0.4772411 0.1992302 0.0270099 0.0156837
26 0.2709834 0.2597244 0.0270099 0.0156837
33 0.4772412 0.2597244 0.0638417 0.0604943
2 0.4772411 0.2597244 0.0270099 0.0156837
11 0.5459938 0.2597244 0.0270100 0.0156837
25 0.1334782 0.3202187 0.0270099 0.0156837
2 0.3397359 0.3202187 0.0270099 0.0156837
23 0.4772411 0.3202187 0.0270099 0.0156837
24 0.1334782 0.3807130 0.0270099 0.0156837
16 0.2022308 0.3807130 0.0270100 0.0156837
22 0.3397359 0.3807130 0.0270099 0.0156837
7 0.5459938 0.3807130 0.0270100 0.0156837
15 0.5459938 0.4412073 0.0270100 0.0156837
13 0.2022308 0.1992302 0.0270100 0.0156837
13 0.3397359 0.4412073 0.0270099 0.0156837
20 0.4772411 0.3807130 0.0270099 0.0156837
23 0.2022308 0.2597244 0.0270100 0.0156837
26 0.4084885 0.3807130 0.0270099 0.0156837
17 0.1334782 0.4412073 0.0270099 0.0156837
19 0.4772411 0.4412073 0.0270099 0.0156837
2 0.2709834 0.3202187 0.0270099 0.0156837
25 0.2022308 0.3202187 0.0270100 0.0156837
25 0.2709834 0.3807130 0.0270099 0.0156837
15 0.1334782 0.2597244 0.0270099 0.0156837
26 0.4084885 0.1992302 0.0270099 0.0156837
4 0.4084885 0.3202187 0.0270099 0.0156837
17 0.4084885 0.4412073 0.0270099 0.0156837
31 0.3397359 0.2597244 0.0270099 0.0156837
4 0.5459938 0.3202187 0.0270100 0.0156837
14 0.3397359 0.1992302 0.0270099 0.0156837
21 0.2709834 0.4412073 0.0270099 0.0156837
26 0.2022308 0.4412073 0.0270100 0.0156837
