25 0.2497271 0.4020868 0.0277007 0.0149711
31 0.3907485 0.4020868 0.0277006 0.0149711
32 0.4568523 0.4298902 0.5099437 0.4106355
14 0.2497271 0.2865955 0.0277007 0.0149711
6 0.3907485 0.2865955 0.0277006 0.0149711
10 0.4612593 0.2865955 0.0277007 0.0149711
5 0.6727915 0.2865955 0.0277007 0.0149711
18 0.3202378 0.3443412 0.0277007 0.0149711
8 0.3907485 0.3443412 0.0277006 0.0149711
17 0.4612593 0.3443412 0.0277007 0.0149711
24 0.4612593 0.4020868 0.0277007 0.0149711
12 0.5317700 0.4020868 0.0277007 0.0149711
23 0.6022807 0.4020868 0.0277007 0.0149711
33 0.3907486 0.4598324 0.0654742 0.0577456
17 0.3907485 0.4598324 0.0277006 0.0149711
9 0.2497271 0.5175781 0.0277007 0.0149711
26 0.3907485 0.5175781 0.0277006 0.0149711
19 0.6727915 0.5175781 0.0277007 0.0149711
8 0.3202378 0.2865955 0.0277007 0.0149711
4 0.5317700 0.3443412 0.0277007 0.0149711
3 0.6022807 0.5175781 0.0277007 0.0149711
6 0.4612593 0.5175781 0.0277007 0.0149711
29 0.4612593 0.4598324 0.0277007 0.0149711
31 0.2497271 0.3443412 0.0277007 0.0149711
21 0.2497271 0.4598324 0.0277007 0.0149711
16 0.5317700 0.5175781 0.0277007 0.0149711
5 0.5317700 0.2865955 0.0277007 0.0149711
25 0.3202378 0.5175781 0.0277007 0.0149711
18 0.6727915 0.4020868 0.0277007 0.0149711
6 0.5317700 0.4598324 0.0277007 0.0149711
7 0.6727915 0.3443412 0.0277007 0.0149711
13 0.6022807 0.3443412 0.0277007 0.0149711
11 0.3202378 0.4020868 0.0277007 0.0149711
11 0.3202378 0.4598324 0.0277007 0.0149711
14 0.6727915 0.4598324 0.0277007 0.0149711
8 0.6022807 0.2865955 0.0277007 0.0149711
27 0.6022807 0.4598324 0.0277007 0.0149711
