29 0.6784325 0.3580681 0.0277290 0.0152212
6 0.6078495 0.5341991 0.0277290 0.0152212
32 0.4622720 0.4450464 0.5104667 0.4174957
3 0.4666834 0.2993578 0.0277290 0.0152212
33 0.5372665 0.2993578 0.0655414 0.0587103
7 0.5372665 0.2993578 0.0277291 0.0152212
30 0.6078495 0.2993578 0.0277290 0.0152212
25 0.2549343 0.3580681 0.0277291 0.0152212
8 0.3961004 0.3580681 0.0277290 0.0152212
14 0.4666834 0.3580681 0.0277290 0.0152212
1 0.5372665 0.3580681 0.0277291 0.0152212
6 0.3255173 0.4167784 0.0277291 0.0152212
24 0.2549343 0.4754888 0.0277291 0.0152212
22 0.3255173 0.4754888 0.0277291 0.0152212
9 0.3961004 0.4754888 0.0277290 0.0152212
21 0.4666834 0.4754888 0.0277290 0.0152212
19 0.5372665 0.4754888 0.0277291 0.0152212
20 0.2549343 0.5341991 0.0277291 0.0152212
31 0.5372665 0.4167784 0.0277291 0.0152212
2 0.3255173 0.5341991 0.0277291 0.0152212
19 0.6784325 0.2993578 0.0277290 0.0152212
19 0.3961004 0.2993578 0.0277290 0.0152212
1 0.3255173 0.3580681 0.0277291 0.0152212
21 0.6078495 0.3580681 0.0277290 0.0152212
4 0.3255173 0.2993578 0.0277291 0.0152212
29 0.5372665 0.5341991 0.0277291 0.0152212
31 0.3961004 0.4167784 0.0277290 0.0152212
29 0.6078495 0.4754888 0.0277290 0.0152212
25 0.6784325 0.4167784 0.0277290 0.0152212
17 0.6078495 0.4167784 0.0277290 0.0152212
17 0.6784325 0.4754888 0.0277290 0.0152212
26 0.2549343 0.2993578 0.0277291 0.0152212
23 0.3961004 0.5341991 0.0277290 0.0152212
14 0.4666834 0.5341991 0.0277290 0.0152212
6 0.2549343 0.4167784 0.0277291 0.0152212
28 0.6784325 0.5341991 0.0277290 0.0152212
21 0.4666834 0.4167784 0.0277290 0.0152212
