22 0.3271435 0.4694895 0.0286601 0.0163138
7 0.4730495 0.2177904 0.0286601 0.0163138
32 0.2573421 0.3739371 0.5121842 0.4474651
33 0.1812375 0.2177904 0.0677421 0.0629248
19 0.1812375 0.2177904 0.0286601 0.0163138
9 0.3271435 0.2177904 0.0286601 0.0163138
24 0.0353315 0.2807152 0.0286601 0.0163138
12 0.2541905 0.2807152 0.0286601 0.0163138
15 0.3271435 0.2807152 0.0286601 0.0163138
29 0.4730495 0.2807152 0.0286601 0.0163138
14 0.1082845 0.3436400 0.0286601 0.0163138
8 0.2541905 0.3436400 0.0286601 0.0163138
19 0.4730495 0.3436400 0.0286601 0.0163138
27 0.1812375 0.4065647 0.0286601 0.0163139
18 0.2541905 0.4065647 0.0286601 0.0163139
10 0.4000965 0.4065647 0.0286601 0.0163139
22 0.1812375 0.4694895 0.0286601 0.0163138
23 0.4000965 0.4694895 0.0286601 0.0163138
28 0.3271435 0.4065647 0.0286601 0.0163139
24 0.0353315 0.4065647 0.0286601 0.0163139
17 0.2541905 0.2177904 0.0286601 0.0163138
11 0.1812375 0.2807152 0.0286601 0.0163138
6 0.0353315 0.4694895 0.0286601 0.0163138
8 0.4000965 0.2807152 0.0286601 0.0163138
14 0.1082845 0.4065647 0.0286601 0.0163139
19 0.4730495 0.4065647 0.0286601 0.0163139
17 0.2541905 0.4694895 0.0286601 0.0163138
10 0.1082845 0.2177904 0.0286601 0.0163138
16 0.1812375 0.3436400 0.0286601 0.0163138
1 0.0353315 0.2177904 0.0286601 0.0163138
18 0.3271435 0.3436400 0.0286601 0.0163138
16 0.4000965 0.2177904 0.0286601 0.0163138
27 0.4730495 0.4694895 0.0286601 0.0163138
29 0.1082845 0.4694895 0.0286601 0.0163138
7 0.0353315 0.3436400 0.0286601 0.0163138
27 0.1082845 0.2807152 0.0286601 0.0163138
23 0.4000965 0.3436400 0.0286601 0.0163138
