3 0.5218183 0.5427106 0.0270395 0.0162942
29 0.5906461 0.3541631 0.0270395 0.0162943
32 0.5863443 0.4472729 0.4977719 0.4469274
16 0.3841629 0.2913139 0.0270395 0.0162942
24 0.4529906 0.2913139 0.0270395 0.0162942
27 0.7283015 0.2913139 0.0270394 0.0162942
4 0.3841629 0.3541631 0.0270395 0.0162943
30 0.4529906 0.3541631 0.0270395 0.0162943
33 0.7283015 0.3541631 0.0639114 0.0628492
19 0.7283015 0.3541631 0.0270394 0.0162943
8 0.5218183 0.4170122 0.0270395 0.0162943
23 0.5906461 0.4170122 0.0270395 0.0162943
6 0.6594737 0.4170122 0.0270394 0.0162943
5 0.7971292 0.4170122 0.0270395 0.0162943
11 0.3841629 0.4798614 0.0270395 0.0162942
20 0.4529906 0.4798614 0.0270395 0.0162942
19 0.7971292 0.4798614 0.0270395 0.0162942
18 0.7283015 0.5427106 0.0270394 0.0162942
31 0.6594737 0.3541631 0.0270394 0.0162943
17 0.7971292 0.3541631 0.0270395 0.0162943
18 0.5906461 0.5427106 0.0270395 0.0162942
23 0.5218183 0.3541631 0.0270395 0.0162943
30 0.7283015 0.4170122 0.0270394 0.0162943
19 0.5218183 0.4798614 0.0270395 0.0162942
1 0.4529906 0.5427106 0.0270395 0.0162942
26 0.3841629 0.5427106 0.0270395 0.0162942
21 0.6594737 0.2913139 0.0270394 0.0162942
16 0.5218183 0.2913139 0.0270395 0.0162942
5 0.5906461 0.4798614 0.0270395 0.0162942
24 0.6594737 0.5427106 0.0270394 0.0162942
6 0.3841629 0.4170122 0.0270395 0.0162943
20 0.7971292 0.2913139 0.0270395 0.0162942
3 0.7283015 0.4798614 0.0270394 0.0162942
14 0.5906461 0.2913139 0.0270395 0.0162942
20 0.7971292 0.5427106 0.0270395 0.0162942
2 0.4529906 0.4170122 0.0270395 0.0162943
13 0.6594737 0.4798614 0.0270394 0.0162942
