14 0.5153448 0.5358798 0.0262117 0.0160390
6 0.5820654 0.4203996 0.0262117 0.0160389
32 0.5826611 0.5588688 0.4825333 0.4105959
17 0.4486241 0.4203996 0.0262117 0.0160389
2 0.4486241 0.4776050 0.0262117 0.0149697
10 0.5153448 0.4776050 0.0262117 0.0149697
22 0.6487861 0.4776050 0.0262117 0.0149697
12 0.3819035 0.5358798 0.0262117 0.0160390
7 0.4486241 0.5358798 0.0262117 0.0160390
5 0.7822274 0.5358798 0.0262117 0.0160390
16 0.4486241 0.5936198 0.0262117 0.0160390
33 0.5153447 0.5930851 0.0619549 0.0577400
6 0.5153448 0.5936198 0.0262117 0.0160390
6 0.7155067 0.5936198 0.0262117 0.0160390
9 0.3819035 0.6513599 0.0262117 0.0160390
26 0.5153448 0.6513599 0.0262117 0.0160390
31 0.5820654 0.6513599 0.0262117 0.0160390
11 0.6487861 0.6513599 0.0262117 0.0160390
6 0.5820654 0.5358798 0.0262117 0.0160390
24 0.3819035 0.4776050 0.0262117 0.0149697
17 0.3819035 0.4203996 0.0262117 0.0160389
9 0.6487861 0.4203996 0.0262117 0.0160389
11 0.7822274 0.6513599 0.0262117 0.0160390
27 0.7822274 0.4776050 0.0262117 0.0149697
22 0.5153448 0.4203996 0.0262117 0.0160389
10 0.7822274 0.4203996 0.0262117 0.0160389
22 0.3819035 0.5936198 0.0262117 0.0160390
25 0.4486241 0.6513599 0.0262117 0.0160390
7 0.7155067 0.4203996 0.0262117 0.0160389
7 0.6487861 0.5358798 0.0262117 0.0160390
16 0.5820654 0.5936198 0.0262117 0.0160390
28 0.5820654 0.4776050 0.0262117 0.0149697
13 0.6487861 0.5936198 0.0262117 0.0160390
27 0.7155067 0.6513599 0.0262117 0.0160390
19 0.7155067 0.4776050 0.0262117 0.0149697
11 0.7822274 0.5936198 0.0262117 0.0160390
20 0.7155067 0.5358798 0.0262117 0.0160390
