30 0.2723315 0.4508217 0.0267913 0.0152157
11 0.3405275 0.3921324 0.0267913 0.0152157
32 0.2680692 0.4203902 0.4932032 0.4173462
29 0.1359395 0.2747538 0.0267913 0.0152157
19 0.3405275 0.2747538 0.0267913 0.0152157
1 0.4087235 0.2747538 0.0267913 0.0152157
5 0.0677435 0.3334431 0.0267913 0.0152158
30 0.3405275 0.3334431 0.0267913 0.0152158
33 0.4087235 0.3334431 0.0633249 0.0586893
10 0.4087235 0.3334431 0.0267913 0.0152158
17 0.4769195 0.3334431 0.0267913 0.0152158
22 0.1359395 0.3921324 0.0267913 0.0152157
31 0.2723315 0.3921324 0.0267913 0.0152157
16 0.0677435 0.4508217 0.0267913 0.0152157
15 0.3405275 0.4508217 0.0267913 0.0152157
4 0.4769195 0.4508217 0.0267913 0.0152157
8 0.0677435 0.5095110 0.0267913 0.0152157
7 0.1359395 0.5095110 0.0267913 0.0152157
6 0.2041355 0.5095110 0.0267913 0.0152157
25 0.3405275 0.5095110 0.0267913 0.0152157
21 0.4769195 0.5095110 0.0267913 0.0152157
20 0.1359395 0.5682003 0.0267913 0.0152157
2 0.2041355 0.5682003 0.0267913 0.0152157
10 0.3405275 0.5682003 0.0267913 0.0152157
7 0.0677435 0.3921324 0.0267913 0.0152157
8 0.0677435 0.5682003 0.0267913 0.0152157
30 0.0677435 0.2747538 0.0267913 0.0152157
21 0.2723315 0.2747538 0.0267913 0.0152157
11 0.2041355 0.3334431 0.0267913 0.0152158
7 0.2723315 0.5095110 0.0267913 0.0152157
29 0.1359395 0.3334431 0.0267913 0.0152158
26 0.4087235 0.4508217 0.0267913 0.0152157
4 0.4769195 0.3921324 0.0267913 0.0152157
30 0.4769195 0.2747538 0.0267913 0.0152157
1 0.4769195 0.5682003 0.0267913 0.0152157
15 0.2041355 0.4508217 0.0267913 0.0152157
20 0.2723315 0.3334431 0.0267913 0.0152158
31 0.1359395 0.4508217 0.0267913 0.0152157
7 0.2041355 0.2747538 0.0267913 0.0152157
5 0.4087235 0.5095110 0.0267913 0.0152157
28 0.2723315 0.5682003 0.0267913 0.0152157
2 0.4087235 0.3921324 0.0267913 0.0152157
19 0.4087235 0.5682003 0.0267913 0.0152157
16 0.2041355 0.3921324 0.0267913 0.0152157
