2 0.1308628 0.2964730 0.0276969 0.0149084
29 0.4128678 0.4114811 0.0276969 0.0149084
32 0.3379602 0.4391682 0.5098752 0.4089176
12 0.2013640 0.2964730 0.0276969 0.0149084
29 0.4833691 0.2964730 0.0276969 0.0149084
33 0.1308628 0.3539771 0.0654655 0.0575040
29 0.1308628 0.3539771 0.0276969 0.0149084
8 0.4833691 0.3539771 0.0276969 0.0149084
4 0.1308628 0.4114811 0.0276969 0.0149084
7 0.2013640 0.4114811 0.0276969 0.0149084
2 0.4833691 0.4114811 0.0276969 0.0149084
10 0.5538703 0.4114811 0.0276970 0.0149084
28 0.1308628 0.4689851 0.0276969 0.0149084
18 0.1308628 0.5264891 0.0276969 0.0149084
11 0.2718653 0.5264891 0.0276969 0.0149084
13 0.4128678 0.5264891 0.0276969 0.0149084
21 0.4833691 0.5264891 0.0276969 0.0149084
5 0.3423665 0.4689851 0.0276969 0.0149084
15 0.5538703 0.4689851 0.0276970 0.0149084
7 0.2718653 0.4114811 0.0276969 0.0149084
28 0.2013640 0.3539771 0.0276969 0.0149084
26 0.2013640 0.5264891 0.0276969 0.0149084
1 0.2718653 0.3539771 0.0276969 0.0149084
27 0.4128678 0.3539771 0.0276969 0.0149084
13 0.3423665 0.3539771 0.0276969 0.0149084
29 0.3423665 0.5264891 0.0276969 0.0149084
20 0.2718653 0.4689851 0.0276969 0.0149084
27 0.4833691 0.4689851 0.0276969 0.0149084
24 0.5538703 0.3539771 0.0276970 0.0149084
23 0.2718653 0.2964730 0.0276969 0.0149084
13 0.4128678 0.2964730 0.0276969 0.0149084
19 0.5538703 0.2964730 0.0276970 0.0149084
13 0.2013640 0.4689851 0.0276969 0.0149084
6 0.3423665 0.2964730 0.0276969 0.0149084
3 0.3423665 0.4114811 0.0276969 0.0149084
5 0.5538703 0.5264891 0.0276970 0.0149084
26 0.4128678 0.4689851 0.0276969 0.0149084
