29 0.5001234 0.3222548 0.0269138 0.0154802
4 0.3631075 0.5013824 0.0269139 0.0154801
32 0.2903177 0.4704221 0.4954595 0.4245989
11 0.0890755 0.3222548 0.0269138 0.0154802
20 0.1575835 0.3222548 0.0269138 0.0154802
26 0.2260915 0.3222548 0.0269139 0.0154802
16 0.2945995 0.3222548 0.0269139 0.0154802
25 0.1575835 0.3819640 0.0269138 0.0154801
6 0.4316154 0.3819640 0.0269139 0.0154801
5 0.1575835 0.4416732 0.0269138 0.0154802
33 0.2260915 0.4416732 0.0636146 0.0597093
29 0.2260915 0.4416732 0.0269139 0.0154802
22 0.0890755 0.5013824 0.0269138 0.0154801
3 0.2260915 0.5013824 0.0269139 0.0154801
13 0.2945995 0.5013824 0.0269139 0.0154801
17 0.1575835 0.5610916 0.0269138 0.0154801
21 0.3631075 0.5610916 0.0269139 0.0154801
18 0.0890755 0.5610916 0.0269138 0.0154801
13 0.5001234 0.3819640 0.0269138 0.0154801
2 0.5001234 0.5610916 0.0269138 0.0154801
23 0.3631075 0.4416732 0.0269139 0.0154802
25 0.0890755 0.3819640 0.0269138 0.0154801
26 0.2260915 0.3819640 0.0269139 0.0154801
7 0.5001234 0.4416732 0.0269138 0.0154802
25 0.5001234 0.5013824 0.0269138 0.0154801
28 0.4316154 0.3222548 0.0269139 0.0154802
2 0.3631075 0.3819640 0.0269139 0.0154801
16 0.2260915 0.5610916 0.0269139 0.0154801
28 0.2945995 0.4416732 0.0269139 0.0154802
25 0.4316154 0.5013824 0.0269139 0.0154801
6 0.1575835 0.5013824 0.0269138 0.0154801
5 0.0890755 0.4416732 0.0269138 0.0154802
18 0.2945995 0.5610916 0.0269139 0.0154801
13 0.2945995 0.3819640 0.0269139 0.0154801
2 0.4316154 0.5610916 0.0269139 0.0154801
30 0.3631075 0.3222548 0.0269139 0.0154802
31 0.4316154 0.4416732 0.0269139 0.0154802
