22 0.5396533 0.3912763 0.0274384 0.0150872
16 0.6793394 0.3330827 0.0274384 0.0150872
32 0.6051312 0.3611018 0.5051154 0.4138211
22 0.5396533 0.2166955 0.0274384 0.0150872
5 0.6793394 0.2166955 0.0274384 0.0150872
6 0.8190257 0.2166955 0.0274384 0.0150872
11 0.6793394 0.2748891 0.0274384 0.0150872
33 0.8190257 0.2748891 0.0648544 0.0581936
22 0.8190257 0.2748891 0.0274384 0.0150872
10 0.4698102 0.3330827 0.0274384 0.0150872
12 0.7491826 0.3330827 0.0274384 0.0150872
26 0.6094964 0.3912763 0.0274384 0.0150872
15 0.7491826 0.3912763 0.0274384 0.0150872
27 0.8190257 0.3912763 0.0274384 0.0150872
21 0.4698102 0.4494699 0.0274384 0.0150872
2 0.6094964 0.4494699 0.0274384 0.0150872
14 0.6793394 0.4494699 0.0274384 0.0150872
19 0.6094964 0.2166955 0.0274384 0.0150872
19 0.4698102 0.2748891 0.0274384 0.0150872
1 0.7491826 0.2748891 0.0274384 0.0150872
19 0.4698102 0.2166955 0.0274384 0.0150872
21 0.5396533 0.4494699 0.0274384 0.0150872
26 0.6094964 0.3330827 0.0274384 0.0150872
2 0.5396533 0.3330827 0.0274384 0.0150872
24 0.8190257 0.3330827 0.0274384 0.0150872
21 0.5396533 0.2748891 0.0274384 0.0150872
4 0.3999671 0.2166955 0.0274384 0.0150872
8 0.3999671 0.3330827 0.0274384 0.0150872
8 0.7491826 0.4494699 0.0274384 0.0150872
1 0.8190257 0.4494699 0.0274384 0.0150872
31 0.3999671 0.3912763 0.0274384 0.0150872
25 0.4698102 0.3912763 0.0274384 0.0150872
10 0.6094964 0.2748891 0.0274384 0.0150872
4 0.3999671 0.2748891 0.0274384 0.0150872
24 0.6793394 0.3912763 0.0274384 0.0150872
7 0.7491826 0.2166955 0.0274384 0.0150872
30 0.3999671 0.4494699 0.0274384 0.0150872
