29 0.4033604 0.4566675 0.0277718 0.0154524
22 0.6154363 0.4566675 0.0277719 0.0154524
32 0.5403261 0.5449667 0.5112545 0.4238361
18 0.3326684 0.3970656 0.0277718 0.0154524
20 0.6154363 0.3970656 0.0277719 0.0154524
17 0.6861282 0.3970656 0.0277718 0.0154524
2 0.7568202 0.3970656 0.0277718 0.0154524
29 0.6861282 0.4566675 0.0277718 0.0154524
10 0.7568202 0.4566675 0.0277718 0.0154524
5 0.7568202 0.5162695 0.0277718 0.0154524
8 0.4033604 0.5758714 0.0277718 0.0154523
12 0.5447443 0.5758714 0.0277719 0.0154523
6 0.7568202 0.5758714 0.0277718 0.0154523
33 0.4033604 0.6354734 0.0656425 0.0596020
26 0.4033604 0.6354734 0.0277718 0.0154524
15 0.5447443 0.6354734 0.0277719 0.0154524
25 0.6154363 0.6354734 0.0277719 0.0154524
8 0.3326684 0.5162695 0.0277718 0.0154524
1 0.4740524 0.4566675 0.0277719 0.0154524
6 0.4740524 0.3970656 0.0277719 0.0154524
9 0.3326684 0.5758714 0.0277718 0.0154523
30 0.4033604 0.3970656 0.0277718 0.0154524
25 0.5447443 0.5162695 0.0277719 0.0154524
22 0.4740524 0.5758714 0.0277719 0.0154523
31 0.4740524 0.5162695 0.0277719 0.0154524
19 0.6861282 0.5162695 0.0277718 0.0154524
9 0.6154363 0.5162695 0.0277719 0.0154524
13 0.4740524 0.6354734 0.0277719 0.0154524
31 0.3326684 0.6354734 0.0277718 0.0154524
23 0.7568202 0.6354734 0.0277718 0.0154524
27 0.6154363 0.5758714 0.0277719 0.0154523
28 0.4033604 0.5162695 0.0277718 0.0154524
3 0.5447443 0.3970656 0.0277719 0.0154524
11 0.6861282 0.6354734 0.0277718 0.0154524
2 0.3326684 0.4566675 0.0277718 0.0154524
18 0.6861282 0.5758714 0.0277718 0.0154523
21 0.5447443 0.4566675 0.0277719 0.0154524
