22 0.5077180 0.4289999 0.0268771 0.0159698
4 0.3024744 0.5439826 0.0268771 0.0159698
32 0.5083288 0.5668727 0.4947836 0.4088276
31 0.3024744 0.4289999 0.0268771 0.0159698
3 0.3708889 0.4289999 0.0268771 0.0159698
29 0.4393034 0.4289999 0.0268771 0.0159698
7 0.6445470 0.4289999 0.0268771 0.0159698
30 0.7129616 0.4289999 0.0268771 0.0159698
8 0.5761325 0.4859589 0.0268771 0.0149052
2 0.6445470 0.4859589 0.0268771 0.0149052
5 0.7129616 0.4859589 0.0268771 0.0149052
26 0.4393034 0.5439826 0.0268771 0.0159698
33 0.7129616 0.6009417 0.0635278 0.0574914
15 0.7129616 0.6014740 0.0268771 0.0159698
24 0.3024744 0.6589654 0.0268771 0.0159698
17 0.3708889 0.6589654 0.0268771 0.0159698
13 0.7129616 0.6589654 0.0268771 0.0159698
20 0.3024744 0.6014740 0.0268771 0.0159698
9 0.4393034 0.6014740 0.0268771 0.0159698
14 0.3708889 0.5439826 0.0268771 0.0159698
6 0.6445470 0.6589654 0.0268771 0.0159698
13 0.5761325 0.6014740 0.0268771 0.0159698
29 0.5077180 0.4859589 0.0268771 0.0149052
21 0.4393034 0.6589654 0.0268771 0.0159698
7 0.5761325 0.4289999 0.0268771 0.0159698
18 0.4393034 0.4859589 0.0268771 0.0149052
4 0.6445470 0.6014740 0.0268771 0.0159698
22 0.5761325 0.5439826 0.0268771 0.0159698
19 0.5761325 0.6589654 0.0268771 0.0159698
12 0.6445470 0.5439826 0.0268771 0.0159698
16 0.3708889 0.6014740 0.0268771 0.0159698
6 0.5077180 0.6589654 0.0268771 0.0159698
6 0.3024744 0.4859589 0.0268771 0.0149052
19 0.7129616 0.5439826 0.0268771 0.0159698
24 0.3708889 0.4859589 0.0268771 0.0149052
13 0.5077180 0.6014740 0.0268771 0.0159698
16 0.5077180 0.5439826 0.0268771 0.0159698
