29 0.4633189 0.5603903 0.0288157 0.0171908
14 0.3166210 0.4979302 0.0288157 0.0160448
32 0.3906249 0.5850305 0.5304699 0.4400856
2 0.3166210 0.4366163 0.0288157 0.0171909
6 0.3899699 0.4366163 0.0288157 0.0171909
12 0.5366678 0.4366163 0.0288157 0.0171909
33 0.6100167 0.4360432 0.0681097 0.0618870
10 0.6100167 0.4366163 0.0288156 0.0171909
22 0.1699232 0.4979302 0.0288157 0.0160448
9 0.3899699 0.4979302 0.0288157 0.0160448
11 0.6100167 0.4979302 0.0288156 0.0160448
13 0.1699232 0.5603903 0.0288157 0.0171908
26 0.2432721 0.5603903 0.0288156 0.0171908
23 0.3899699 0.5603903 0.0288157 0.0171908
24 0.5366678 0.5603903 0.0288157 0.0171908
16 0.4633189 0.6222774 0.0288157 0.0171909
28 0.6100167 0.6222774 0.0288156 0.0171909
8 0.2432721 0.6841644 0.0288156 0.0171908
10 0.3166210 0.6841644 0.0288157 0.0171908
30 0.6100167 0.6841644 0.0288156 0.0171908
27 0.1699232 0.7454784 0.0288157 0.0160448
25 0.2432721 0.7454784 0.0288156 0.0160448
14 0.5366678 0.7454784 0.0288157 0.0160448
4 0.6100167 0.7454784 0.0288156 0.0160448
4 0.6100167 0.5603903 0.0288156 0.0171908
28 0.3899699 0.7454784 0.0288157 0.0160448
9 0.4633189 0.4366163 0.0288157 0.0171909
20 0.2432721 0.4979302 0.0288156 0.0160448
19 0.3899699 0.6222774 0.0288157 0.0171909
12 0.4633189 0.7454784 0.0288157 0.0160448
4 0.4633189 0.4979302 0.0288157 0.0160448
2 0.5366678 0.4979302 0.0288157 0.0160448
13 0.5366678 0.6841644 0.0288157 0.0171908
16 0.1699232 0.6222774 0.0288157 0.0171909
21 0.1699232 0.6841644 0.0288157 0.0171908
16 0.3166210 0.6222774 0.0288157 0.0171909
12 0.1699232 0.4366163 0.0288157 0.0171909
7 0.3166210 0.5603903 0.0288157 0.0171908
1 0.3899699 0.6841644 0.0288157 0.0171908
31 0.5366678 0.6222774 0.0288157 0.0171909
27 0.4633189 0.6841644 0.0288157 0.0171908
6 0.2432721 0.6222774 0.0288156 0.0171909
26 0.3166210 0.7454784 0.0288157 0.0160448
28 0.2432721 0.4366163 0.0288156 0.0171909
