31 0.5120046 0.3606423 0.0282391 0.0150362
25 0.1525973 0.3026453 0.0282391 0.0150363
32 0.3637491 0.4465639 0.5198570 0.4124235
15 0.2244788 0.3026453 0.0282392 0.0150363
3 0.4401231 0.3026453 0.0282392 0.0150363
13 0.4401231 0.3606423 0.0282392 0.0150362
23 0.5838861 0.3606423 0.0282391 0.0150362
25 0.2963602 0.4186394 0.0282392 0.0150363
6 0.4401231 0.4186394 0.0282392 0.0150363
21 0.1525973 0.4766364 0.0282391 0.0150363
16 0.2963602 0.4766364 0.0282392 0.0150363
29 0.4401231 0.4766364 0.0282392 0.0150363
4 0.5120046 0.4766364 0.0282391 0.0150363
31 0.5838861 0.4766364 0.0282391 0.0150363
10 0.1525973 0.5346335 0.0282391 0.0150363
33 0.5838861 0.5346335 0.0667471 0.0579970
31 0.5838861 0.5346335 0.0282391 0.0150363
5 0.2244788 0.4186394 0.0282392 0.0150363
1 0.4401231 0.5346335 0.0282392 0.0150363
24 0.2244788 0.5346335 0.0282392 0.0150363
14 0.2244788 0.4766364 0.0282392 0.0150363
21 0.3682417 0.5346335 0.0282391 0.0150363
25 0.2963602 0.3606423 0.0282392 0.0150362
27 0.3682417 0.3026453 0.0282391 0.0150363
16 0.3682417 0.3606423 0.0282391 0.0150362
5 0.5120046 0.3026453 0.0282391 0.0150363
21 0.2963602 0.3026453 0.0282392 0.0150363
13 0.2963602 0.5346335 0.0282392 0.0150363
28 0.3682417 0.4766364 0.0282391 0.0150363
27 0.5120046 0.5346335 0.0282391 0.0150363
1 0.5838861 0.4186394 0.0282391 0.0150363
15 0.1525973 0.4186394 0.0282391 0.0150363
17 0.1525973 0.3606423 0.0282391 0.0150362
16 0.5120046 0.4186394 0.0282391 0.0150363
9 0.3682417 0.4186394 0.0282391 0.0150363
6 0.2244788 0.3606423 0.0282392 0.0150362
14 0.5838861 0.3026453 0.0282391 0.0150363
