3 0.3652596 0.4805363 0.0276555 0.0153758
6 0.7172390 0.5398428 0.0276555 0.0153758
32 0.5016517 0.3904780 0.5091130 0.4217358
9 0.2948638 0.2433098 0.0276555 0.0153758
26 0.3652596 0.2433098 0.0276555 0.0153758
1 0.4356555 0.2433098 0.0276555 0.0153758
6 0.5060514 0.2433098 0.0276555 0.0153758
4 0.5764473 0.2433098 0.0276555 0.0153758
22 0.2948638 0.3026164 0.0276555 0.0153758
33 0.4356555 0.3026164 0.0653676 0.0593066
19 0.4356555 0.3026164 0.0276555 0.0153758
24 0.5060514 0.3026164 0.0276555 0.0153758
17 0.6468431 0.3026164 0.0276556 0.0153758
12 0.3652596 0.3619230 0.0276555 0.0153758
20 0.5764473 0.3619230 0.0276555 0.0153758
3 0.7172390 0.3619230 0.0276555 0.0153758
19 0.4356555 0.4212296 0.0276555 0.0153758
2 0.5764473 0.4212296 0.0276555 0.0153758
29 0.6468431 0.4212296 0.0276556 0.0153758
11 0.7172390 0.4212296 0.0276555 0.0153758
16 0.2948638 0.4805363 0.0276555 0.0153758
8 0.5060514 0.4805363 0.0276555 0.0153758
23 0.3652596 0.5398428 0.0276555 0.0153758
14 0.6468431 0.5398428 0.0276556 0.0153758
28 0.4356555 0.5398428 0.0276555 0.0153758
14 0.5060514 0.4212296 0.0276555 0.0153758
4 0.7172390 0.3026164 0.0276555 0.0153758
14 0.5764473 0.3026164 0.0276555 0.0153758
31 0.6468431 0.2433098 0.0276556 0.0153758
26 0.4356555 0.3619230 0.0276555 0.0153758
24 0.2948638 0.4212296 0.0276555 0.0153758
27 0.2948638 0.5398428 0.0276555 0.0153758
15 0.7172390 0.2433098 0.0276555 0.0153758
5 0.3652596 0.4212296 0.0276555 0.0153758
28 0.7172390 0.4805363 0.0276555 0.0153758
7 0.5764473 0.5398428 0.0276555 0.0153758
5 0.2948638 0.3619230 0.0276555 0.0153758
7 0.6468431 0.3619230 0.0276556 0.0153758
23 0.5764473 0.4805363 0.0276555 0.0153758
20 0.5060514 0.5398428 0.0276555 0.0153758
17 0.4356555 0.4805363 0.0276555 0.0153758
14 0.6468431 0.4805363 0.0276556 0.0153758
21 0.5060514 0.3619230 0.0276555 0.0153758
26 0.3652596 0.3026164 0.0276555 0.0153758
