17 0.4488284 0.4436894 0.0266108 0.0162568
24 0.6520384 0.5690989 0.0266109 0.0162568
32 0.5800682 0.4738806 0.4898813 0.4459005
33 0.4488284 0.3182799 0.0628983 0.0627047
7 0.4488284 0.3182799 0.0266108 0.0162568
22 0.5165651 0.3182799 0.0266108 0.0162568
4 0.5843018 0.3182799 0.0266109 0.0162568
28 0.6520384 0.3182799 0.0266109 0.0162568
19 0.7197751 0.3182799 0.0266108 0.0162568
23 0.7875117 0.3182799 0.0266108 0.0162568
24 0.4488284 0.3809846 0.0266108 0.0162567
16 0.5843018 0.3809846 0.0266109 0.0162567
1 0.7197751 0.4436894 0.0266108 0.0162568
17 0.3810918 0.5063942 0.0266108 0.0162568
12 0.5843018 0.5063942 0.0266109 0.0162568
27 0.7197751 0.5063942 0.0266108 0.0162568
2 0.5165651 0.5690989 0.0266108 0.0162568
6 0.7875117 0.5690989 0.0266108 0.0162568
5 0.6520384 0.5063942 0.0266109 0.0162568
2 0.7197751 0.5690989 0.0266108 0.0162568
24 0.4488284 0.5063942 0.0266108 0.0162568
29 0.7875117 0.4436894 0.0266108 0.0162568
25 0.5165651 0.5063942 0.0266108 0.0162568
20 0.7197751 0.3809846 0.0266108 0.0162567
28 0.5843018 0.4436894 0.0266109 0.0162568
3 0.5843018 0.5690989 0.0266109 0.0162568
19 0.5165651 0.3809846 0.0266108 0.0162567
15 0.7875117 0.3809846 0.0266108 0.0162567
31 0.3810918 0.3809846 0.0266108 0.0162567
26 0.3810918 0.4436894 0.0266108 0.0162568
27 0.5165651 0.4436894 0.0266108 0.0162568
17 0.6520384 0.3809846 0.0266109 0.0162567
24 0.4488284 0.5690989 0.0266108 0.0162568
15 0.3810918 0.5690989 0.0266108 0.0162568
6 0.3810918 0.3182799 0.0266108 0.0162568
28 0.6520384 0.4436894 0.0266109 0.0162568
29 0.7875117 0.5063942 0.0266108 0.0162568
