20 0.6993716 0.5486391 0.0284207 0.0162979
2 0.4099970 0.3139495 0.0284207 0.0162979
32 0.4829866 0.4546546 0.5231995 0.4172260
4 0.2653097 0.3139495 0.0284207 0.0162979
33 0.3376534 0.3134062 0.0671762 0.0586724
1 0.3376534 0.3139495 0.0284207 0.0162979
8 0.4823407 0.3139495 0.0284207 0.0162979
6 0.6270279 0.3139495 0.0284207 0.0162979
7 0.2653097 0.3720786 0.0284207 0.0152114
15 0.3376534 0.3720786 0.0284207 0.0152114
25 0.4823407 0.3720786 0.0284207 0.0152114
11 0.6270279 0.3720786 0.0284207 0.0152114
2 0.6993716 0.3720786 0.0284207 0.0152114
22 0.4099970 0.4312943 0.0284207 0.0162979
13 0.4099970 0.4899667 0.0284207 0.0162979
12 0.3376534 0.5486391 0.0284207 0.0162979
30 0.5546843 0.5486391 0.0284207 0.0162979
23 0.2653097 0.4312943 0.0284207 0.0162979
11 0.4823407 0.4312943 0.0284207 0.0162979
19 0.4099970 0.3720786 0.0284207 0.0152114
25 0.3376534 0.4312943 0.0284207 0.0162979
16 0.5546843 0.4312943 0.0284207 0.0162979
10 0.3376534 0.4899667 0.0284207 0.0162979
1 0.6270279 0.5486391 0.0284207 0.0162979
2 0.6270279 0.4312943 0.0284207 0.0162979
29 0.6993716 0.4899667 0.0284207 0.0162979
10 0.5546843 0.3720786 0.0284207 0.0152114
27 0.6270279 0.4899667 0.0284207 0.0162979
25 0.2653097 0.4899667 0.0284207 0.0162979
14 0.4823407 0.5486391 0.0284207 0.0162979
29 0.6993716 0.3139495 0.0284207 0.0162979
11 0.2653097 0.5486391 0.0284207 0.0162979
8 0.5546843 0.4899667 0.0284207 0.0162979
22 0.4823407 0.4899667 0.0284207 0.0162979
26 0.6993716 0.4312943 0.0284207 0.0162979
27 0.4099970 0.5486391 0.0284207 0.0162979
23 0.5546843 0.3139495 0.0284207 0.0162979
