19 0.4109554 0.7443320 0.0273878 0.0148983
5 0.6898137 0.6294026 0.0273878 0.0148981
32 0.6157420 0.5996061 0.5041858 0.4086377
22 0.4109554 0.4570086 0.0273878 0.0148983
2 0.5503845 0.4570086 0.0273878 0.0148983
1 0.4109554 0.5144733 0.0273878 0.0148982
29 0.6200991 0.5144733 0.0273878 0.0148982
16 0.6898137 0.5144733 0.0273878 0.0148982
8 0.7595283 0.5144733 0.0273878 0.0148982
19 0.8292429 0.5144733 0.0273878 0.0148982
24 0.4109554 0.5719379 0.0273878 0.0148982
25 0.4806699 0.5719379 0.0273878 0.0148982
33 0.5503845 0.5719379 0.0647350 0.0574647
6 0.5503845 0.5719379 0.0273878 0.0148982
9 0.7595283 0.5719379 0.0273878 0.0148982
31 0.8292429 0.5719379 0.0273878 0.0148982
26 0.5503845 0.6294026 0.0273878 0.0148981
27 0.8292429 0.6294026 0.0273878 0.0148981
10 0.4806699 0.6868673 0.0273878 0.0148983
15 0.6200991 0.6868673 0.0273878 0.0148983
13 0.7595283 0.6868673 0.0273878 0.0148983
21 0.4806699 0.7443320 0.0273878 0.0148983
23 0.7595283 0.7443320 0.0273878 0.0148983
12 0.8292429 0.7443320 0.0273878 0.0148983
24 0.6200991 0.5719379 0.0273878 0.0148982
27 0.5503845 0.5144733 0.0273878 0.0148982
6 0.8292429 0.4570086 0.0273878 0.0148983
4 0.6898137 0.5719379 0.0273878 0.0148982
6 0.6200991 0.6294026 0.0273878 0.0148981
30 0.4109554 0.6294026 0.0273878 0.0148981
19 0.8292429 0.6868673 0.0273878 0.0148983
20 0.6898137 0.4570086 0.0273878 0.0148983
28 0.4806699 0.6294026 0.0273878 0.0148981
1 0.5503845 0.7443320 0.0273878 0.0148983
1 0.7595283 0.6294026 0.0273878 0.0148981
6 0.5503845 0.6868673 0.0273878 0.0148983
30 0.6200991 0.4570086 0.0273878 0.0148983
20 0.6898137 0.6868673 0.0273878 0.0148983
14 0.4806699 0.4570086 0.0273878 0.0148983
1 0.4806699 0.5144733 0.0273878 0.0148982
29 0.6200991 0.7443320 0.0273878 0.0148983
26 0.4109554 0.6868673 0.0273878 0.0148983
2 0.7595283 0.4570086 0.0273878 0.0148983
1 0.6898137 0.7443320 0.0273878 0.0148983
