5 0.4883818 0.4358757 0.0277454 0.0158975
18 0.6296310 0.6198322 0.0277454 0.0158975
32 0.5545924 0.5880372 0.5107673 0.4360449
22 0.4177572 0.4358757 0.0277454 0.0158975
9 0.6296310 0.4358757 0.0277454 0.0158975
33 0.3471326 0.4971946 0.0655800 0.0613188
3 0.3471326 0.4971946 0.0277454 0.0158975
7 0.4177572 0.4971946 0.0277454 0.0158975
15 0.5590064 0.4971946 0.0277454 0.0158975
24 0.7708803 0.4971946 0.0277454 0.0158975
11 0.4177572 0.5585134 0.0277454 0.0158975
2 0.4883818 0.5585134 0.0277454 0.0158975
13 0.6296310 0.5585134 0.0277454 0.0158975
16 0.7708803 0.5585134 0.0277454 0.0158975
25 0.3471326 0.6198322 0.0277454 0.0158975
10 0.4883818 0.6198322 0.0277454 0.0158975
5 0.4177572 0.6811511 0.0277454 0.0158975
26 0.4883818 0.6811511 0.0277454 0.0158975
20 0.5590064 0.6811511 0.0277454 0.0158975
18 0.7002556 0.6811511 0.0277454 0.0158975
17 0.3471326 0.7424698 0.0277454 0.0158975
19 0.6296310 0.7424698 0.0277454 0.0158975
4 0.7002556 0.7424698 0.0277454 0.0158975
31 0.7708803 0.7424698 0.0277454 0.0158975
26 0.4883818 0.4971946 0.0277454 0.0158975
4 0.5590064 0.6198322 0.0277454 0.0158975
25 0.3471326 0.4358757 0.0277454 0.0158975
11 0.7002556 0.4358757 0.0277454 0.0158975
15 0.4177572 0.6198322 0.0277454 0.0158975
26 0.5590064 0.5585134 0.0277454 0.0158975
8 0.7002556 0.4971946 0.0277454 0.0158975
11 0.4883818 0.7424698 0.0277454 0.0158975
7 0.4177572 0.7424698 0.0277454 0.0158975
9 0.7002556 0.5585134 0.0277454 0.0158975
5 0.7002556 0.6198322 0.0277454 0.0158975
30 0.3471326 0.6811511 0.0277454 0.0158975
30 0.3471326 0.5585134 0.0277454 0.0158975
7 0.6296310 0.4971946 0.0277454 0.0158975
13 0.7708803 0.4358757 0.0277454 0.0158975
21 0.5590064 0.7424698 0.0277454 0.0158975
26 0.7708803 0.6198322 0.0277454 0.0158975
25 0.5590064 0.4358757 0.0277454 0.0158975
7 0.6296310 0.6811511 0.0277454 0.0158975
12 0.7708803 0.6811511 0.0277454 0.0158975
