26 0.4993507 0.3141416 0.0275027 0.0158744
31 0.2193225 0.4366011 0.0275028 0.0158744
32 0.2849541 0.4048524 0.5063010 0.4354118
33 0.0793083 0.2529118 0.0650066 0.0612298
2 0.0793083 0.2529118 0.0275028 0.0158744
18 0.2193225 0.2529118 0.0275028 0.0158744
17 0.4293436 0.2529118 0.0275027 0.0158744
29 0.4993507 0.2529118 0.0275027 0.0158744
13 0.4293436 0.3141416 0.0275027 0.0158744
20 0.1493154 0.3753713 0.0275028 0.0158744
21 0.3593365 0.3753713 0.0275028 0.0158744
14 0.0793083 0.4366011 0.0275028 0.0158744
31 0.1493154 0.4366011 0.0275028 0.0158744
5 0.3593365 0.4366011 0.0275028 0.0158744
25 0.4293436 0.4366011 0.0275027 0.0158744
30 0.2193225 0.4978309 0.0275028 0.0158744
6 0.2893295 0.4978309 0.0275028 0.0158744
25 0.0793083 0.4978309 0.0275028 0.0158744
8 0.2193225 0.3753713 0.0275028 0.0158744
2 0.3593365 0.3141416 0.0275028 0.0158744
6 0.1493154 0.2529118 0.0275028 0.0158744
6 0.4293436 0.3753713 0.0275027 0.0158744
25 0.2893295 0.3141416 0.0275028 0.0158744
28 0.4293436 0.4978309 0.0275027 0.0158744
27 0.1493154 0.3141416 0.0275028 0.0158744
11 0.3593365 0.4978309 0.0275028 0.0158744
25 0.0793083 0.3141416 0.0275028 0.0158744
10 0.2193225 0.3141416 0.0275028 0.0158744
9 0.0793083 0.3753713 0.0275028 0.0158744
14 0.1493154 0.4978309 0.0275028 0.0158744
4 0.4993507 0.3753713 0.0275027 0.0158744
21 0.2893295 0.3753713 0.0275028 0.0158744
30 0.3593365 0.2529118 0.0275028 0.0158744
18 0.2893295 0.2529118 0.0275028 0.0158744
29 0.4993507 0.4366011 0.0275027 0.0158744
7 0.2893295 0.4366011 0.0275028 0.0158744
12 0.4993507 0.4978309 0.0275027 0.0158744
