21 0.2511122 0.2432473 0.0276399 0.0163884
2 0.2511122 0.4202427 0.0276399 0.0163885
32 0.4628085 0.3847344 0.5088248 0.4195446
24 0.3214682 0.2432473 0.0276399 0.0163884
21 0.3918242 0.2432473 0.0276398 0.0163884
29 0.5325363 0.2432473 0.0276399 0.0163884
19 0.2511122 0.3016995 0.0276399 0.0152959
33 0.4621803 0.3016995 0.0653306 0.0589984
23 0.4621803 0.3016995 0.0276399 0.0152959
12 0.5325363 0.3016995 0.0276399 0.0152959
5 0.6028923 0.3016995 0.0276399 0.0152959
20 0.4621803 0.3612442 0.0276399 0.0163885
10 0.5325363 0.3612442 0.0276399 0.0163885
25 0.3214682 0.4202427 0.0276399 0.0163885
15 0.4621803 0.4202427 0.0276399 0.0163885
8 0.6732484 0.4202427 0.0276399 0.0163885
6 0.2511122 0.4792412 0.0276399 0.0163885
4 0.3918242 0.4792412 0.0276398 0.0163885
9 0.5325363 0.4792412 0.0276399 0.0163885
7 0.6732484 0.4792412 0.0276399 0.0163885
3 0.2511122 0.5376934 0.0276399 0.0152959
17 0.3918242 0.5376934 0.0276398 0.0152959
13 0.5325363 0.5376934 0.0276399 0.0152959
26 0.6028923 0.5376934 0.0276399 0.0152959
19 0.3214682 0.4792412 0.0276399 0.0163885
14 0.6028923 0.2432473 0.0276399 0.0163884
26 0.3918242 0.3016995 0.0276398 0.0152959
6 0.4621803 0.4792412 0.0276399 0.0163885
28 0.3214682 0.3016995 0.0276399 0.0152959
2 0.4621803 0.5376934 0.0276399 0.0152959
18 0.6028923 0.4792412 0.0276399 0.0163885
17 0.3214682 0.5376934 0.0276399 0.0152959
13 0.3918242 0.4202427 0.0276398 0.0163885
20 0.6028923 0.3612442 0.0276399 0.0163885
26 0.6732484 0.3016995 0.0276399 0.0152959
12 0.2511122 0.3612442 0.0276399 0.0163885
19 0.6732484 0.3612442 0.0276399 0.0163885
15 0.6732484 0.2432473 0.0276399 0.0163884
31 0.3214682 0.3612442 0.0276399 0.0163885
31 0.4621803 0.2432473 0.0276399 0.0163884
31 0.5325363 0.4202427 0.0276399 0.0163885
4 0.6732484 0.5376934 0.0276399 0.0152959
4 0.6028923 0.4202427 0.0276399 0.0163885
27 0.3918242 0.3612442 0.0276398 0.0163885
