27 0.6298566 0.4257548 0.0265753 0.0160077
23 0.6298566 0.5492431 0.0265753 0.0160078
32 0.4226903 0.5789718 0.4892267 0.4390696
6 0.2239797 0.4257548 0.0265753 0.0160077
7 0.4269182 0.4257548 0.0265753 0.0160077
14 0.2239797 0.4874989 0.0265753 0.0160077
12 0.3592720 0.4874989 0.0265753 0.0160077
22 0.6298566 0.4874989 0.0265753 0.0160077
13 0.2239797 0.5492431 0.0265753 0.0160078
33 0.3592720 0.5492431 0.0628143 0.0617442
29 0.3592720 0.5492431 0.0265753 0.0160078
17 0.5622105 0.5492431 0.0265753 0.0160078
27 0.4269182 0.6109873 0.0265753 0.0160078
20 0.4945644 0.6109873 0.0265753 0.0160078
1 0.2239797 0.6727315 0.0265753 0.0160078
18 0.3592720 0.6727315 0.0265753 0.0160078
25 0.6298566 0.6727315 0.0265753 0.0160078
14 0.4269182 0.4874989 0.0265753 0.0160077
25 0.3592720 0.4257548 0.0265753 0.0160077
20 0.4945644 0.6727315 0.0265753 0.0160078
16 0.5622105 0.4257548 0.0265753 0.0160077
13 0.2916258 0.4874989 0.0265753 0.0160077
30 0.5622105 0.6727315 0.0265753 0.0160078
14 0.4945644 0.5492431 0.0265753 0.0160078
5 0.5622105 0.6109873 0.0265753 0.0160078
14 0.2916258 0.6109873 0.0265753 0.0160078
18 0.4269182 0.6727315 0.0265753 0.0160078
14 0.2239797 0.6109873 0.0265753 0.0160078
5 0.2916258 0.6727315 0.0265753 0.0160078
23 0.2916258 0.4257548 0.0265753 0.0160077
19 0.6298566 0.6109873 0.0265753 0.0160078
2 0.4945644 0.4257548 0.0265753 0.0160077
11 0.3592720 0.6109873 0.0265753 0.0160078
27 0.2916258 0.5492431 0.0265753 0.0160078
11 0.4945644 0.4874989 0.0265753 0.0160077
2 0.4269182 0.5492431 0.0265753 0.0160078
9 0.5622105 0.4874989 0.0265753 0.0160077
