12 0.0902434 0.6186018 0.0269035 0.0164724
24 0.4326511 0.6779021 0.0269035 0.0164723
32 0.2962994 0.5829117 0.4952683 0.4216915
24 0.1587249 0.4407007 0.0269035 0.0164723
28 0.2956880 0.4407007 0.0269035 0.0164723
30 0.3641695 0.4407007 0.0269035 0.0164723
33 0.4326511 0.4401516 0.0635900 0.0593004
19 0.4326511 0.4407007 0.0269035 0.0164723
8 0.0902434 0.4994520 0.0269035 0.0153742
4 0.2272064 0.4994520 0.0269035 0.0153742
15 0.3641695 0.4994520 0.0269035 0.0153742
12 0.4326511 0.4994520 0.0269035 0.0153742
1 0.0902434 0.5593014 0.0269035 0.0164723
10 0.2956880 0.5593014 0.0269035 0.0164723
16 0.4326511 0.5593014 0.0269035 0.0164723
14 0.1587249 0.6779021 0.0269035 0.0164723
23 0.3641695 0.6779021 0.0269035 0.0164723
20 0.2272064 0.4407007 0.0269035 0.0164723
2 0.5011326 0.4994520 0.0269035 0.0153742
28 0.2272064 0.5593014 0.0269035 0.0164723
23 0.5011326 0.6779021 0.0269035 0.0164723
14 0.3641695 0.5593014 0.0269035 0.0164723
31 0.0902434 0.4407007 0.0269035 0.0164723
30 0.5011326 0.6186018 0.0269035 0.0164724
14 0.2272064 0.6186018 0.0269035 0.0164724
9 0.0902434 0.6779021 0.0269035 0.0164723
18 0.5011326 0.4407007 0.0269035 0.0164723
10 0.2956880 0.6779021 0.0269035 0.0164723
2 0.1587249 0.6186018 0.0269035 0.0164724
26 0.3641695 0.6186018 0.0269035 0.0164724
17 0.1587249 0.5593014 0.0269035 0.0164723
19 0.2956880 0.6186018 0.0269035 0.0164724
30 0.2272064 0.6779021 0.0269035 0.0164723
25 0.5011326 0.5593014 0.0269035 0.0164723
8 0.1587249 0.4994520 0.0269035 0.0153742
17 0.2956880 0.4994520 0.0269035 0.0153742
31 0.4326511 0.6186018 0.0269035 0.0164724
