22 0.5785805 0.4826196 0.0269271 0.0150839
8 0.3044129 0.5989807 0.0269272 0.0150838
32 0.3686710 0.5688130 0.4957048 0.4137284
14 0.3044129 0.4244390 0.0269272 0.0150839
1 0.1673291 0.4826196 0.0269272 0.0150839
2 0.2358710 0.4826196 0.0269272 0.0150839
33 0.3044129 0.4826196 0.0636461 0.0581805
20 0.3044129 0.4826196 0.0269272 0.0150839
23 0.3729548 0.4826196 0.0269272 0.0150839
9 0.4414967 0.4826196 0.0269271 0.0150839
31 0.1673291 0.5408002 0.0269272 0.0150838
4 0.4414967 0.5408002 0.0269271 0.0150838
30 0.5785805 0.5408002 0.0269271 0.0150838
19 0.1673291 0.5989807 0.0269272 0.0150838
17 0.5100386 0.5989807 0.0269272 0.0150838
25 0.5785805 0.5989807 0.0269271 0.0150838
24 0.5785805 0.6571613 0.0269271 0.0150839
3 0.2358710 0.4244390 0.0269272 0.0150839
25 0.4414967 0.6571613 0.0269271 0.0150839
27 0.4414967 0.4244390 0.0269271 0.0150839
20 0.2358710 0.5989807 0.0269272 0.0150838
19 0.5100386 0.6571613 0.0269272 0.0150839
31 0.1673291 0.6571613 0.0269272 0.0150839
22 0.1673291 0.4244390 0.0269272 0.0150839
26 0.3044129 0.6571613 0.0269272 0.0150839
25 0.3044129 0.5408002 0.0269272 0.0150838
6 0.5100386 0.5408002 0.0269272 0.0150838
18 0.3729548 0.5989807 0.0269272 0.0150838
16 0.5100386 0.4244390 0.0269272 0.0150839
8 0.2358710 0.5408002 0.0269272 0.0150838
27 0.3729548 0.4244390 0.0269272 0.0150839
3 0.3729548 0.6571613 0.0269272 0.0150839
2 0.4414967 0.5989807 0.0269271 0.0150838
2 0.2358710 0.6571613 0.0269272 0.0150839
7 0.5785805 0.4244390 0.0269271 0.0150839
20 0.5100386 0.4826196 0.0269272 0.0150839
16 0.3729548 0.5408002 0.0269272 0.0150838
