26 0.7467247 0.6854550 0.0275809 0.0156132
25 0.4659001 0.5053450 0.0275809 0.0167284
32 0.5367331 0.5293224 0.5077409 0.4282492
6 0.3956939 0.3848999 0.0275809 0.0167285
11 0.4659001 0.3848999 0.0275809 0.0167285
24 0.3956939 0.4445648 0.0275809 0.0156132
29 0.4659001 0.4445648 0.0275809 0.0156132
26 0.5361062 0.4445648 0.0275809 0.0156132
27 0.6063124 0.4445648 0.0275809 0.0156132
25 0.7467247 0.4445648 0.0275809 0.0156132
13 0.3254878 0.5053450 0.0275810 0.0167284
19 0.6765186 0.5053450 0.0275809 0.0167284
14 0.3254878 0.5655675 0.0275810 0.0167285
7 0.6063124 0.5655675 0.0275809 0.0167285
23 0.6765186 0.5655675 0.0275809 0.0167285
3 0.7467247 0.5655675 0.0275809 0.0167285
30 0.4659001 0.6257901 0.0275809 0.0167285
33 0.6063124 0.6252325 0.0651914 0.0602225
30 0.6063124 0.6257901 0.0275809 0.0167285
2 0.6765186 0.6257901 0.0275809 0.0167285
9 0.7467247 0.6257901 0.0275809 0.0167285
4 0.3254878 0.6854550 0.0275810 0.0156132
1 0.4659001 0.6854550 0.0275809 0.0156132
5 0.5361062 0.6854550 0.0275809 0.0156132
16 0.3956939 0.5053450 0.0275809 0.0167284
3 0.3956939 0.5655675 0.0275809 0.0167285
1 0.5361062 0.5053450 0.0275809 0.0167284
22 0.5361062 0.5655675 0.0275809 0.0167285
29 0.5361062 0.3848999 0.0275809 0.0167285
13 0.6765186 0.3848999 0.0275809 0.0167285
1 0.6765186 0.4445648 0.0275809 0.0156132
25 0.3956939 0.6854550 0.0275809 0.0156132
5 0.5361062 0.6257901 0.0275809 0.0167285
26 0.7467247 0.5053450 0.0275809 0.0167284
11 0.7467247 0.3848999 0.0275809 0.0167285
11 0.6063124 0.3848999 0.0275809 0.0167285
19 0.3956939 0.6257901 0.0275809 0.0167285
30 0.3254878 0.6257901 0.0275810 0.0167285
10 0.4659001 0.5655675 0.0275809 0.0167285
2 0.6765186 0.6854550 0.0275809 0.0156132
1 0.3254878 0.4445648 0.0275810 0.0156132
21 0.3254878 0.3848999 0.0275810 0.0167285
7 0.6063124 0.6854550 0.0275809 0.0156132
30 0.6063124 0.5053450 0.0275809 0.0167284
