23 0.7472560 0.4898465 0.0273181 0.0150940
28 0.6777190 0.6645057 0.0273182 0.0150940
32 0.6038358 0.5760980 0.5029020 0.4140070
25 0.3995706 0.4316268 0.0273181 0.0150940
7 0.4691077 0.4316268 0.0273182 0.0150940
28 0.6081818 0.4316268 0.0273181 0.0150940
8 0.3995706 0.4898465 0.0273181 0.0150940
11 0.6081818 0.4898465 0.0273181 0.0150940
31 0.6777190 0.4898465 0.0273182 0.0150940
16 0.3995706 0.5480662 0.0273181 0.0150941
17 0.7472560 0.5480662 0.0273181 0.0150941
18 0.4691077 0.6062859 0.0273182 0.0150940
6 0.6777190 0.6062859 0.0273182 0.0150940
19 0.7472560 0.6062859 0.0273181 0.0150940
10 0.3995706 0.6645057 0.0273181 0.0150940
33 0.8167931 0.6645058 0.0645701 0.0582197
31 0.8167931 0.6645057 0.0273181 0.0150940
5 0.4691077 0.5480662 0.0273182 0.0150941
25 0.3995706 0.6062859 0.0273181 0.0150940
8 0.6081818 0.6062859 0.0273181 0.0150940
17 0.7472560 0.4316268 0.0273181 0.0150940
30 0.6777190 0.5480662 0.0273182 0.0150941
28 0.4691077 0.4898465 0.0273182 0.0150940
11 0.5386448 0.6645057 0.0273182 0.0150940
21 0.8167931 0.4316268 0.0273181 0.0150940
19 0.5386448 0.5480662 0.0273182 0.0150941
3 0.6081818 0.6645057 0.0273181 0.0150940
14 0.7472560 0.6645057 0.0273181 0.0150940
23 0.8167931 0.5480662 0.0273181 0.0150941
9 0.6081818 0.5480662 0.0273181 0.0150941
22 0.8167931 0.6062859 0.0273181 0.0150940
27 0.4691077 0.6645057 0.0273182 0.0150940
24 0.5386448 0.6062859 0.0273182 0.0150940
27 0.5386448 0.4316268 0.0273182 0.0150940
30 0.8167931 0.4898465 0.0273181 0.0150940
26 0.5386448 0.4898465 0.0273182 0.0150940
15 0.6777190 0.4316268 0.0273182 0.0150940
