30 0.2639007 0.4591760 0.0274868 0.0151198
21 0.4737998 0.4591760 0.0274868 0.0151198
32 0.3294942 0.5455747 0.5060069 0.4147140
17 0.1239679 0.4008568 0.0274868 0.0151198
8 0.3338670 0.4008568 0.0274868 0.0151198
22 0.4038334 0.4008568 0.0274868 0.0151198
2 0.1939343 0.4591760 0.0274868 0.0151198
33 0.3338670 0.4591760 0.0649688 0.0583192
30 0.3338670 0.4591760 0.0274868 0.0151198
26 0.1239679 0.5174951 0.0274868 0.0151198
14 0.4737998 0.5174951 0.0274868 0.0151198
6 0.1239679 0.5758143 0.0274868 0.0151198
13 0.2639007 0.5758143 0.0274868 0.0151198
29 0.4737998 0.5758143 0.0274868 0.0151198
3 0.1239679 0.6341334 0.0274868 0.0151198
15 0.3338670 0.6341334 0.0274868 0.0151198
19 0.4737998 0.6341334 0.0274868 0.0151198
31 0.5437662 0.6341334 0.0274868 0.0151198
6 0.2639007 0.4008568 0.0274868 0.0151198
31 0.4038334 0.5174951 0.0274868 0.0151198
6 0.4038334 0.4591760 0.0274868 0.0151198
25 0.4038334 0.5758143 0.0274868 0.0151198
16 0.1939343 0.5758143 0.0274868 0.0151198
24 0.1239679 0.4591760 0.0274868 0.0151198
25 0.5437662 0.4008568 0.0274868 0.0151198
7 0.2639007 0.6341334 0.0274868 0.0151198
2 0.5437662 0.5174951 0.0274868 0.0151198
1 0.5437662 0.4591760 0.0274868 0.0151198
3 0.3338670 0.5758143 0.0274868 0.0151198
1 0.2639007 0.5174951 0.0274868 0.0151198
18 0.5437662 0.5758143 0.0274868 0.0151198
15 0.1939343 0.4008568 0.0274868 0.0151198
2 0.4737998 0.4008568 0.0274868 0.0151198
5 0.4038334 0.6341334 0.0274868 0.0151198
20 0.1939343 0.5174951 0.0274868 0.0151198
4 0.3338670 0.5174951 0.0274868 0.0151198
5 0.1939343 0.6341334 0.0274868 0.0151198
