1 0.4298843 0.6140249 0.0261271 0.0148338
18 0.6294004 0.5568085 0.0261271 0.0148338
32 0.6252438 0.4699242 0.4809763 0.4068727
3 0.5628950 0.3279426 0.0261271 0.0148339
2 0.6294004 0.3279426 0.0261271 0.0148339
19 0.6959058 0.3279426 0.0261271 0.0148339
21 0.7624110 0.3279426 0.0261271 0.0148339
30 0.4963897 0.3851590 0.0261271 0.0148339
20 0.6294004 0.3851590 0.0261271 0.0148339
13 0.6959058 0.3851590 0.0261271 0.0148339
33 0.7624110 0.3851590 0.0617550 0.0572165
6 0.7624110 0.3851590 0.0261271 0.0148339
26 0.8289165 0.3851590 0.0261271 0.0148339
15 0.4963897 0.4423755 0.0261271 0.0148339
17 0.5628950 0.4423755 0.0261271 0.0148339
25 0.6294004 0.4423755 0.0261271 0.0148339
14 0.7624110 0.4423755 0.0261271 0.0148339
23 0.4298843 0.4995920 0.0261271 0.0148339
6 0.4963897 0.4995920 0.0261271 0.0148339
9 0.6294004 0.4995920 0.0261271 0.0148339
18 0.4963897 0.5568085 0.0261271 0.0148338
27 0.6959058 0.5568085 0.0261271 0.0148338
11 0.8289165 0.5568085 0.0261271 0.0148338
7 0.8289165 0.6140249 0.0261271 0.0148338
22 0.7624110 0.5568085 0.0261271 0.0148338
19 0.7624110 0.6140249 0.0261271 0.0148338
4 0.8289165 0.4995920 0.0261271 0.0148339
24 0.6959058 0.4995920 0.0261271 0.0148339
17 0.8289165 0.4423755 0.0261271 0.0148339
5 0.5628950 0.6140249 0.0261271 0.0148338
21 0.6959058 0.6140249 0.0261271 0.0148338
21 0.8289165 0.3279426 0.0261271 0.0148339
20 0.4298843 0.4423755 0.0261271 0.0148339
11 0.7624110 0.4995920 0.0261271 0.0148339
10 0.6959058 0.4423755 0.0261271 0.0148339
27 0.4298843 0.5568085 0.0261271 0.0148338
27 0.5628950 0.4995920 0.0261271 0.0148339
27 0.5628950 0.5568085 0.0261271 0.0148338
8 0.4963897 0.6140249 0.0261271 0.0148338
9 0.4963897 0.3279426 0.0261271 0.0148339
11 0.4298843 0.3851590 0.0261271 0.0148339
21 0.4298843 0.3279426 0.0261271 0.0148339
14 0.5628950 0.3851590 0.0261271 0.0148339
17 0.6294004 0.6140249 0.0261271 0.0148338
