30 0.1005461 0.5185630 0.0266833 0.0160796
28 0.5080730 0.5185630 0.0266833 0.0160796
32 0.3000645 0.5484251 0.4912154 0.4410404
2 0.1684673 0.3945204 0.0266833 0.0160796
11 0.4401518 0.3945204 0.0266833 0.0160796
7 0.2363884 0.4565417 0.0266833 0.0160796
18 0.3722307 0.4565417 0.0266833 0.0160796
10 0.4401518 0.4565417 0.0266833 0.0160796
33 0.1684673 0.5185630 0.0630696 0.0620213
11 0.1684673 0.5185630 0.0266833 0.0160796
25 0.3722307 0.5185630 0.0266833 0.0160796
16 0.1005461 0.5805843 0.0266833 0.0160796
28 0.2363884 0.5805843 0.0266833 0.0160796
20 0.3722307 0.5805843 0.0266833 0.0160796
30 0.5080730 0.5805843 0.0266833 0.0160796
26 0.1684673 0.6426057 0.0266833 0.0160796
3 0.3043095 0.6426057 0.0266833 0.0160796
15 0.3722307 0.6426057 0.0266833 0.0160796
24 0.4401518 0.6426057 0.0266833 0.0160796
19 0.5080730 0.6426057 0.0266833 0.0160796
27 0.2363884 0.7046269 0.0266833 0.0160796
21 0.3722307 0.7046269 0.0266833 0.0160796
12 0.4401518 0.7046269 0.0266833 0.0160796
31 0.5080730 0.7046269 0.0266833 0.0160796
6 0.4401518 0.5185630 0.0266833 0.0160796
9 0.3043095 0.3945204 0.0266833 0.0160796
9 0.1684673 0.4565417 0.0266833 0.0160796
27 0.1005461 0.3945204 0.0266833 0.0160796
17 0.1005461 0.7046269 0.0266833 0.0160796
6 0.3043095 0.7046269 0.0266833 0.0160796
1 0.2363884 0.3945204 0.0266833 0.0160796
17 0.3043095 0.4565417 0.0266833 0.0160796
2 0.3043095 0.5805843 0.0266833 0.0160796
22 0.1684673 0.7046269 0.0266833 0.0160796
21 0.5080730 0.4565417 0.0266833 0.0160796
2 0.3043095 0.5185630 0.0266833 0.0160796
7 0.1005461 0.6426057 0.0266833 0.0160796
16 0.5080730 0.3945204 0.0266833 0.0160796
11 0.1684673 0.5805843 0.0266833 0.0160796
16 0.1005461 0.4565417 0.0266833 0.0160796
22 0.3722307 0.3945204 0.0266833 0.0160796
1 0.2363884 0.6426057 0.0266833 0.0160796
18 0.4401518 0.5805843 0.0266833 0.0160796
8 0.2363884 0.5185630 0.0266833 0.0160796
