19 0.5477906 0.3446256 0.0265961 0.0152864
7 0.6831886 0.3446256 0.0265960 0.0152864
32 0.5435594 0.4319763 0.4896088 0.4192834
16 0.7508876 0.2856639 0.0265961 0.0152864
4 0.4123926 0.3446256 0.0265960 0.0152864
29 0.4800916 0.3446256 0.0265960 0.0152864
20 0.7508876 0.3446256 0.0265961 0.0152864
17 0.3446936 0.4035873 0.0265960 0.0152863
15 0.4123926 0.4035873 0.0265960 0.0152863
9 0.4800916 0.4035873 0.0265960 0.0152863
24 0.6831886 0.4035873 0.0265960 0.0152863
31 0.7508876 0.4035873 0.0265961 0.0152863
26 0.3446936 0.4625490 0.0265960 0.0152863
10 0.4123926 0.4625490 0.0265960 0.0152863
2 0.4800916 0.4625490 0.0265960 0.0152863
12 0.6154896 0.4625490 0.0265960 0.0152863
5 0.7508876 0.4625490 0.0265961 0.0152863
33 0.4800916 0.5215108 0.0628633 0.0589617
8 0.4800916 0.5215108 0.0265960 0.0152864
27 0.6831886 0.5215108 0.0265960 0.0152864
23 0.7508876 0.5215108 0.0265961 0.0152864
30 0.3446936 0.5804725 0.0265960 0.0152864
6 0.4123926 0.5804725 0.0265960 0.0152864
7 0.5477906 0.5804725 0.0265961 0.0152864
29 0.6154896 0.4035873 0.0265960 0.0152863
31 0.6831886 0.2856639 0.0265960 0.0152864
15 0.3446936 0.2856639 0.0265960 0.0152864
24 0.7508876 0.5804725 0.0265961 0.0152864
27 0.4800916 0.5804725 0.0265960 0.0152864
1 0.6154896 0.3446256 0.0265960 0.0152864
14 0.6831886 0.5804725 0.0265960 0.0152864
14 0.3446936 0.5215108 0.0265960 0.0152864
12 0.4123926 0.5215108 0.0265960 0.0152864
4 0.6154896 0.5215108 0.0265960 0.0152864
2 0.5477906 0.2856639 0.0265961 0.0152864
22 0.4800916 0.2856639 0.0265960 0.0152864
11 0.4123926 0.2856639 0.0265960 0.0152864
25 0.6154896 0.2856639 0.0265960 0.0152864
25 0.3446936 0.3446256 0.0265960 0.0152864
23 0.6154896 0.5804725 0.0265960 0.0152864
6 0.5477906 0.4035873 0.0265961 0.0152863
9 0.5477906 0.4625490 0.0265961 0.0152863
3 0.5477906 0.5215108 0.0265961 0.0152864
5 0.6831886 0.4625490 0.0265960 0.0152863
