28 0.2265700 0.5267531 0.0284434 0.0153634
30 0.5885770 0.4082353 0.0284434 0.0153634
32 0.3668478 0.5552852 0.5236173 0.4213969
10 0.2265700 0.4082353 0.0284434 0.0153634
27 0.1541686 0.4674942 0.0284434 0.0153634
21 0.3713728 0.4674942 0.0284434 0.0153634
5 0.4437743 0.4674942 0.0284434 0.0153634
22 0.1541686 0.5267531 0.0284434 0.0153634
15 0.4437743 0.5267531 0.0284434 0.0153634
18 0.5161757 0.5267531 0.0284434 0.0153634
26 0.5885770 0.5267531 0.0284434 0.0153634
31 0.1541686 0.5860121 0.0284434 0.0153634
16 0.3713728 0.5860121 0.0284434 0.0153634
23 0.4437743 0.5860121 0.0284434 0.0153634
28 0.5885770 0.5860121 0.0284434 0.0153634
11 0.2265700 0.6452710 0.0284434 0.0153634
4 0.4437743 0.6452710 0.0284434 0.0153634
6 0.5885770 0.6452710 0.0284434 0.0153634
3 0.1541686 0.7045299 0.0284434 0.0153634
25 0.2989714 0.7045299 0.0284434 0.0153634
9 0.4437743 0.7045299 0.0284434 0.0153634
33 0.5161757 0.7045299 0.0672299 0.0592589
23 0.5161757 0.7045299 0.0284434 0.0153634
29 0.5885770 0.7045299 0.0284434 0.0153634
5 0.5161757 0.5860121 0.0284434 0.0153634
19 0.2265700 0.7045299 0.0284434 0.0153634
23 0.4437743 0.4082353 0.0284434 0.0153634
9 0.2989714 0.6452710 0.0284434 0.0153634
29 0.2989714 0.5860121 0.0284434 0.0153634
31 0.5161757 0.4082353 0.0284434 0.0153634
5 0.2989714 0.5267531 0.0284434 0.0153634
10 0.3713728 0.6452710 0.0284434 0.0153634
1 0.5161757 0.6452710 0.0284434 0.0153634
2 0.2265700 0.5860121 0.0284434 0.0153634
26 0.2989714 0.4082353 0.0284434 0.0153634
31 0.3713728 0.7045299 0.0284434 0.0153634
28 0.2989714 0.4674942 0.0284434 0.0153634
6 0.3713728 0.5267531 0.0284434 0.0153634
26 0.2265700 0.4674942 0.0284434 0.0153634
28 0.3713728 0.4082353 0.0284434 0.0153634
16 0.1541686 0.6452710 0.0284434 0.0153634
2 0.5885770 0.4674942 0.0284434 0.0153634
9 0.1541686 0.4082353 0.0284434 0.0153634
14 0.5161757 0.4674942 0.0284434 0.0153634
