11 0.5348039 0.5455758 0.0264132 0.0152649
1 0.8037386 0.7222127 0.0264132 0.0152650
32 0.5978355 0.6328040 0.4862436 0.4186951
3 0.5348039 0.4866968 0.0264132 0.0152649
8 0.6020376 0.4866968 0.0264132 0.0152649
10 0.6692712 0.4866968 0.0264132 0.0152649
18 0.4003365 0.5455758 0.0264132 0.0152649
4 0.6020376 0.5455758 0.0264132 0.0152649
26 0.8037386 0.5455758 0.0264132 0.0152649
20 0.4003365 0.6044548 0.0264132 0.0152650
22 0.5348039 0.6044548 0.0264132 0.0152650
7 0.6020376 0.6044548 0.0264132 0.0152650
30 0.8037386 0.6044548 0.0264132 0.0152650
14 0.7365050 0.6633337 0.0264133 0.0152650
33 0.8037386 0.6633337 0.0624312 0.0588791
19 0.8037386 0.6633337 0.0264132 0.0152650
21 0.4675703 0.7222127 0.0264132 0.0152650
11 0.5348039 0.7222127 0.0264132 0.0152650
19 0.6020376 0.7222127 0.0264132 0.0152650
25 0.7365050 0.7222127 0.0264133 0.0152650
29 0.4675703 0.7810918 0.0264132 0.0152649
13 0.5348039 0.7810918 0.0264132 0.0152649
9 0.6020376 0.7810918 0.0264132 0.0152649
1 0.7365050 0.7810918 0.0264133 0.0152649
17 0.4675703 0.5455758 0.0264132 0.0152649
14 0.8037386 0.4866968 0.0264132 0.0152649
7 0.4003365 0.4866968 0.0264132 0.0152649
10 0.6692712 0.5455758 0.0264132 0.0152649
9 0.6020376 0.6633337 0.0264132 0.0152650
31 0.8037386 0.7810918 0.0264132 0.0152649
29 0.7365050 0.6044548 0.0264133 0.0152650
28 0.6692712 0.7810918 0.0264132 0.0152649
13 0.4003365 0.7810918 0.0264132 0.0152649
19 0.4675703 0.6044548 0.0264132 0.0152650
1 0.7365050 0.5455758 0.0264133 0.0152649
8 0.7365050 0.4866968 0.0264133 0.0152649
9 0.4003365 0.6633337 0.0264132 0.0152650
9 0.6692712 0.6633337 0.0264132 0.0152650
8 0.6692712 0.6044548 0.0264132 0.0152650
16 0.4675703 0.4866968 0.0264132 0.0152649
28 0.5348039 0.6633337 0.0264132 0.0152650
3 0.6692712 0.7222127 0.0264132 0.0152650
4 0.4003365 0.7222127 0.0264132 0.0152650
29 0.4675703 0.6633337 0.0264132 0.0152650
