14 0.4857915 0.4013310 0.0267124 0.0150655
13 0.4177963 0.5175507 0.0267124 0.0150655
32 0.5495370 0.5455295 0.4917512 0.4132255
20 0.5537867 0.4013310 0.0267124 0.0150655
16 0.6217820 0.4013310 0.0267124 0.0150655
2 0.7577724 0.4013310 0.0267124 0.0150655
23 0.3498010 0.4594409 0.0267124 0.0150655
33 0.5537867 0.4594409 0.0631384 0.0581098
12 0.5537867 0.4594409 0.0267124 0.0150655
29 0.6897772 0.4594409 0.0267124 0.0150655
24 0.7577724 0.4594409 0.0267124 0.0150655
27 0.4857915 0.5175507 0.0267124 0.0150655
8 0.6897772 0.5175507 0.0267124 0.0150655
22 0.7577724 0.5175507 0.0267124 0.0150655
12 0.3498010 0.5756605 0.0267124 0.0150655
31 0.4177963 0.5756605 0.0267124 0.0150655
26 0.4857915 0.5756605 0.0267124 0.0150655
13 0.5537867 0.5756605 0.0267124 0.0150655
1 0.3498010 0.6337704 0.0267124 0.0150655
25 0.4857915 0.6337704 0.0267124 0.0150655
17 0.6897772 0.6337704 0.0267124 0.0150655
9 0.7577724 0.6337704 0.0267124 0.0150655
5 0.4177963 0.6918802 0.0267124 0.0150655
14 0.6217820 0.6918802 0.0267124 0.0150655
12 0.6217820 0.6337704 0.0267124 0.0150655
3 0.3498010 0.4013310 0.0267124 0.0150655
22 0.7577724 0.6918802 0.0267124 0.0150655
24 0.3498010 0.6918802 0.0267124 0.0150655
19 0.6217820 0.5175507 0.0267124 0.0150655
10 0.6217820 0.4594409 0.0267124 0.0150655
1 0.5537867 0.6918802 0.0267124 0.0150655
21 0.3498010 0.5175507 0.0267124 0.0150655
12 0.4857915 0.4594409 0.0267124 0.0150655
2 0.5537867 0.6337704 0.0267124 0.0150655
17 0.4177963 0.4594409 0.0267124 0.0150655
8 0.4177963 0.6337704 0.0267124 0.0150655
30 0.6897772 0.6918802 0.0267124 0.0150655
27 0.7577724 0.5756605 0.0267124 0.0150655
12 0.6897772 0.5756605 0.0267124 0.0150655
4 0.5537867 0.5175507 0.0267124 0.0150655
29 0.4177963 0.4013310 0.0267124 0.0150655
20 0.6217820 0.5756605 0.0267124 0.0150655
3 0.4857915 0.6918802 0.0267124 0.0150655
3 0.6897772 0.4013310 0.0267124 0.0150655
