2 0.2443867 0.3145671 0.0280305 0.0149649
18 0.6724883 0.2568455 0.0280305 0.0149649
32 0.4539781 0.3423590 0.5160153 0.4104651
31 0.2443867 0.1991238 0.0280305 0.0149649
5 0.6011380 0.1991238 0.0280305 0.0149649
20 0.6724883 0.1991238 0.0280305 0.0149649
3 0.2443867 0.2568455 0.0280305 0.0149649
24 0.3157370 0.2568455 0.0280305 0.0149649
15 0.3870872 0.2568455 0.0280305 0.0149649
2 0.5297878 0.2568455 0.0280304 0.0149649
21 0.6724883 0.3145671 0.0280305 0.0149649
10 0.2443867 0.3722888 0.0280305 0.0149649
28 0.3870872 0.3722888 0.0280305 0.0149649
26 0.4584375 0.3722888 0.0280305 0.0149649
11 0.5297878 0.3722888 0.0280304 0.0149649
17 0.6724883 0.3722888 0.0280305 0.0149649
8 0.4584375 0.4300104 0.0280305 0.0149649
33 0.5297878 0.4300104 0.0662538 0.0577217
18 0.5297878 0.4300104 0.0280304 0.0149649
7 0.6011380 0.4300104 0.0280305 0.0149649
12 0.6724883 0.4300104 0.0280305 0.0149649
29 0.3157370 0.4877321 0.0280305 0.0149649
6 0.5297878 0.4877321 0.0280304 0.0149649
25 0.6724883 0.4877321 0.0280305 0.0149649
3 0.4584375 0.2568455 0.0280305 0.0149649
24 0.6011380 0.2568455 0.0280305 0.0149649
28 0.5297878 0.3145671 0.0280304 0.0149649
30 0.6011380 0.3145671 0.0280305 0.0149649
31 0.3157370 0.4300104 0.0280305 0.0149649
4 0.4584375 0.4877321 0.0280305 0.0149649
7 0.2443867 0.4300104 0.0280305 0.0149649
2 0.3870872 0.4300104 0.0280305 0.0149649
27 0.3157370 0.3145671 0.0280305 0.0149649
24 0.3157370 0.1991238 0.0280305 0.0149649
2 0.3870872 0.1991238 0.0280305 0.0149649
26 0.6011380 0.4877321 0.0280305 0.0149649
28 0.4584375 0.1991238 0.0280305 0.0149649
3 0.3870872 0.4877321 0.0280305 0.0149649
2 0.2443867 0.4877321 0.0280305 0.0149649
1 0.6011380 0.3722888 0.0280305 0.0149649
19 0.3870872 0.3145671 0.0280305 0.0149649
13 0.4584375 0.3145671 0.0280305 0.0149649
21 0.3157370 0.3722888 0.0280305 0.0149649
1 0.5297878 0.1991238 0.0280304 0.0149649
