27 0.2087052 0.2639094 0.0285587 0.0148841
1 0.5721791 0.4935497 0.0285587 0.0148841
32 0.3547438 0.3447088 0.5257391 0.4082494
33 0.1360104 0.2064993 0.0675023 0.0574101
17 0.1360104 0.2070309 0.0285587 0.0159472
17 0.2814000 0.2070309 0.0285587 0.0159472
11 0.3540948 0.2070309 0.0285587 0.0159472
7 0.4994843 0.2070309 0.0285587 0.0159472
15 0.2814000 0.2639094 0.0285587 0.0148841
30 0.4267896 0.2639094 0.0285587 0.0148841
31 0.5721791 0.2639094 0.0285587 0.0148841
29 0.1360104 0.3218510 0.0285587 0.0159472
2 0.4267896 0.3218510 0.0285587 0.0159472
12 0.1360104 0.3792611 0.0285587 0.0159472
19 0.2087052 0.3792611 0.0285587 0.0159472
28 0.2814000 0.3792611 0.0285587 0.0159472
1 0.3540948 0.3792611 0.0285587 0.0159472
20 0.4267896 0.3792611 0.0285587 0.0159472
16 0.4994843 0.3792611 0.0285587 0.0159472
23 0.1360104 0.4366712 0.0285587 0.0159472
6 0.4267896 0.4366712 0.0285587 0.0159472
10 0.1360104 0.4935497 0.0285587 0.0148841
5 0.4267896 0.4935497 0.0285587 0.0148841
13 0.4994843 0.4935497 0.0285587 0.0148841
18 0.3540948 0.2639094 0.0285587 0.0148841
4 0.3540948 0.3218510 0.0285587 0.0159472
10 0.2814000 0.4366712 0.0285587 0.0159472
7 0.1360104 0.2639094 0.0285587 0.0148841
24 0.3540948 0.4366712 0.0285587 0.0159472
2 0.2087052 0.2070309 0.0285587 0.0159472
30 0.5721791 0.3218510 0.0285587 0.0159472
29 0.2087052 0.4935497 0.0285587 0.0148841
30 0.2087052 0.3218510 0.0285587 0.0159472
21 0.4994843 0.4366712 0.0285587 0.0159472
14 0.4994843 0.3218510 0.0285587 0.0159472
26 0.5721791 0.3792611 0.0285587 0.0159472
16 0.5721791 0.2070309 0.0285587 0.0159472
5 0.2814000 0.3218510 0.0285587 0.0159472
19 0.2087052 0.4366712 0.0285587 0.0159472
25 0.2814000 0.4935497 0.0285587 0.0148841
1 0.3540948 0.4935497 0.0285587 0.0148841
16 0.5721791 0.4366712 0.0285587 0.0159472
10 0.4267896 0.2070309 0.0285587 0.0159472
24 0.4994843 0.2639094 0.0285587 0.0148841
