8 0.4729138 0.4937002 0.0276992 0.0152241
28 0.4729138 0.6698650 0.0276992 0.0152241
32 0.6095215 0.5806953 0.5099181 0.4175760
10 0.4024066 0.4349786 0.0276992 0.0152241
16 0.4729138 0.4349786 0.0276992 0.0152241
2 0.5434210 0.4349786 0.0276993 0.0152241
24 0.6139282 0.4349786 0.0276992 0.0152241
19 0.6844354 0.4349786 0.0276993 0.0152241
9 0.6139282 0.4937002 0.0276992 0.0152241
5 0.6844354 0.4937002 0.0276993 0.0152241
17 0.7549426 0.4937002 0.0276993 0.0152241
29 0.8254498 0.4937002 0.0276993 0.0152241
25 0.7549426 0.5524218 0.0276993 0.0152241
20 0.8254498 0.5524218 0.0276993 0.0152241
8 0.4024066 0.6111435 0.0276992 0.0152242
13 0.5434210 0.6111435 0.0276993 0.0152242
11 0.6139282 0.6111435 0.0276992 0.0152242
1 0.6844354 0.6111435 0.0276993 0.0152242
21 0.7549426 0.6111435 0.0276993 0.0152242
33 0.8254498 0.6111435 0.0654710 0.0587217
7 0.8254498 0.6111435 0.0276993 0.0152242
7 0.4024066 0.6698650 0.0276992 0.0152241
22 0.7549426 0.6698650 0.0276993 0.0152241
15 0.8254498 0.7285867 0.0276993 0.0152241
24 0.8254498 0.6698650 0.0276993 0.0152241
25 0.6139282 0.5524218 0.0276992 0.0152241
29 0.4024066 0.4937002 0.0276992 0.0152241
20 0.5434210 0.5524218 0.0276993 0.0152241
18 0.4729138 0.7285867 0.0276992 0.0152241
31 0.7549426 0.4349786 0.0276993 0.0152241
14 0.5434210 0.4937002 0.0276993 0.0152241
5 0.6139282 0.7285867 0.0276992 0.0152241
31 0.8254498 0.4349786 0.0276993 0.0152241
16 0.5434210 0.6698650 0.0276993 0.0152241
10 0.4729138 0.6111435 0.0276992 0.0152242
21 0.6139282 0.6698650 0.0276992 0.0152241
24 0.7549426 0.7285867 0.0276993 0.0152241
23 0.5434210 0.7285867 0.0276993 0.0152241
28 0.6844354 0.5524218 0.0276993 0.0152241
25 0.6844354 0.7285867 0.0276993 0.0152241
28 0.4024066 0.7285867 0.0276992 0.0152241
21 0.6844354 0.6698650 0.0276993 0.0152241
17 0.4729138 0.5524218 0.0276992 0.0152241
30 0.4024066 0.5524218 0.0276992 0.0152241
