17 0.3522060 0.5549586 0.0283885 0.0159402
12 0.4967294 0.4401888 0.0283885 0.0159403
32 0.2805896 0.4630365 0.5226068 0.4080704
15 0.2076827 0.3254190 0.0283885 0.0159402
20 0.2799444 0.3254190 0.0283885 0.0159402
19 0.3522060 0.3254190 0.0283885 0.0159402
1 0.4967294 0.3254190 0.0283885 0.0159402
13 0.1354210 0.3822726 0.0283885 0.0148776
8 0.2076827 0.3822726 0.0283885 0.0148776
11 0.2799444 0.3822726 0.0283885 0.0148776
12 0.4244677 0.3822726 0.0283885 0.0148776
29 0.0631594 0.4401888 0.0283885 0.0159403
17 0.1354210 0.4401888 0.0283885 0.0159403
23 0.2076827 0.4401888 0.0283885 0.0159403
5 0.3522060 0.4401888 0.0283885 0.0159403
25 0.4244677 0.4401888 0.0283885 0.0159403
26 0.1354210 0.4975737 0.0283885 0.0159402
33 0.2076827 0.4970424 0.0671001 0.0573849
9 0.2076827 0.4975737 0.0283885 0.0159402
3 0.2799444 0.4975737 0.0283885 0.0159402
24 0.0631594 0.5549586 0.0283885 0.0159402
6 0.2076827 0.6118122 0.0283885 0.0148775
28 0.2799444 0.6118122 0.0283885 0.0148775
27 0.4967294 0.6118122 0.0283885 0.0148775
29 0.3522060 0.3822726 0.0283885 0.0148776
6 0.4244677 0.4975737 0.0283885 0.0159402
7 0.1354210 0.6118122 0.0283885 0.0148775
11 0.2799444 0.4401888 0.0283885 0.0159403
27 0.4244677 0.5549586 0.0283885 0.0159402
31 0.0631594 0.6118122 0.0283885 0.0148775
15 0.0631594 0.4975737 0.0283885 0.0159402
2 0.4967294 0.4975737 0.0283885 0.0159402
5 0.2799444 0.5549586 0.0283885 0.0159402
1 0.0631594 0.3822726 0.0283885 0.0148776
9 0.0631594 0.3254190 0.0283885 0.0159402
7 0.4244677 0.3254190 0.0283885 0.0159402
13 0.1354210 0.3254190 0.0283885 0.0159402
4 0.4967294 0.5549586 0.0283885 0.0159402
15 0.1354210 0.5549586 0.0283885 0.0159402
8 0.4244677 0.6118122 0.0283885 0.0148775
14 0.4967294 0.3822726 0.0283885 0.0148776
2 0.3522060 0.4975737 0.0283885 0.0159402
12 0.2076827 0.5549586 0.0283885 0.0159402
26 0.3522060 0.6118122 0.0283885 0.0148775
