22 0.5320750 0.5859038 0.0279067 0.0160731
2 0.6031103 0.4619109 0.0279067 0.0160731
32 0.5276353 0.4917610 0.5137370 0.4408637
11 0.4610398 0.3379179 0.0279067 0.0160731
9 0.6741455 0.3379179 0.0279067 0.0160731
1 0.3900046 0.3999144 0.0279067 0.0160732
16 0.6741455 0.3999144 0.0279067 0.0160732
5 0.6741455 0.4619109 0.0279067 0.0160731
27 0.7451808 0.4619109 0.0279067 0.0160731
4 0.5320750 0.5239073 0.0279067 0.0160731
26 0.6031103 0.5239073 0.0279067 0.0160731
8 0.6741455 0.5239073 0.0279067 0.0160731
22 0.3189693 0.5859038 0.0279067 0.0160731
33 0.4610398 0.5859037 0.0659613 0.0619965
21 0.4610398 0.5859038 0.0279067 0.0160731
3 0.6741455 0.5859038 0.0279067 0.0160731
12 0.7451808 0.5859038 0.0279067 0.0160731
28 0.5320750 0.4619109 0.0279067 0.0160731
19 0.3189693 0.5239073 0.0279067 0.0160731
30 0.7451808 0.5239073 0.0279067 0.0160731
30 0.7451808 0.3999144 0.0279067 0.0160732
30 0.5320750 0.3999144 0.0279067 0.0160732
26 0.3189693 0.3379179 0.0279067 0.0160731
7 0.5320750 0.3379179 0.0279067 0.0160731
8 0.4610398 0.4619109 0.0279067 0.0160731
12 0.3900046 0.4619109 0.0279067 0.0160731
5 0.6031103 0.3379179 0.0279067 0.0160731
26 0.3900046 0.5859038 0.0279067 0.0160731
21 0.3189693 0.3999144 0.0279067 0.0160732
15 0.7451808 0.3379179 0.0279067 0.0160731
31 0.4610398 0.3999144 0.0279067 0.0160732
24 0.6031103 0.5859038 0.0279067 0.0160731
28 0.3900046 0.3379179 0.0279067 0.0160731
12 0.6031103 0.3999144 0.0279067 0.0160732
7 0.3189693 0.4619109 0.0279067 0.0160731
27 0.4610398 0.5239073 0.0279067 0.0160731
16 0.3900046 0.5239073 0.0279067 0.0160731
