15 0.6360435 0.3147787 0.0278478 0.0152162
6 0.4942728 0.4321608 0.0278478 0.0152162
32 0.4189571 0.3430374 0.5126527 0.4173586
2 0.4942728 0.1973966 0.0278478 0.0152162
17 0.5651582 0.1973966 0.0278478 0.0152162
9 0.2107315 0.2560877 0.0278478 0.0152162
33 0.3525022 0.2560877 0.0658221 0.0586911
31 0.3525022 0.2560877 0.0278478 0.0152162
28 0.4233875 0.2560877 0.0278478 0.0152162
11 0.4942728 0.2560877 0.0278478 0.0152162
30 0.2107315 0.3147787 0.0278478 0.0152162
14 0.3525022 0.3147787 0.0278478 0.0152162
20 0.5651582 0.3147787 0.0278478 0.0152162
15 0.4942728 0.3734698 0.0278478 0.0152162
21 0.5651582 0.3734698 0.0278478 0.0152162
16 0.3525022 0.4321608 0.0278478 0.0152162
27 0.5651582 0.4321608 0.0278478 0.0152162
3 0.2816169 0.4321608 0.0278478 0.0152162
13 0.2816169 0.1973966 0.0278478 0.0152162
30 0.4233875 0.1973966 0.0278478 0.0152162
4 0.3525022 0.1973966 0.0278478 0.0152162
26 0.2816169 0.2560877 0.0278478 0.0152162
31 0.2816169 0.3734698 0.0278478 0.0152162
17 0.4233875 0.3734698 0.0278478 0.0152162
27 0.6360435 0.4321608 0.0278478 0.0152162
18 0.5651582 0.2560877 0.0278478 0.0152162
29 0.2816169 0.3147787 0.0278478 0.0152162
20 0.2107315 0.1973966 0.0278478 0.0152162
18 0.6360435 0.3734698 0.0278478 0.0152162
20 0.4942728 0.3147787 0.0278478 0.0152162
20 0.4233875 0.4321608 0.0278478 0.0152162
23 0.2107315 0.3734698 0.0278478 0.0152162
5 0.4233875 0.3147787 0.0278478 0.0152162
15 0.6360435 0.1973966 0.0278478 0.0152162
31 0.6360435 0.2560877 0.0278478 0.0152162
1 0.3525022 0.3734698 0.0278478 0.0152162
2 0.2107315 0.4321608 0.0278478 0.0152162
