24 0.5308062 0.6499469 0.0287518 0.0152192
26 0.7503651 0.5325416 0.0287518 0.0152192
32 0.5994183 0.5608059 0.5292941 0.4174412
25 0.5308062 0.4151362 0.0287518 0.0152192
30 0.6039925 0.4151362 0.0287518 0.0152192
24 0.7503651 0.4151362 0.0287518 0.0152192
19 0.4576198 0.4738389 0.0287518 0.0152192
22 0.3844334 0.5325416 0.0287518 0.0152192
3 0.4576198 0.5325416 0.0287518 0.0152192
6 0.5308062 0.5325416 0.0287518 0.0152192
4 0.6771788 0.5325416 0.0287518 0.0152192
17 0.8235516 0.5325416 0.0287518 0.0152192
8 0.7503651 0.5912442 0.0287518 0.0152192
1 0.8235516 0.5912442 0.0287518 0.0152192
7 0.3844334 0.6499469 0.0287518 0.0152192
12 0.4576198 0.6499469 0.0287518 0.0152192
23 0.7503651 0.6499469 0.0287518 0.0152192
20 0.8235516 0.6499469 0.0287518 0.0152192
18 0.3844334 0.7086496 0.0287518 0.0152192
14 0.5308062 0.7086496 0.0287518 0.0152192
33 0.6771788 0.7086496 0.0679588 0.0587027
18 0.6771788 0.7086496 0.0287518 0.0152192
29 0.7503651 0.7086496 0.0287518 0.0152192
26 0.8235516 0.7086496 0.0287518 0.0152192
2 0.6771788 0.4151362 0.0287518 0.0152192
8 0.6771788 0.5912442 0.0287518 0.0152192
27 0.6039925 0.4738389 0.0287518 0.0152192
31 0.6039925 0.5325416 0.0287518 0.0152192
24 0.3844334 0.5912442 0.0287518 0.0152192
19 0.8235516 0.4738389 0.0287518 0.0152192
20 0.6039925 0.5912442 0.0287518 0.0152192
1 0.6039925 0.6499469 0.0287518 0.0152192
15 0.5308062 0.5912442 0.0287518 0.0152192
11 0.8235516 0.4151362 0.0287518 0.0152192
17 0.4576198 0.5912442 0.0287518 0.0152192
27 0.6039925 0.7086496 0.0287518 0.0152192
2 0.5308062 0.4738389 0.0287518 0.0152192
8 0.4576198 0.4151362 0.0287518 0.0152192
26 0.4576198 0.7086496 0.0287518 0.0152192
16 0.3844334 0.4151362 0.0287518 0.0152192
1 0.7503651 0.4738389 0.0287518 0.0152192
3 0.6771788 0.6499469 0.0287518 0.0152192
4 0.3844334 0.4738389 0.0287518 0.0152192
26 0.6771788 0.4738389 0.0287518 0.0152192
