30 0.2078541 0.6264115 0.0270903 0.0160143
28 0.4147253 0.6264115 0.0270903 0.0160143
32 0.3414584 0.5326135 0.4987071 0.4392494
11 0.4147253 0.3793337 0.0270903 0.0160143
2 0.4836823 0.3793337 0.0270903 0.0160143
33 0.1388971 0.4411031 0.0640315 0.0617694
3 0.1388971 0.4411031 0.0270903 0.0160143
3 0.2078541 0.4411031 0.0270903 0.0160143
20 0.2768112 0.4411031 0.0270903 0.0160143
4 0.4147253 0.4411031 0.0270903 0.0160143
19 0.2078541 0.5028726 0.0270903 0.0160143
29 0.4836823 0.5028726 0.0270903 0.0160143
12 0.2078541 0.5646421 0.0270903 0.0160143
13 0.3457682 0.5646421 0.0270903 0.0160143
9 0.3457682 0.6264115 0.0270903 0.0160143
16 0.4836823 0.6264115 0.0270903 0.0160143
8 0.1388971 0.3793337 0.0270903 0.0160143
6 0.5526393 0.5646421 0.0270903 0.0160143
21 0.3457682 0.4411031 0.0270903 0.0160143
15 0.1388971 0.5646421 0.0270903 0.0160143
26 0.3457682 0.3793337 0.0270903 0.0160143
27 0.2078541 0.3793337 0.0270903 0.0160143
12 0.4836823 0.5646421 0.0270903 0.0160143
13 0.2768112 0.6264115 0.0270903 0.0160143
3 0.2768112 0.5646421 0.0270903 0.0160143
14 0.5526393 0.6264115 0.0270903 0.0160143
14 0.2768112 0.5028726 0.0270903 0.0160143
22 0.1388971 0.6264115 0.0270903 0.0160143
11 0.3457682 0.5028726 0.0270903 0.0160143
24 0.5526393 0.4411031 0.0270903 0.0160143
21 0.4836823 0.4411031 0.0270903 0.0160143
16 0.5526393 0.5028726 0.0270903 0.0160143
15 0.1388971 0.5028726 0.0270903 0.0160143
25 0.5526393 0.3793337 0.0270903 0.0160143
10 0.2768112 0.3793337 0.0270903 0.0160143
2 0.4147253 0.5028726 0.0270903 0.0160143
12 0.4147253 0.5646421 0.0270903 0.0160143
