22 0.5189633 0.5173001 0.0263070 0.0172149
8 0.5189633 0.4553264 0.0263070 0.0172149
32 0.5195612 0.4800011 0.4842891 0.4407016
1 0.3180730 0.3313791 0.0263071 0.0172149
33 0.3850365 0.3308053 0.0621803 0.0619737
19 0.3850365 0.3313791 0.0263071 0.0172149
14 0.5859268 0.3313791 0.0263071 0.0172149
9 0.7198537 0.3313791 0.0263071 0.0172149
29 0.5189633 0.3927789 0.0263070 0.0160673
7 0.6528902 0.3927789 0.0263071 0.0160673
16 0.5859268 0.4553264 0.0263071 0.0172149
11 0.6528902 0.4553264 0.0263071 0.0172149
21 0.6528902 0.5173001 0.0263071 0.0172149
30 0.7198537 0.5173001 0.0263071 0.0172149
19 0.4519999 0.5792737 0.0263071 0.0172149
15 0.5859268 0.5792737 0.0263071 0.0172149
15 0.3180730 0.4553264 0.0263071 0.0172149
30 0.3180730 0.5173001 0.0263071 0.0172149
11 0.4519999 0.3927789 0.0263071 0.0160673
13 0.3850365 0.5792737 0.0263071 0.0172149
19 0.5859268 0.3927789 0.0263071 0.0160673
12 0.7198537 0.3927789 0.0263071 0.0160673
24 0.7198537 0.5792737 0.0263071 0.0172149
27 0.3180730 0.5792737 0.0263071 0.0172149
23 0.3850365 0.3927789 0.0263071 0.0160673
27 0.5189633 0.5792737 0.0263070 0.0172149
5 0.3180730 0.3927789 0.0263071 0.0160673
18 0.5859268 0.5173001 0.0263071 0.0172149
13 0.5189633 0.3313791 0.0263070 0.0172149
7 0.4519999 0.4553264 0.0263071 0.0172149
23 0.7198537 0.4553264 0.0263071 0.0172149
17 0.4519999 0.3313791 0.0263071 0.0172149
14 0.3850365 0.4553264 0.0263071 0.0172149
29 0.6528902 0.5792737 0.0263071 0.0172149
13 0.4519999 0.5173001 0.0263071 0.0172149
24 0.6528902 0.3313791 0.0263071 0.0172149
26 0.3850365 0.5173001 0.0263071 0.0172149
