18 0.3886025 0.5974186 0.0263207 0.0152519
29 0.3886025 0.4209323 0.0263207 0.0152519
32 0.5854096 0.5669148 0.4845402 0.4183377
2 0.4556007 0.4209323 0.0263207 0.0152519
17 0.3886025 0.4797611 0.0263207 0.0152519
19 0.4556007 0.4797611 0.0263207 0.0152519
22 0.5225988 0.4797611 0.0263207 0.0152519
26 0.5895969 0.4797611 0.0263207 0.0152519
7 0.7905914 0.4797611 0.0263207 0.0152519
30 0.4556007 0.5974186 0.0263207 0.0152519
10 0.6565951 0.5974186 0.0263206 0.0152519
15 0.3886025 0.6562473 0.0263207 0.0152519
33 0.6565952 0.6562473 0.0622126 0.0588287
17 0.6565951 0.6562473 0.0263206 0.0152519
23 0.7235933 0.6562473 0.0263207 0.0152519
11 0.7905914 0.6562473 0.0263207 0.0152519
6 0.4556007 0.5385898 0.0263207 0.0152519
30 0.5895969 0.5385898 0.0263207 0.0152519
16 0.5225988 0.5974186 0.0263207 0.0152519
1 0.5895969 0.4209323 0.0263207 0.0152519
4 0.7905914 0.5974186 0.0263207 0.0152519
25 0.7235933 0.4797611 0.0263207 0.0152519
18 0.6565951 0.5385898 0.0263206 0.0152519
19 0.5225988 0.5385898 0.0263207 0.0152519
28 0.5225988 0.6562473 0.0263207 0.0152519
15 0.5895969 0.5974186 0.0263207 0.0152519
30 0.7905914 0.4209323 0.0263207 0.0152519
16 0.7235933 0.4209323 0.0263207 0.0152519
27 0.7905914 0.5385898 0.0263207 0.0152519
2 0.7235933 0.5385898 0.0263207 0.0152519
31 0.3886025 0.5385898 0.0263207 0.0152519
7 0.5895969 0.6562473 0.0263207 0.0152519
15 0.5225988 0.4209323 0.0263207 0.0152519
25 0.6565951 0.4797611 0.0263206 0.0152519
4 0.6565951 0.4209323 0.0263206 0.0152519
15 0.4556007 0.6562473 0.0263207 0.0152519
7 0.7235933 0.5974186 0.0263207 0.0152519
