18 0.4794991 0.4519990 0.0286580 0.0157422
16 0.4794991 0.3305590 0.0286580 0.0157422
32 0.6208350 0.4205146 0.5275673 0.4317867
20 0.4794991 0.2698390 0.0286580 0.0157422
33 0.5524467 0.2698390 0.0677370 0.0607200
11 0.5524467 0.2698390 0.0286580 0.0157422
14 0.8442370 0.2698390 0.0286580 0.0157422
24 0.5524467 0.3305590 0.0286580 0.0157422
31 0.7712894 0.3305590 0.0286579 0.0157422
8 0.8442370 0.3305590 0.0286580 0.0157422
26 0.4065515 0.3912790 0.0286580 0.0157422
12 0.6983418 0.4519990 0.0286580 0.0157422
29 0.8442370 0.4519990 0.0286580 0.0157422
17 0.4065515 0.5127190 0.0286580 0.0157422
22 0.6253942 0.5127190 0.0286580 0.0157422
27 0.6983418 0.5127190 0.0286580 0.0157422
31 0.5524467 0.4519990 0.0286580 0.0157422
9 0.6253942 0.3912790 0.0286580 0.0157422
27 0.4065515 0.3305590 0.0286580 0.0157422
9 0.5524467 0.5127190 0.0286580 0.0157422
26 0.6983418 0.3912790 0.0286580 0.0157422
4 0.7712894 0.5127190 0.0286579 0.0157422
21 0.6983418 0.3305590 0.0286580 0.0157422
5 0.4065515 0.2698390 0.0286580 0.0157422
2 0.4065515 0.4519990 0.0286580 0.0157422
12 0.7712894 0.2698390 0.0286579 0.0157422
18 0.4794991 0.5127190 0.0286580 0.0157422
8 0.7712894 0.4519990 0.0286579 0.0157422
30 0.6253942 0.3305590 0.0286580 0.0157422
24 0.6253942 0.2698390 0.0286580 0.0157422
14 0.8442370 0.3912790 0.0286580 0.0157422
7 0.6253942 0.4519990 0.0286580 0.0157422
1 0.6983418 0.2698390 0.0286580 0.0157422
27 0.5524467 0.3912790 0.0286580 0.0157422
15 0.4794991 0.3912790 0.0286580 0.0157422
5 0.7712894 0.3912790 0.0286579 0.0157422
3 0.8442370 0.5127190 0.0286580 0.0157422
