12 0.4378453 0.3404723 0.0266047 0.0156781
26 0.6410081 0.2799996 0.0266047 0.0156781
32 0.6367757 0.4300616 0.4897678 0.4300286
23 0.4378453 0.2799996 0.0266047 0.0156781
20 0.6410081 0.3404723 0.0266047 0.0156781
25 0.7087292 0.3404723 0.0266048 0.0156781
16 0.7764502 0.3404723 0.0266047 0.0156781
17 0.5055663 0.4009451 0.0266047 0.0156781
9 0.5732872 0.4009451 0.0266047 0.0156781
1 0.6410081 0.4009451 0.0266047 0.0156781
8 0.8441711 0.4009451 0.0266047 0.0156781
13 0.5055663 0.4614179 0.0266047 0.0156781
26 0.8441711 0.4614179 0.0266047 0.0156781
33 0.5732872 0.5218907 0.0628838 0.0604728
12 0.5732872 0.5218907 0.0266047 0.0156782
27 0.7764502 0.5218907 0.0266047 0.0156782
26 0.5732872 0.2799996 0.0266047 0.0156781
16 0.8441711 0.5218907 0.0266047 0.0156782
22 0.6410081 0.5218907 0.0266047 0.0156782
7 0.7087292 0.2799996 0.0266048 0.0156781
13 0.5055663 0.5218907 0.0266047 0.0156782
21 0.7087292 0.5218907 0.0266048 0.0156782
30 0.8441711 0.3404723 0.0266047 0.0156781
29 0.7764502 0.4009451 0.0266047 0.0156781
25 0.5732872 0.4614179 0.0266047 0.0156781
12 0.7764502 0.4614179 0.0266047 0.0156781
7 0.5055663 0.2799996 0.0266047 0.0156781
27 0.6410081 0.4614179 0.0266047 0.0156781
10 0.5055663 0.3404723 0.0266047 0.0156781
25 0.4378453 0.5218907 0.0266047 0.0156782
12 0.7087292 0.4614179 0.0266048 0.0156781
31 0.5732872 0.3404723 0.0266047 0.0156781
18 0.4378453 0.4009451 0.0266047 0.0156781
12 0.7087292 0.4009451 0.0266048 0.0156781
5 0.8441711 0.2799996 0.0266047 0.0156781
23 0.7764502 0.2799996 0.0266047 0.0156781
15 0.4378453 0.4614179 0.0266047 0.0156781
