8 0.0768641 0.4037261 0.0281769 0.0162212
21 0.2203103 0.3411586 0.0281769 0.0162212
32 0.2875507 0.4338512 0.5187117 0.4449246
31 0.0768641 0.2785911 0.0281769 0.0162212
9 0.3637565 0.2785911 0.0281769 0.0162212
33 0.4354796 0.2785911 0.0666000 0.0625675
3 0.4354796 0.2785911 0.0281769 0.0162212
18 0.5072027 0.2785911 0.0281769 0.0162212
13 0.3637565 0.3411586 0.0281769 0.0162212
30 0.1485872 0.4037261 0.0281769 0.0162212
20 0.2920334 0.4037261 0.0281769 0.0162212
3 0.0768641 0.4662936 0.0281769 0.0162212
10 0.2203103 0.4662936 0.0281769 0.0162212
12 0.4354796 0.4662936 0.0281769 0.0162212
11 0.0768641 0.5288611 0.0281769 0.0162212
14 0.5072027 0.5288611 0.0281769 0.0162212
16 0.2203103 0.5288611 0.0281769 0.0162212
24 0.2920334 0.4662936 0.0281769 0.0162212
28 0.2203103 0.4037261 0.0281769 0.0162212
5 0.2920334 0.2785911 0.0281769 0.0162212
18 0.3637565 0.4662936 0.0281769 0.0162212
17 0.4354796 0.4037261 0.0281769 0.0162212
3 0.1485872 0.2785911 0.0281769 0.0162212
28 0.1485872 0.5288611 0.0281769 0.0162212
8 0.5072027 0.4037261 0.0281769 0.0162212
9 0.5072027 0.3411586 0.0281769 0.0162212
29 0.2920334 0.3411586 0.0281769 0.0162212
30 0.1485872 0.3411586 0.0281769 0.0162212
17 0.5072027 0.4662936 0.0281769 0.0162212
14 0.2203103 0.2785911 0.0281769 0.0162212
11 0.4354796 0.3411586 0.0281769 0.0162212
20 0.1485872 0.4662936 0.0281769 0.0162212
1 0.3637565 0.5288611 0.0281769 0.0162212
10 0.3637565 0.4037261 0.0281769 0.0162212
8 0.2920334 0.5288611 0.0281769 0.0162212
13 0.0768641 0.3411586 0.0281769 0.0162212
14 0.4354796 0.5288611 0.0281769 0.0162212
