7 0.4486788 0.4377259 0.0283425 0.0149370
24 0.5208233 0.6105684 0.0283425 0.0149370
32 0.4441698 0.5806944 0.5217591 0.4097009
20 0.2322454 0.4377259 0.0283425 0.0149370
29 0.3043899 0.4377259 0.0283425 0.0149370
19 0.3765343 0.4377259 0.0283425 0.0149370
17 0.5208233 0.4377259 0.0283425 0.0149370
13 0.6651123 0.4377259 0.0283425 0.0149370
21 0.2322454 0.4953401 0.0283425 0.0149370
26 0.3765343 0.4953401 0.0283425 0.0149370
24 0.4486788 0.4953401 0.0283425 0.0149370
8 0.5208233 0.4953401 0.0283425 0.0149370
31 0.5929678 0.4953401 0.0283425 0.0149370
10 0.6651123 0.4953401 0.0283425 0.0149370
33 0.2322454 0.5529542 0.0669913 0.0576142
11 0.2322454 0.5529543 0.0283425 0.0149370
23 0.4486788 0.5529543 0.0283425 0.0149370
14 0.2322454 0.6681826 0.0283425 0.0149370
6 0.6651123 0.6681826 0.0283425 0.0149370
1 0.2322454 0.7257968 0.0283425 0.0149371
25 0.3043899 0.7257968 0.0283425 0.0149371
30 0.3765343 0.7257968 0.0283425 0.0149371
9 0.4486788 0.7257968 0.0283425 0.0149371
14 0.3043899 0.6681826 0.0283425 0.0149370
2 0.5929678 0.4377259 0.0283425 0.0149370
15 0.5208233 0.7257968 0.0283425 0.0149371
5 0.3765343 0.5529543 0.0283425 0.0149370
31 0.4486788 0.6105684 0.0283425 0.0149370
31 0.4486788 0.6681826 0.0283425 0.0149370
4 0.3765343 0.6681826 0.0283425 0.0149370
19 0.3043899 0.6105684 0.0283425 0.0149370
24 0.6651123 0.7257968 0.0283425 0.0149371
18 0.3043899 0.4953401 0.0283425 0.0149370
2 0.5929678 0.7257968 0.0283425 0.0149371
6 0.6651123 0.6105684 0.0283425 0.0149370
18 0.5929678 0.6681826 0.0283425 0.0149370
25 0.3765343 0.6105684 0.0283425 0.0149370
2 0.6651123 0.5529543 0.0283425 0.0149370
28 0.5929678 0.6105684 0.0283425 0.0149370
16 0.5208233 0.6681826 0.0283425 0.0149370
26 0.5208233 0.5529543 0.0283425 0.0149370
1 0.3043899 0.5529543 0.0283425 0.0149370
16 0.5929678 0.5529543 0.0283425 0.0149370
14 0.2322454 0.6105684 0.0283425 0.0149370
