28 0.6036843 0.4540700 0.0275916 0.0149169
29 0.3227521 0.5116064 0.0275916 0.0149169
32 0.5290617 0.4817727 0.5079354 0.4091479
16 0.3929852 0.3389972 0.0275916 0.0149168
12 0.4632182 0.3389972 0.0275916 0.0149168
27 0.6739174 0.3389972 0.0275916 0.0149168
5 0.5334513 0.3965336 0.0275916 0.0149169
1 0.6739174 0.3965336 0.0275916 0.0149169
15 0.3929852 0.4540700 0.0275916 0.0149169
25 0.5334513 0.4540700 0.0275916 0.0149169
10 0.6739174 0.4540700 0.0275916 0.0149169
20 0.5334513 0.5116064 0.0275916 0.0149169
19 0.6036843 0.5116064 0.0275916 0.0149169
33 0.5334513 0.5691429 0.0652164 0.0575364
19 0.5334513 0.5691429 0.0275916 0.0149169
9 0.6036843 0.5691429 0.0275916 0.0149169
24 0.6739174 0.5691429 0.0275916 0.0149169
13 0.7441504 0.5691429 0.0275916 0.0149169
8 0.3227521 0.6266793 0.0275916 0.0149169
30 0.3929852 0.6266793 0.0275916 0.0149169
3 0.4632182 0.6266793 0.0275916 0.0149169
31 0.6036843 0.6266793 0.0275916 0.0149169
26 0.6739174 0.6266793 0.0275916 0.0149169
31 0.5334513 0.6266793 0.0275916 0.0149169
5 0.4632182 0.4540700 0.0275916 0.0149169
30 0.3929852 0.5116064 0.0275916 0.0149169
25 0.6739174 0.5116064 0.0275916 0.0149169
15 0.3929852 0.3965336 0.0275916 0.0149169
30 0.3929852 0.5691429 0.0275916 0.0149169
15 0.7441504 0.3965336 0.0275916 0.0149169
14 0.7441504 0.5116064 0.0275916 0.0149169
4 0.7441504 0.4540700 0.0275916 0.0149169
16 0.4632182 0.5691429 0.0275916 0.0149169
25 0.3227521 0.5691429 0.0275916 0.0149169
9 0.3227521 0.3965336 0.0275916 0.0149169
22 0.5334513 0.3389972 0.0275916 0.0149168
14 0.3227521 0.4540700 0.0275916 0.0149169
24 0.6036843 0.3389972 0.0275916 0.0149168
19 0.3227521 0.3389972 0.0275916 0.0149168
30 0.4632182 0.5116064 0.0275916 0.0149169
29 0.7441504 0.3389972 0.0275916 0.0149168
18 0.6036843 0.3965336 0.0275916 0.0149169
26 0.7441504 0.6266793 0.0275916 0.0149169
14 0.4632182 0.3965336 0.0275916 0.0149169
