16 0.5850952 0.4596874 0.0273655 0.0155793
1 0.5850952 0.5197789 0.0273655 0.0155793
32 0.3717690 0.4886203 0.5037732 0.4273176
16 0.3064651 0.3395043 0.0273655 0.0155793
11 0.3761226 0.3395043 0.0273655 0.0155793
12 0.4457801 0.3395043 0.0273655 0.0155793
19 0.5154377 0.3395043 0.0273655 0.0155793
30 0.5850952 0.3395043 0.0273655 0.0155793
7 0.1671500 0.3995958 0.0273655 0.0155793
33 0.2368076 0.3995958 0.0646820 0.0600916
5 0.2368076 0.3995958 0.0273655 0.0155793
10 0.4457801 0.3995958 0.0273655 0.0155793
24 0.5154377 0.3995958 0.0273655 0.0155793
31 0.5850952 0.3995958 0.0273655 0.0155793
1 0.3064651 0.4596874 0.0273655 0.0155793
21 0.1671500 0.5197789 0.0273655 0.0155793
26 0.4457801 0.5197789 0.0273655 0.0155793
9 0.3761226 0.5798704 0.0273655 0.0155793
13 0.1671500 0.6399620 0.0273655 0.0155793
5 0.2368076 0.6399620 0.0273655 0.0155793
20 0.3064651 0.6399620 0.0273655 0.0155793
17 0.4457801 0.6399620 0.0273655 0.0155793
29 0.5154377 0.6399620 0.0273655 0.0155793
31 0.5850952 0.6399620 0.0273655 0.0155793
6 0.5154377 0.4596874 0.0273655 0.0155793
29 0.3064651 0.3995958 0.0273655 0.0155793
20 0.1671500 0.3395043 0.0273655 0.0155793
17 0.2368076 0.3395043 0.0273655 0.0155793
23 0.2368076 0.5197789 0.0273655 0.0155793
29 0.3761226 0.5197789 0.0273655 0.0155793
7 0.1671500 0.5798704 0.0273655 0.0155793
24 0.3761226 0.4596874 0.0273655 0.0155793
24 0.4457801 0.4596874 0.0273655 0.0155793
14 0.3761226 0.6399620 0.0273655 0.0155793
4 0.5850952 0.5798704 0.0273655 0.0155793
19 0.3761226 0.3995958 0.0273655 0.0155793
27 0.5154377 0.5798704 0.0273655 0.0155793
18 0.5154377 0.5197789 0.0273655 0.0155793
24 0.3064651 0.5798704 0.0273655 0.0155793
18 0.3064651 0.5197789 0.0273655 0.0155793
16 0.4457801 0.5798704 0.0273655 0.0155793
2 0.2368076 0.4596874 0.0273655 0.0155793
28 0.1671500 0.4596874 0.0273655 0.0155793
26 0.2368076 0.5798704 0.0273655 0.0155793
