11 0.3569376 0.5196037 0.0261589 0.0152824
23 0.3569376 0.2838178 0.0261589 0.0152824
32 0.4859486 0.4300924 0.4815619 0.4191749
14 0.4235239 0.2838178 0.0261589 0.0152824
11 0.4901103 0.2838178 0.0261589 0.0152824
4 0.5566966 0.2838178 0.0261589 0.0152824
9 0.6898692 0.2838178 0.0261590 0.0152824
13 0.4235239 0.3427643 0.0261589 0.0152824
19 0.4235239 0.4017107 0.0261589 0.0152824
29 0.2903513 0.4606572 0.0261589 0.0152824
33 0.3569376 0.4606572 0.0618302 0.0589465
24 0.3569376 0.4606572 0.0261589 0.0152824
16 0.4901103 0.4606572 0.0261589 0.0152824
27 0.2903513 0.5196037 0.0261589 0.0152824
28 0.5566966 0.5196037 0.0261589 0.0152824
10 0.6898692 0.5196037 0.0261590 0.0152824
4 0.4901103 0.3427643 0.0261589 0.0152824
25 0.6232829 0.4606572 0.0261589 0.0152824
14 0.5566966 0.4017107 0.0261589 0.0152824
11 0.6898692 0.3427643 0.0261590 0.0152824
27 0.2903513 0.2838178 0.0261589 0.0152824
3 0.6898692 0.4017107 0.0261590 0.0152824
16 0.6232829 0.5196037 0.0261589 0.0152824
11 0.5566966 0.3427643 0.0261589 0.0152824
14 0.2903513 0.4017107 0.0261589 0.0152824
25 0.4235239 0.5196037 0.0261589 0.0152824
7 0.3569376 0.3427643 0.0261589 0.0152824
7 0.6232829 0.3427643 0.0261589 0.0152824
4 0.6898692 0.4606572 0.0261590 0.0152824
24 0.4901103 0.4017107 0.0261589 0.0152824
11 0.4235239 0.4606572 0.0261589 0.0152824
31 0.6232829 0.4017107 0.0261589 0.0152824
3 0.6232829 0.2838178 0.0261589 0.0152824
9 0.4901103 0.5196037 0.0261589 0.0152824
8 0.2903513 0.3427643 0.0261589 0.0152824
4 0.5566966 0.4606572 0.0261589 0.0152824
1 0.3569376 0.4017107 0.0261589 0.0152824
