14 0.3924504 0.4653734 0.0274844 0.0170294
18 0.7422513 0.4653734 0.0274844 0.0170294
32 0.5329954 0.4897821 0.5059618 0.4359509
12 0.3224903 0.3427622 0.0274843 0.0170293
2 0.6023310 0.3427622 0.0274844 0.0170293
20 0.6722911 0.3427622 0.0274843 0.0170293
33 0.7422513 0.3421946 0.0649630 0.0613056
15 0.7422513 0.3427622 0.0274844 0.0170293
25 0.4624106 0.4035001 0.0274844 0.0158940
28 0.6722911 0.4035001 0.0274843 0.0158940
22 0.3224903 0.4653734 0.0274843 0.0170294
8 0.4624106 0.4653734 0.0274844 0.0170294
3 0.3924504 0.5266790 0.0274844 0.0170294
17 0.5323708 0.5266790 0.0274844 0.0170294
13 0.6722911 0.5266790 0.0274843 0.0170294
15 0.3924504 0.5879846 0.0274844 0.0170293
19 0.4624106 0.5879846 0.0274844 0.0170293
30 0.5323708 0.5879846 0.0274844 0.0170293
21 0.7422513 0.5879846 0.0274844 0.0170293
5 0.3224903 0.6487226 0.0274843 0.0158940
7 0.3924504 0.6487226 0.0274844 0.0158940
11 0.5323708 0.6487226 0.0274844 0.0158940
24 0.6023310 0.6487226 0.0274844 0.0158940
11 0.4624106 0.3427622 0.0274844 0.0170293
20 0.7422513 0.4035001 0.0274844 0.0158940
10 0.6722911 0.4653734 0.0274843 0.0170294
27 0.5323708 0.4035001 0.0274844 0.0158940
2 0.7422513 0.5266790 0.0274844 0.0170294
24 0.3224903 0.4035001 0.0274843 0.0158940
5 0.6722911 0.5879846 0.0274843 0.0170293
6 0.3224903 0.5879846 0.0274843 0.0170293
12 0.4624106 0.6487226 0.0274844 0.0158940
14 0.6722911 0.6487226 0.0274843 0.0158940
5 0.3224903 0.5266790 0.0274843 0.0170294
27 0.5323708 0.4653734 0.0274844 0.0170294
28 0.7422513 0.6487226 0.0274844 0.0158940
18 0.4624106 0.5266790 0.0274844 0.0170294
15 0.3924504 0.3427622 0.0274844 0.0170293
14 0.6023310 0.4653734 0.0274844 0.0170294
7 0.3924504 0.4035001 0.0274844 0.0158940
12 0.6023310 0.5266790 0.0274844 0.0170294
21 0.6023310 0.5879846 0.0274844 0.0170293
21 0.6023310 0.4035001 0.0274844 0.0158940
9 0.5323708 0.3427622 0.0274844 0.0170293
