23 0.7767734 0.5880404 0.0284522 0.0163718
6 0.7043495 0.5285563 0.0284521 0.0152803
32 0.5601486 0.6115066 0.5237790 0.4191171
14 0.7767734 0.4701637 0.0284522 0.0163718
9 0.4870782 0.5285563 0.0284522 0.0152803
29 0.6319258 0.5285563 0.0284522 0.0152803
23 0.7767734 0.5285563 0.0284522 0.0152803
8 0.4870782 0.5880404 0.0284522 0.0163718
10 0.5595020 0.5880404 0.0284522 0.0163718
13 0.7043495 0.5880404 0.0284521 0.0163718
19 0.4146545 0.6469788 0.0284522 0.0163717
5 0.5595020 0.6469788 0.0284522 0.0163717
22 0.7043495 0.6469788 0.0284521 0.0163717
33 0.3422308 0.7053714 0.0672506 0.0589383
28 0.3422308 0.7059170 0.0284522 0.0163717
3 0.4870782 0.7059170 0.0284522 0.0163717
30 0.7767734 0.7059170 0.0284522 0.0163717
21 0.3422308 0.7643097 0.0284522 0.0152804
26 0.4146545 0.7643097 0.0284522 0.0152804
17 0.5595020 0.7643097 0.0284522 0.0152804
27 0.6319258 0.7643097 0.0284522 0.0152804
31 0.7043495 0.7643097 0.0284521 0.0152804
15 0.7767734 0.7643097 0.0284522 0.0152804
8 0.3422308 0.4701637 0.0284522 0.0163718
18 0.6319258 0.5880404 0.0284522 0.0163718
26 0.4870782 0.4701637 0.0284522 0.0163718
25 0.7043495 0.4701637 0.0284521 0.0163718
23 0.3422308 0.5285563 0.0284522 0.0152803
3 0.4146545 0.5285563 0.0284522 0.0152803
21 0.4870782 0.7643097 0.0284522 0.0152804
30 0.6319258 0.4701637 0.0284522 0.0163718
5 0.4146545 0.4701637 0.0284522 0.0163718
12 0.3422308 0.6469788 0.0284522 0.0163717
29 0.5595020 0.5285563 0.0284522 0.0152803
19 0.4146545 0.7059170 0.0284522 0.0163717
15 0.4146545 0.5880404 0.0284522 0.0163718
15 0.3422308 0.5880404 0.0284522 0.0163718
9 0.7767734 0.6469788 0.0284522 0.0163717
6 0.7043495 0.7059170 0.0284521 0.0163717
25 0.5595020 0.4701637 0.0284522 0.0163718
26 0.5595020 0.7059170 0.0284522 0.0163717
9 0.4870782 0.6469788 0.0284522 0.0163717
17 0.6319258 0.6469788 0.0284522 0.0163717
2 0.6319258 0.7059170 0.0284522 0.0163717
