15 0.1874158 0.5262484 0.0267132 0.0161784
20 0.5274016 0.4638461 0.0267132 0.0161784
32 0.3871575 0.6186964 0.4917652 0.4437503
13 0.1874158 0.4638461 0.0267132 0.0161784
22 0.2554130 0.4638461 0.0267132 0.0161784
10 0.3914073 0.4638461 0.0267132 0.0161784
16 0.2554130 0.5262484 0.0267132 0.0161784
20 0.3234101 0.5262484 0.0267132 0.0161784
31 0.4594044 0.5262484 0.0267131 0.0161784
9 0.5274016 0.5262484 0.0267132 0.0161784
26 0.2554130 0.5886509 0.0267132 0.0161784
12 0.3914073 0.5886509 0.0267132 0.0161784
7 0.2554130 0.6510532 0.0267132 0.0161784
19 0.3914073 0.6510532 0.0267132 0.0161784
33 0.5274016 0.6510532 0.0631403 0.0624023
30 0.5274016 0.6510532 0.0267132 0.0161784
30 0.1874158 0.7134555 0.0267132 0.0161784
3 0.2554130 0.7134555 0.0267132 0.0161784
28 0.3914073 0.7134555 0.0267132 0.0161784
24 0.1874158 0.7758580 0.0267132 0.0161784
1 0.3234101 0.7758580 0.0267132 0.0161784
5 0.3914073 0.7758580 0.0267132 0.0161784
11 0.5953988 0.7758580 0.0267132 0.0161784
6 0.3234101 0.4638461 0.0267132 0.0161784
31 0.1874158 0.6510532 0.0267132 0.0161784
6 0.5274016 0.5886509 0.0267132 0.0161784
31 0.5274016 0.7134555 0.0267132 0.0161784
16 0.4594044 0.4638461 0.0267131 0.0161784
2 0.3234101 0.6510532 0.0267132 0.0161784
14 0.4594044 0.5886509 0.0267131 0.0161784
19 0.3914073 0.5262484 0.0267132 0.0161784
27 0.5953988 0.5262484 0.0267132 0.0161784
28 0.1874158 0.5886509 0.0267132 0.0161784
26 0.4594044 0.6510532 0.0267131 0.0161784
15 0.3234101 0.7134555 0.0267132 0.0161784
19 0.5274016 0.7758580 0.0267132 0.0161784
28 0.4594044 0.7134555 0.0267131 0.0161784
2 0.5953988 0.6510532 0.0267132 0.0161784
30 0.5953988 0.7134555 0.0267132 0.0161784
21 0.3234101 0.5886509 0.0267132 0.0161784
28 0.5953988 0.4638461 0.0267132 0.0161784
31 0.4594044 0.7758580 0.0267131 0.0161784
23 0.2554130 0.7758580 0.0267132 0.0161784
14 0.5953988 0.5886509 0.0267132 0.0161784
