24 0.6150887 0.4488640 0.0271540 0.0170632
26 0.5459696 0.3254401 0.0271539 0.0159257
32 0.4083485 0.4118938 0.4998794 0.4368184
2 0.2694931 0.2645813 0.0271539 0.0170632
10 0.3386123 0.2645813 0.0271539 0.0170632
25 0.4077314 0.2645813 0.0271540 0.0170632
33 0.4768505 0.2640125 0.0641821 0.0614276
25 0.4768505 0.2645813 0.0271539 0.0170632
6 0.2694931 0.3254401 0.0271539 0.0159257
23 0.2003740 0.3874365 0.0271539 0.0170632
13 0.2694931 0.3874365 0.0271539 0.0170632
22 0.3386123 0.3874365 0.0271539 0.0170632
19 0.4077314 0.3874365 0.0271540 0.0170632
30 0.4768505 0.3874365 0.0271539 0.0170632
5 0.4077314 0.4488640 0.0271540 0.0170632
24 0.4768505 0.4488640 0.0271539 0.0170632
17 0.5459696 0.4488640 0.0271539 0.0170632
14 0.2694931 0.5102916 0.0271539 0.0170632
21 0.4077314 0.5102916 0.0271540 0.0170632
28 0.5459696 0.5102916 0.0271539 0.0170632
27 0.6150887 0.5102916 0.0271540 0.0170632
18 0.4077314 0.5711504 0.0271540 0.0159257
20 0.4768505 0.5711504 0.0271539 0.0159257
30 0.3386123 0.5711504 0.0271539 0.0159257
20 0.2003740 0.5711504 0.0271539 0.0159257
29 0.5459696 0.5711504 0.0271539 0.0159257
23 0.4768505 0.3254401 0.0271539 0.0159257
18 0.6150887 0.3254401 0.0271540 0.0159257
29 0.2694931 0.5711504 0.0271539 0.0159257
25 0.4077314 0.3254401 0.0271540 0.0159257
17 0.3386123 0.3254401 0.0271539 0.0159257
4 0.2003740 0.2645813 0.0271539 0.0170632
19 0.3386123 0.5102916 0.0271539 0.0170632
7 0.5459696 0.2645813 0.0271539 0.0170632
21 0.3386123 0.4488640 0.0271539 0.0170632
6 0.6150887 0.5711504 0.0271540 0.0159257
10 0.2694931 0.4488640 0.0271539 0.0170632
27 0.2003740 0.4488640 0.0271539 0.0170632
8 0.6150887 0.3874365 0.0271540 0.0170632
13 0.6150887 0.2645813 0.0271540 0.0170632
11 0.5459696 0.3874365 0.0271539 0.0170632
21 0.2003740 0.5102916 0.0271539 0.0170632
13 0.4768505 0.5102916 0.0271539 0.0170632
17 0.2003740 0.3254401 0.0271539 0.0159257
