30 0.2174327 0.4406334 0.0286394 0.0156940
5 0.5090334 0.6222351 0.0286394 0.0156940
32 0.2857766 0.5303132 0.5272244 0.4304631
15 0.0716324 0.3800996 0.0286394 0.0156940
5 0.2174327 0.3800996 0.0286394 0.0156940
23 0.2903329 0.3800996 0.0286393 0.0156940
29 0.0716324 0.4406334 0.0286394 0.0156940
22 0.1445326 0.4406334 0.0286394 0.0156940
16 0.0716324 0.5011673 0.0286394 0.0156940
25 0.1445326 0.5011673 0.0286394 0.0156940
33 0.4361332 0.5011673 0.0676930 0.0605339
5 0.4361332 0.5011673 0.0286393 0.0156940
6 0.2903329 0.5617012 0.0286393 0.0156940
10 0.2174327 0.6222351 0.0286394 0.0156940
17 0.3632330 0.6222351 0.0286393 0.0156940
20 0.4361332 0.6222351 0.0286393 0.0156940
16 0.2903329 0.6222351 0.0286393 0.0156940
18 0.0716324 0.6222351 0.0286394 0.0156940
31 0.4361332 0.4406334 0.0286393 0.0156940
27 0.2174327 0.5011673 0.0286394 0.0156940
13 0.3632330 0.3800996 0.0286393 0.0156940
2 0.1445326 0.6222351 0.0286394 0.0156940
14 0.4361332 0.3800996 0.0286393 0.0156940
15 0.3632330 0.5011673 0.0286393 0.0156940
30 0.3632330 0.4406334 0.0286393 0.0156940
19 0.0716324 0.5617012 0.0286394 0.0156940
6 0.2903329 0.5011673 0.0286393 0.0156940
2 0.5090334 0.4406334 0.0286394 0.0156940
28 0.2174327 0.5617012 0.0286394 0.0156940
1 0.5090334 0.5617012 0.0286394 0.0156940
1 0.5090334 0.3800996 0.0286394 0.0156940
26 0.1445326 0.5617012 0.0286394 0.0156940
5 0.5090334 0.5011673 0.0286394 0.0156940
26 0.1445326 0.3800996 0.0286394 0.0156940
23 0.4361332 0.5617012 0.0286393 0.0156940
19 0.3632330 0.5617012 0.0286393 0.0156940
28 0.2903329 0.4406334 0.0286393 0.0156940
