21 0.4076778 0.5173178 0.0282704 0.0161809
23 0.4796389 0.5173178 0.0282704 0.0161809
32 0.6190633 0.4225438 0.5204323 0.4438195
30 0.4796389 0.2676693 0.0282704 0.0161809
11 0.5515999 0.2676693 0.0282704 0.0161809
4 0.7674830 0.2676693 0.0282704 0.0161809
29 0.4076778 0.3300814 0.0282704 0.0161809
33 0.6235609 0.3300814 0.0668209 0.0624121
3 0.6235609 0.3300814 0.0282704 0.0161809
31 0.6955219 0.3924936 0.0282704 0.0161810
14 0.4076778 0.4549057 0.0282704 0.0161810
19 0.6235609 0.4549057 0.0282704 0.0161810
1 0.6955219 0.4549057 0.0282704 0.0161810
3 0.8394440 0.4549057 0.0282703 0.0161810
10 0.6955219 0.5173178 0.0282704 0.0161809
2 0.7674830 0.5173178 0.0282704 0.0161809
5 0.5515999 0.3924936 0.0282704 0.0161810
29 0.7674830 0.3300814 0.0282704 0.0161809
3 0.4796389 0.3924936 0.0282704 0.0161810
25 0.6235609 0.3924936 0.0282704 0.0161810
14 0.6955219 0.3300814 0.0282704 0.0161809
18 0.6235609 0.5173178 0.0282704 0.0161809
31 0.4796389 0.3300814 0.0282704 0.0161809
19 0.8394440 0.3924936 0.0282703 0.0161810
25 0.5515999 0.5173178 0.0282704 0.0161809
6 0.4796389 0.4549057 0.0282704 0.0161810
6 0.5515999 0.3300814 0.0282704 0.0161809
23 0.7674830 0.4549057 0.0282704 0.0161810
19 0.7674830 0.3924936 0.0282704 0.0161810
24 0.6235609 0.2676693 0.0282704 0.0161809
16 0.8394440 0.3300814 0.0282703 0.0161809
16 0.6955219 0.2676693 0.0282704 0.0161809
14 0.8394440 0.2676693 0.0282703 0.0161809
1 0.4076778 0.2676693 0.0282704 0.0161809
31 0.8394440 0.5173178 0.0282703 0.0161809
21 0.5515999 0.4549057 0.0282704 0.0161810
2 0.4076778 0.3924936 0.0282704 0.0161810
