13 0.3800803 0.5447441 0.0287764 0.0154011
17 0.5265782 0.4853396 0.0287764 0.0154011
32 0.5952491 0.5733462 0.5297469 0.4224315
2 0.3800803 0.4259352 0.0287764 0.0154011
8 0.3800803 0.4853396 0.0287764 0.0154011
20 0.4533292 0.4853396 0.0287764 0.0154011
18 0.5998271 0.4853396 0.0287764 0.0154011
33 0.6730761 0.4853396 0.0680168 0.0594044
12 0.6730761 0.4853396 0.0287764 0.0154011
26 0.8195741 0.4853396 0.0287764 0.0154011
19 0.4533292 0.5447441 0.0287764 0.0154011
7 0.6730761 0.5447441 0.0287764 0.0154011
6 0.7463251 0.5447441 0.0287764 0.0154011
23 0.8195741 0.5447441 0.0287764 0.0154011
15 0.4533292 0.6041485 0.0287764 0.0154012
11 0.5265782 0.6041485 0.0287764 0.0154012
28 0.6730761 0.6041485 0.0287764 0.0154012
3 0.7463251 0.6041485 0.0287764 0.0154012
9 0.5998271 0.6635529 0.0287764 0.0154012
14 0.7463251 0.6635529 0.0287764 0.0154012
4 0.3800803 0.7229574 0.0287764 0.0154012
31 0.4533292 0.7229574 0.0287764 0.0154012
22 0.7463251 0.7229574 0.0287764 0.0154012
19 0.6730761 0.7229574 0.0287764 0.0154012
29 0.7463251 0.4259352 0.0287764 0.0154011
21 0.8195741 0.6635529 0.0287764 0.0154012
27 0.4533292 0.6635529 0.0287764 0.0154012
19 0.5265782 0.4259352 0.0287764 0.0154011
3 0.5265782 0.6635529 0.0287764 0.0154012
1 0.3800803 0.6041485 0.0287764 0.0154012
4 0.6730761 0.6635529 0.0287764 0.0154012
13 0.5998271 0.5447441 0.0287764 0.0154011
17 0.7463251 0.4853396 0.0287764 0.0154011
15 0.3800803 0.6635529 0.0287764 0.0154012
2 0.8195741 0.4259352 0.0287764 0.0154011
1 0.4533292 0.4259352 0.0287764 0.0154011
3 0.5265782 0.5447441 0.0287764 0.0154011
16 0.5265782 0.7229574 0.0287764 0.0154012
13 0.5998271 0.4259352 0.0287764 0.0154011
13 0.5998271 0.7229574 0.0287764 0.0154012
21 0.8195741 0.7229574 0.0287764 0.0154012
26 0.6730761 0.4259352 0.0287764 0.0154011
25 0.5998271 0.6041485 0.0287764 0.0154012
6 0.8195741 0.6041485 0.0287764 0.0154012
