16 0.2012972 0.2956862 0.0280833 0.0164536
24 0.0583277 0.5326180 0.0280833 0.0164536
32 0.2734202 0.4377356 0.5169881 0.4212120
6 0.1298124 0.2956862 0.0280833 0.0164536
33 0.4872363 0.2951378 0.0663787 0.0592329
5 0.4872363 0.2956862 0.0280833 0.0164536
13 0.2727820 0.3543707 0.0280833 0.0153567
15 0.4157515 0.3543707 0.0280833 0.0153567
16 0.1298124 0.4141521 0.0280833 0.0164536
20 0.2012972 0.4141521 0.0280833 0.0164536
30 0.2727820 0.4733851 0.0280833 0.0164536
4 0.3442667 0.4733851 0.0280833 0.0164536
28 0.4872363 0.4733851 0.0280833 0.0164536
1 0.2012972 0.5326180 0.0280833 0.0164536
25 0.3442667 0.5326180 0.0280833 0.0164536
14 0.4157515 0.5326180 0.0280833 0.0164536
4 0.4872363 0.3543707 0.0280833 0.0153567
15 0.4872363 0.4141521 0.0280833 0.0164536
28 0.0583277 0.4733851 0.0280833 0.0164536
11 0.2012972 0.4733851 0.0280833 0.0164536
17 0.2727820 0.2956862 0.0280833 0.0164536
30 0.3442667 0.4141521 0.0280833 0.0164536
12 0.1298124 0.3543707 0.0280833 0.0153567
7 0.2727820 0.5326180 0.0280833 0.0164536
4 0.4157515 0.4733851 0.0280833 0.0164536
26 0.0583277 0.2956862 0.0280833 0.0164536
22 0.0583277 0.3543707 0.0280833 0.0153567
14 0.4157515 0.4141521 0.0280833 0.0164536
27 0.3442667 0.3543707 0.0280833 0.0153567
21 0.2012972 0.3543707 0.0280833 0.0153567
23 0.4872363 0.5326180 0.0280833 0.0164536
16 0.1298124 0.5326180 0.0280833 0.0164536
28 0.2727820 0.4141521 0.0280833 0.0164536
25 0.4157515 0.2956862 0.0280833 0.0164536
15 0.1298124 0.4733851 0.0280833 0.0164536
4 0.0583277 0.4141521 0.0280833 0.0164536
3 0.3442667 0.2956862 0.0280833 0.0164536
