19 0.3280201 0.4781954 0.0282385 0.0168209
19 0.3998998 0.3570846 0.0282385 0.0168209
32 0.3286619 0.5023054 0.5198446 0.4306164
26 0.2561403 0.3570846 0.0282385 0.0168209
13 0.1123809 0.4170793 0.0282385 0.0156996
28 0.2561403 0.4170793 0.0282385 0.0156996
12 0.3998998 0.4170793 0.0282385 0.0156996
17 0.5436593 0.4170793 0.0282385 0.0156996
15 0.4717796 0.4781954 0.0282384 0.0168209
25 0.1123809 0.5387508 0.0282385 0.0168209
10 0.2561403 0.5387508 0.0282385 0.0168209
2 0.3280201 0.5387508 0.0282385 0.0168209
11 0.4717796 0.5387508 0.0282384 0.0168209
33 0.5436593 0.5381902 0.0667455 0.0605554
3 0.5436593 0.5387508 0.0282385 0.0168209
7 0.1123809 0.5993062 0.0282385 0.0168209
9 0.1842606 0.5993062 0.0282384 0.0168209
8 0.3280201 0.5993062 0.0282385 0.0168209
14 0.5436593 0.5993062 0.0282385 0.0168209
29 0.1123809 0.6593010 0.0282385 0.0156996
6 0.2561403 0.6593010 0.0282385 0.0156996
1 0.3280201 0.6593010 0.0282385 0.0156996
22 0.5436593 0.6593010 0.0282385 0.0156996
17 0.5436593 0.4781954 0.0282385 0.0168209
29 0.3280201 0.4170793 0.0282385 0.0156996
30 0.1842606 0.5387508 0.0282384 0.0168209
29 0.2561403 0.4781954 0.0282385 0.0168209
29 0.2561403 0.5993062 0.0282385 0.0168209
30 0.5436593 0.3570846 0.0282385 0.0168209
8 0.3998998 0.5993062 0.0282385 0.0168209
21 0.1842606 0.3570846 0.0282384 0.0168209
1 0.4717796 0.6593010 0.0282384 0.0156996
26 0.4717796 0.5993062 0.0282384 0.0168209
15 0.4717796 0.3570846 0.0282384 0.0168209
22 0.1842606 0.4781954 0.0282384 0.0168209
14 0.3280201 0.3570846 0.0282385 0.0168209
2 0.1842606 0.6593010 0.0282384 0.0156996
1 0.1123809 0.3570846 0.0282385 0.0168209
14 0.4717796 0.4170793 0.0282384 0.0156996
3 0.3998998 0.6593010 0.0282385 0.0156996
23 0.3998998 0.5387508 0.0282385 0.0168209
27 0.3998998 0.4781954 0.0282385 0.0168209
15 0.1123809 0.4781954 0.0282385 0.0168209
27 0.1842606 0.4170793 0.0282384 0.0156996
