21 0.4251566 0.5127069 0.0279776 0.0148860
10 0.4963722 0.5127069 0.0279776 0.0148860
32 0.3494900 0.4255174 0.5150417 0.4083020
33 0.2115097 0.2830370 0.0661288 0.0574175
5 0.2115097 0.2830370 0.0279776 0.0148860
13 0.4963722 0.2830370 0.0279776 0.0148860
9 0.1402940 0.3404544 0.0279776 0.0148860
25 0.2115097 0.3404544 0.0279776 0.0148860
1 0.2827253 0.3404544 0.0279776 0.0148860
11 0.4963722 0.3404544 0.0279776 0.0148860
14 0.2115097 0.4552894 0.0279776 0.0148860
3 0.2827253 0.4552894 0.0279776 0.0148860
5 0.4251566 0.4552894 0.0279776 0.0148860
19 0.4963722 0.4552894 0.0279776 0.0148860
21 0.5675879 0.4552894 0.0279776 0.0148860
18 0.3539410 0.5127069 0.0279776 0.0148860
3 0.1402940 0.5127069 0.0279776 0.0148860
9 0.2115097 0.5127069 0.0279776 0.0148860
6 0.3539410 0.2830370 0.0279776 0.0148860
25 0.4963722 0.3978719 0.0279776 0.0148860
13 0.5675879 0.3404544 0.0279776 0.0148860
10 0.2827253 0.3978719 0.0279776 0.0148860
31 0.3539410 0.4552894 0.0279776 0.0148860
15 0.5675879 0.5127069 0.0279776 0.0148860
13 0.3539410 0.3404544 0.0279776 0.0148860
11 0.3539410 0.3978719 0.0279776 0.0148860
5 0.1402940 0.3978719 0.0279776 0.0148860
19 0.1402940 0.2830370 0.0279776 0.0148860
12 0.2827253 0.5127069 0.0279776 0.0148860
24 0.4251566 0.2830370 0.0279776 0.0148860
31 0.5675879 0.2830370 0.0279776 0.0148860
29 0.5675879 0.3978719 0.0279776 0.0148860
3 0.2827253 0.2830370 0.0279776 0.0148860
30 0.4251566 0.3404544 0.0279776 0.0148860
30 0.2115097 0.3978719 0.0279776 0.0148860
5 0.1402940 0.4552894 0.0279776 0.0148860
8 0.4251566 0.3978719 0.0279776 0.0148860
