7 0.3626337 0.4764039 0.0268501 0.0149686
21 0.2259427 0.7650832 0.0268500 0.0149687
32 0.2900166 0.6196743 0.4942844 0.4105662
6 0.2259427 0.4764039 0.0268500 0.0149686
19 0.4309792 0.4764039 0.0268500 0.0149686
24 0.0892517 0.5341397 0.0268500 0.0149686
5 0.1575972 0.5341397 0.0268500 0.0149686
16 0.4309792 0.5341397 0.0268500 0.0149686
1 0.4993247 0.5341397 0.0268500 0.0149686
11 0.1575972 0.5918755 0.0268500 0.0149685
3 0.2259427 0.5918755 0.0268500 0.0149685
14 0.4309792 0.5918755 0.0268500 0.0149685
8 0.1575972 0.6496115 0.0268500 0.0149687
26 0.2259427 0.6496115 0.0268500 0.0149687
23 0.2942882 0.6496115 0.0268500 0.0149687
13 0.3626337 0.6496115 0.0268501 0.0149687
18 0.2259427 0.7073473 0.0268500 0.0149687
10 0.0892517 0.7650832 0.0268500 0.0149687
30 0.1575972 0.7650832 0.0268500 0.0149687
17 0.3626337 0.7650832 0.0268501 0.0149687
21 0.4309792 0.7650832 0.0268500 0.0149687
33 0.4993247 0.7650832 0.0634637 0.0577359
11 0.4993247 0.7650832 0.0268500 0.0149687
27 0.2942882 0.7073473 0.0268500 0.0149687
7 0.1575972 0.7073473 0.0268500 0.0149687
25 0.0892517 0.4764039 0.0268500 0.0149686
24 0.2942882 0.5918755 0.0268500 0.0149685
12 0.2942882 0.5341397 0.0268500 0.0149686
26 0.4993247 0.7073473 0.0268500 0.0149687
6 0.0892517 0.7073473 0.0268500 0.0149687
21 0.0892517 0.6496115 0.0268500 0.0149687
22 0.2942882 0.4764039 0.0268500 0.0149686
8 0.4993247 0.4764039 0.0268500 0.0149686
31 0.4309792 0.6496115 0.0268500 0.0149687
5 0.3626337 0.5918755 0.0268501 0.0149685
7 0.1575972 0.4764039 0.0268500 0.0149686
9 0.4993247 0.6496115 0.0268500 0.0149687
13 0.3626337 0.5341397 0.0268501 0.0149686
25 0.4993247 0.5918755 0.0268500 0.0149685
12 0.2942882 0.7650832 0.0268500 0.0149687
13 0.3626337 0.7073473 0.0268501 0.0149687
19 0.4309792 0.7073473 0.0268500 0.0149687
7 0.2259427 0.5341397 0.0268500 0.0149686
24 0.0892517 0.5918755 0.0268500 0.0149685
