21 0.3019605 0.5467971 0.0276568 0.0163006
31 0.7243559 0.6096705 0.0276569 0.0163005
32 0.5087582 0.5770696 0.5091374 0.4471002
12 0.3019605 0.4210502 0.0276568 0.0163005
17 0.5835574 0.4210502 0.0276569 0.0163005
15 0.6539567 0.4210502 0.0276569 0.0163005
31 0.3019605 0.4839237 0.0276568 0.0163006
6 0.5131582 0.4839237 0.0276569 0.0163006
33 0.6539567 0.4839237 0.0653707 0.0628735
2 0.6539567 0.4839237 0.0276569 0.0163006
3 0.5835574 0.5467971 0.0276569 0.0163006
18 0.4427589 0.6096705 0.0276568 0.0163005
25 0.3019605 0.6725441 0.0276568 0.0163005
2 0.5131582 0.6725441 0.0276569 0.0163005
4 0.5835574 0.6725441 0.0276569 0.0163005
29 0.7243559 0.6725441 0.0276569 0.0163005
4 0.7243559 0.5467971 0.0276569 0.0163006
4 0.5131582 0.4210502 0.0276569 0.0163005
27 0.3723597 0.6096705 0.0276568 0.0163005
15 0.5131582 0.6096705 0.0276569 0.0163005
28 0.3019605 0.6096705 0.0276568 0.0163005
30 0.7243559 0.4839237 0.0276569 0.0163006
24 0.7243559 0.4210502 0.0276569 0.0163005
5 0.6539567 0.6096705 0.0276569 0.0163005
5 0.5131582 0.5467971 0.0276569 0.0163006
7 0.4427589 0.5467971 0.0276568 0.0163006
6 0.4427589 0.4839237 0.0276568 0.0163006
29 0.6539567 0.6725441 0.0276569 0.0163005
13 0.3723597 0.4839237 0.0276568 0.0163006
14 0.4427589 0.6725441 0.0276568 0.0163005
7 0.4427589 0.4210502 0.0276568 0.0163005
20 0.3723597 0.5467971 0.0276568 0.0163006
19 0.3723597 0.6725441 0.0276568 0.0163005
1 0.6539567 0.5467971 0.0276569 0.0163006
27 0.5835574 0.4839237 0.0276569 0.0163006
14 0.5835574 0.6096705 0.0276569 0.0163005
7 0.3723597 0.4210502 0.0276568 0.0163005
