5 0.1072359 0.5147230 0.0288351 0.0160971
15 0.1072359 0.7009899 0.0288351 0.0160971
32 0.3228434 0.5446177 0.5308272 0.4415215
6 0.1806342 0.3905451 0.0288350 0.0160971
5 0.2540325 0.3905451 0.0288350 0.0160971
24 0.3274308 0.3905451 0.0288351 0.0160971
8 0.4742275 0.3905451 0.0288351 0.0160971
18 0.2540325 0.4526340 0.0288350 0.0160971
14 0.3274308 0.4526340 0.0288351 0.0160971
33 0.4008292 0.4526340 0.0681556 0.0620890
11 0.4008292 0.4526340 0.0288351 0.0160971
21 0.4742275 0.4526340 0.0288351 0.0160971
12 0.5476258 0.4526340 0.0288351 0.0160971
9 0.2540325 0.5147230 0.0288350 0.0160971
10 0.3274308 0.5147230 0.0288351 0.0160971
19 0.4008292 0.5147230 0.0288351 0.0160971
30 0.5476258 0.5147230 0.0288351 0.0160971
23 0.1072359 0.5768119 0.0288351 0.0160971
20 0.4008292 0.5768119 0.0288351 0.0160971
25 0.4742275 0.5768119 0.0288351 0.0160971
4 0.5476258 0.6389009 0.0288351 0.0160971
16 0.3274308 0.7009899 0.0288351 0.0160971
27 0.4742275 0.7009899 0.0288351 0.0160971
30 0.5476258 0.5768119 0.0288351 0.0160971
14 0.5476258 0.3905451 0.0288351 0.0160971
30 0.1806342 0.6389009 0.0288350 0.0160971
30 0.1806342 0.5147230 0.0288350 0.0160971
26 0.4008292 0.6389009 0.0288351 0.0160971
24 0.5476258 0.7009899 0.0288351 0.0160971
2 0.3274308 0.5768119 0.0288351 0.0160971
21 0.1806342 0.7009899 0.0288350 0.0160971
7 0.4742275 0.5147230 0.0288351 0.0160971
4 0.1806342 0.5768119 0.0288350 0.0160971
26 0.2540325 0.6389009 0.0288350 0.0160971
19 0.4742275 0.6389009 0.0288351 0.0160971
14 0.1072359 0.6389009 0.0288351 0.0160971
25 0.1072359 0.4526340 0.0288351 0.0160971
7 0.1806342 0.4526340 0.0288350 0.0160971
4 0.4008292 0.3905451 0.0288351 0.0160971
2 0.4008292 0.7009899 0.0288351 0.0160971
5 0.3274308 0.6389009 0.0288351 0.0160971
3 0.2540325 0.5768119 0.0288350 0.0160971
6 0.2540325 0.7009899 0.0288350 0.0160971
2 0.1072359 0.3905451 0.0288351 0.0160971
