5 0.2205266 0.4257440 0.0265823 0.0153049
16 0.4235188 0.4847774 0.0265823 0.0153049
32 0.3516257 0.5722342 0.4893561 0.4197929
9 0.4235188 0.4257440 0.0265823 0.0153049
7 0.5588469 0.4257440 0.0265823 0.0153049
13 0.5588469 0.4847774 0.0265823 0.0153049
23 0.2881907 0.5438107 0.0265823 0.0153049
15 0.4235188 0.5438107 0.0265823 0.0153049
29 0.1528626 0.6028441 0.0265823 0.0153049
18 0.2205266 0.6028441 0.0265823 0.0153049
12 0.4911828 0.6028441 0.0265823 0.0153049
33 0.5588469 0.6028441 0.0628309 0.0590335
11 0.5588469 0.6028441 0.0265823 0.0153049
31 0.2205266 0.6618774 0.0265823 0.0153049
5 0.3558547 0.6618774 0.0265823 0.0153049
25 0.4911828 0.6618774 0.0265823 0.0153049
9 0.3558547 0.4847774 0.0265823 0.0153049
18 0.4911828 0.5438107 0.0265823 0.0153049
4 0.1528626 0.4257440 0.0265823 0.0153049
19 0.2881907 0.6028441 0.0265823 0.0153049
18 0.4235188 0.6618774 0.0265823 0.0153049
25 0.1528626 0.4847774 0.0265823 0.0153049
31 0.5588469 0.5438107 0.0265823 0.0153049
1 0.2881907 0.4257440 0.0265823 0.0153049
14 0.4911828 0.4847774 0.0265823 0.0153049
14 0.2205266 0.5438107 0.0265823 0.0153049
13 0.3558547 0.4257440 0.0265823 0.0153049
27 0.2205266 0.4847774 0.0265823 0.0153049
29 0.1528626 0.5438107 0.0265823 0.0153049
6 0.2881907 0.4847774 0.0265823 0.0153049
21 0.3558547 0.6028441 0.0265823 0.0153049
1 0.2881907 0.6618774 0.0265823 0.0153049
17 0.4911828 0.4257440 0.0265823 0.0153049
7 0.1528626 0.6618774 0.0265823 0.0153049
5 0.3558547 0.5438107 0.0265823 0.0153049
30 0.5588469 0.6618774 0.0265823 0.0153049
15 0.4235188 0.6028441 0.0265823 0.0153049
