16 0.5278785 0.2991082 0.0268291 0.0160439
26 0.7327549 0.5466431 0.0268291 0.0160440
32 0.5919024 0.3907878 0.4938985 0.4400620
31 0.3912942 0.2372245 0.0268291 0.0160439
27 0.5278785 0.2372245 0.0268291 0.0160439
13 0.5961707 0.2372245 0.0268291 0.0160439
8 0.6644628 0.2372245 0.0268291 0.0160439
19 0.7327549 0.2372245 0.0268291 0.0160439
25 0.4595863 0.2991082 0.0268290 0.0160439
7 0.5961707 0.2991082 0.0268291 0.0160439
4 0.6644628 0.2991082 0.0268291 0.0160439
1 0.7327549 0.2991082 0.0268291 0.0160439
26 0.3912942 0.3609920 0.0268291 0.0160440
16 0.6644628 0.3609920 0.0268291 0.0160440
6 0.8010471 0.3609920 0.0268291 0.0160440
20 0.5278785 0.4228757 0.0268291 0.0160439
30 0.5961707 0.4847594 0.0268291 0.0160439
5 0.3912942 0.5466431 0.0268291 0.0160440
33 0.4595863 0.5466431 0.0634141 0.0618837
19 0.4595863 0.5466431 0.0268290 0.0160440
15 0.5278785 0.5466431 0.0268291 0.0160440
18 0.5961707 0.5466431 0.0268291 0.0160440
24 0.8010471 0.5466431 0.0268291 0.0160440
21 0.7327549 0.4847594 0.0268291 0.0160439
7 0.5961707 0.3609920 0.0268291 0.0160440
18 0.6644628 0.4228757 0.0268291 0.0160439
14 0.7327549 0.3609920 0.0268291 0.0160440
2 0.5961707 0.4228757 0.0268291 0.0160439
31 0.7327549 0.4228757 0.0268291 0.0160439
18 0.4595863 0.4228757 0.0268290 0.0160439
2 0.8010471 0.4847594 0.0268291 0.0160439
21 0.8010471 0.2372245 0.0268291 0.0160439
16 0.3912942 0.2991082 0.0268291 0.0160439
3 0.3912942 0.4228757 0.0268291 0.0160439
28 0.4595863 0.4847594 0.0268290 0.0160439
18 0.4595863 0.2372245 0.0268290 0.0160439
17 0.6644628 0.5466431 0.0268291 0.0160440
1 0.4595863 0.3609920 0.0268290 0.0160440
31 0.3912942 0.4847594 0.0268291 0.0160439
21 0.5278785 0.4847594 0.0268291 0.0160439
7 0.8010471 0.2991082 0.0268291 0.0160439
21 0.6644628 0.4847594 0.0268291 0.0160439
26 0.8010471 0.4228757 0.0268291 0.0160439
1 0.5278785 0.3609920 0.0268291 0.0160440
