31 0.5514428 0.4584583 0.0267558 0.0157885
16 0.2109146 0.2757626 0.0267558 0.0157885
32 0.3428693 0.4268812 0.4925497 0.4330564
17 0.1428090 0.2757626 0.0267558 0.0157885
3 0.3471259 0.2757626 0.0267558 0.0157885
33 0.4833372 0.2757626 0.0632410 0.0608986
26 0.4833372 0.2757626 0.0267558 0.0157885
31 0.1428090 0.3366612 0.0267558 0.0157885
19 0.2790203 0.3366612 0.0267558 0.0157885
21 0.3471259 0.3366612 0.0267558 0.0157885
25 0.3471259 0.3975597 0.0267558 0.0157885
1 0.4152316 0.3975597 0.0267558 0.0157885
23 0.2109146 0.4584583 0.0267558 0.0157885
28 0.1428090 0.5193568 0.0267558 0.0157885
6 0.2109146 0.5193568 0.0267558 0.0157885
8 0.4833372 0.5193568 0.0267558 0.0157885
6 0.2790203 0.5193568 0.0267558 0.0157885
30 0.4152316 0.2757626 0.0267558 0.0157885
24 0.4152316 0.4584583 0.0267558 0.0157885
20 0.2109146 0.3366612 0.0267558 0.0157885
26 0.2790203 0.4584583 0.0267558 0.0157885
26 0.3471259 0.5193568 0.0267558 0.0157885
26 0.4833372 0.3975597 0.0267558 0.0157885
25 0.5514428 0.3366612 0.0267558 0.0157885
11 0.2790203 0.2757626 0.0267558 0.0157885
3 0.2109146 0.3975597 0.0267558 0.0157885
30 0.4833372 0.3366612 0.0267558 0.0157885
8 0.3471259 0.4584583 0.0267558 0.0157885
21 0.5514428 0.5193568 0.0267558 0.0157885
19 0.5514428 0.2757626 0.0267558 0.0157885
30 0.4833372 0.4584583 0.0267558 0.0157885
1 0.2790203 0.3975597 0.0267558 0.0157885
11 0.4152316 0.5193568 0.0267558 0.0157885
2 0.4152316 0.3366612 0.0267558 0.0157885
6 0.5514428 0.3975597 0.0267558 0.0157885
14 0.1428090 0.3975597 0.0267558 0.0157885
24 0.1428090 0.4584583 0.0267558 0.0157885
