15 0.3960537 0.3398677 0.0272717 0.0150543
19 0.6043101 0.2818011 0.0272717 0.0150543
32 0.3917150 0.3678257 0.5020467 0.4129179
18 0.1877972 0.2237346 0.0272717 0.0150543
21 0.4654725 0.2237346 0.0272717 0.0150543
27 0.1877972 0.2818011 0.0272717 0.0150543
3 0.3960537 0.2818011 0.0272717 0.0150543
8 0.4654725 0.2818011 0.0272717 0.0150543
19 0.4654725 0.3398677 0.0272717 0.0150543
16 0.2572161 0.3979343 0.0272717 0.0150543
1 0.3960537 0.3979343 0.0272717 0.0150543
11 0.4654725 0.3979343 0.0272717 0.0150543
5 0.1877972 0.4560009 0.0272717 0.0150543
33 0.3960536 0.4560009 0.0644603 0.0580666
2 0.3960537 0.4560009 0.0272717 0.0150543
2 0.5348913 0.4560009 0.0272717 0.0150543
17 0.2572161 0.2237346 0.0272717 0.0150543
26 0.3266349 0.3398677 0.0272717 0.0150543
9 0.5348913 0.2818011 0.0272717 0.0150543
1 0.3266349 0.2818011 0.0272717 0.0150543
25 0.1877972 0.3398677 0.0272717 0.0150543
16 0.2572161 0.2818011 0.0272717 0.0150543
5 0.5348913 0.3398677 0.0272717 0.0150543
23 0.5348913 0.2237346 0.0272717 0.0150543
23 0.5348913 0.3979343 0.0272717 0.0150543
8 0.1877972 0.3979343 0.0272717 0.0150543
20 0.2572161 0.3398677 0.0272717 0.0150543
2 0.3960537 0.2237346 0.0272717 0.0150543
8 0.3266349 0.3979343 0.0272717 0.0150543
29 0.4654725 0.4560009 0.0272717 0.0150543
7 0.3266349 0.4560009 0.0272717 0.0150543
24 0.6043101 0.3398677 0.0272717 0.0150543
18 0.6043101 0.3979343 0.0272717 0.0150543
15 0.3266349 0.2237346 0.0272717 0.0150543
6 0.6043101 0.2237346 0.0272717 0.0150543
3 0.6043101 0.4560009 0.0272717 0.0150543
25 0.2572161 0.4560009 0.0272717 0.0150543
