17 0.4305010 0.6166736 0.0286188 0.0163727
3 0.7947404 0.6166736 0.0286189 0.0163727
32 0.5768472 0.5811994 0.5268462 0.4191412
4 0.3576532 0.4398484 0.0286188 0.0163727
15 0.5033489 0.4398484 0.0286188 0.0163727
19 0.7947404 0.4398484 0.0286189 0.0163727
27 0.3576532 0.4982444 0.0286188 0.0152812
16 0.5033489 0.4982444 0.0286188 0.0152812
17 0.5761968 0.4982444 0.0286189 0.0152812
2 0.7947404 0.4982444 0.0286189 0.0152812
31 0.3576532 0.5577319 0.0286188 0.0163727
21 0.6490446 0.5577319 0.0286188 0.0163727
22 0.7947404 0.5577319 0.0286189 0.0163727
3 0.3576532 0.6166736 0.0286188 0.0163727
6 0.5033489 0.6166736 0.0286188 0.0163727
18 0.3576532 0.6756154 0.0286188 0.0163727
33 0.4305010 0.6750696 0.0676445 0.0589417
8 0.4305010 0.6756154 0.0286188 0.0163727
11 0.5761968 0.6756154 0.0286189 0.0163727
10 0.6490446 0.6756154 0.0286188 0.0163727
14 0.3576532 0.7340114 0.0286188 0.0152812
9 0.5033489 0.7340114 0.0286188 0.0152812
28 0.5761968 0.7340114 0.0286189 0.0152812
29 0.7218925 0.4982444 0.0286188 0.0152812
27 0.4305010 0.4982444 0.0286188 0.0152812
3 0.4305010 0.5577319 0.0286188 0.0163727
28 0.6490446 0.4982444 0.0286188 0.0152812
14 0.7218925 0.6756154 0.0286188 0.0163727
4 0.5033489 0.6756154 0.0286188 0.0163727
26 0.7218925 0.7340114 0.0286188 0.0152812
16 0.7947404 0.6756154 0.0286189 0.0163727
19 0.7947404 0.7340114 0.0286189 0.0152812
10 0.5033489 0.5577319 0.0286188 0.0163727
10 0.4305010 0.7340114 0.0286188 0.0152812
20 0.4305010 0.4398484 0.0286188 0.0163727
19 0.5761968 0.5577319 0.0286189 0.0163727
6 0.6490446 0.6166736 0.0286188 0.0163727
12 0.5761968 0.6166736 0.0286189 0.0163727
30 0.7218925 0.6166736 0.0286188 0.0163727
29 0.5761968 0.4398484 0.0286189 0.0163727
29 0.6490446 0.7340114 0.0286188 0.0152812
25 0.7218925 0.5577319 0.0286188 0.0163727
28 0.7218925 0.4398484 0.0286188 0.0163727
2 0.6490446 0.4398484 0.0286188 0.0163727
