31 0.3458982 0.5363553 0.0286883 0.0151540
19 0.7110216 0.7117084 0.0286883 0.0151539
32 0.5604082 0.6229494 0.5281249 0.4156518
20 0.5649722 0.4779043 0.0286883 0.0151540
14 0.6379969 0.4779043 0.0286882 0.0151540
28 0.7110216 0.4779043 0.0286883 0.0151540
17 0.5649722 0.5363553 0.0286883 0.0151540
7 0.7110216 0.5363553 0.0286883 0.0151540
16 0.3458982 0.5948063 0.0286883 0.0151540
15 0.4189228 0.5948063 0.0286883 0.0151540
4 0.6379969 0.5948063 0.0286882 0.0151540
33 0.3458982 0.6532574 0.0678086 0.0584511
29 0.3458982 0.6532574 0.0286883 0.0151539
25 0.4189228 0.6532574 0.0286883 0.0151539
21 0.4919475 0.6532574 0.0286883 0.0151539
26 0.6379969 0.7117084 0.0286882 0.0151539
6 0.5649722 0.7117084 0.0286883 0.0151539
25 0.4919475 0.7117084 0.0286883 0.0151539
19 0.7840462 0.7117084 0.0286882 0.0151539
10 0.4189228 0.5363553 0.0286883 0.0151540
3 0.7110216 0.6532574 0.0286883 0.0151539
28 0.6379969 0.5363553 0.0286882 0.0151540
19 0.3458982 0.7117084 0.0286883 0.0151539
9 0.4919475 0.5363553 0.0286883 0.0151540
18 0.7840462 0.6532574 0.0286882 0.0151539
13 0.7840462 0.4779043 0.0286882 0.0151540
23 0.3458982 0.4779043 0.0286883 0.0151540
8 0.5649722 0.6532574 0.0286883 0.0151539
20 0.4919475 0.4779043 0.0286883 0.0151540
17 0.7110216 0.5948063 0.0286883 0.0151540
20 0.7840462 0.5948063 0.0286882 0.0151540
29 0.7840462 0.5363553 0.0286882 0.0151540
8 0.6379969 0.6532574 0.0286882 0.0151539
9 0.5649722 0.5948063 0.0286883 0.0151540
1 0.4189228 0.4779043 0.0286883 0.0151540
12 0.4189228 0.7117084 0.0286883 0.0151539
8 0.4919475 0.5948063 0.0286883 0.0151540
