4 0.3903539 0.4014821 0.0280083 0.0147992
29 0.5329417 0.5727302 0.0280083 0.0147992
32 0.5997797 0.4289663 0.5156073 0.4059212
14 0.3903539 0.2873168 0.0280083 0.0147992
13 0.4616478 0.2873168 0.0280083 0.0147992
31 0.5329417 0.2873168 0.0280083 0.0147992
8 0.7468232 0.2873168 0.0280083 0.0147992
33 0.8181171 0.2873168 0.0662014 0.0570827
8 0.8181170 0.2873168 0.0280083 0.0147992
19 0.3903539 0.3443994 0.0280083 0.0147992
17 0.4616478 0.3443994 0.0280083 0.0147992
11 0.5329417 0.4014821 0.0280083 0.0147992
16 0.6755293 0.4014821 0.0280083 0.0147992
9 0.8181170 0.4014821 0.0280083 0.0147992
21 0.3903539 0.4585648 0.0280083 0.0147992
27 0.4616478 0.4585648 0.0280083 0.0147992
10 0.5329417 0.5156474 0.0280083 0.0147993
2 0.7468232 0.5156474 0.0280083 0.0147993
29 0.3903539 0.5727302 0.0280083 0.0147992
12 0.4616478 0.5727302 0.0280083 0.0147992
30 0.6042355 0.5727302 0.0280083 0.0147992
18 0.6755293 0.5727302 0.0280083 0.0147992
3 0.7468232 0.5727302 0.0280083 0.0147992
17 0.5329417 0.3443994 0.0280083 0.0147992
9 0.8181170 0.4585648 0.0280083 0.0147992
26 0.6042355 0.4585648 0.0280083 0.0147992
6 0.3903539 0.5156474 0.0280083 0.0147993
6 0.6755293 0.2873168 0.0280083 0.0147992
3 0.8181170 0.5156474 0.0280083 0.0147993
20 0.6755293 0.3443994 0.0280083 0.0147992
5 0.7468232 0.4014821 0.0280083 0.0147992
20 0.4616478 0.4014821 0.0280083 0.0147992
31 0.6042355 0.3443994 0.0280083 0.0147992
6 0.6042355 0.4014821 0.0280083 0.0147992
3 0.4616478 0.5156474 0.0280083 0.0147993
23 0.8181170 0.3443994 0.0280083 0.0147992
13 0.6042355 0.2873168 0.0280083 0.0147992
29 0.8181170 0.5727302 0.0280083 0.0147992
20 0.6042355 0.5156474 0.0280083 0.0147993
14 0.6755293 0.5156474 0.0280083 0.0147993
31 0.5329417 0.4585648 0.0280083 0.0147992
21 0.6755293 0.4585648 0.0280083 0.0147992
13 0.7468232 0.4585648 0.0280083 0.0147992
1 0.7468232 0.3443994 0.0280083 0.0147992
