23 0.4351379 0.4652669 0.0273799 0.0149946
27 0.0866669 0.6966124 0.0273799 0.0149946
32 0.2913936 0.5509504 0.5040384 0.4112809
27 0.2260553 0.4074305 0.0273799 0.0149946
25 0.2957495 0.4074305 0.0273799 0.0149946
11 0.4351379 0.4074305 0.0273799 0.0149946
21 0.2957495 0.4652669 0.0273799 0.0149946
9 0.2260553 0.5231033 0.0273799 0.0149946
2 0.2957495 0.5231033 0.0273799 0.0149946
8 0.5048321 0.5231033 0.0273798 0.0149946
7 0.0866669 0.5809397 0.0273799 0.0149946
30 0.2957495 0.5809397 0.0273799 0.0149946
33 0.3654437 0.5809397 0.0647160 0.0578364
23 0.3654437 0.5809397 0.0273798 0.0149946
14 0.5048321 0.5809397 0.0273798 0.0149946
15 0.2260553 0.6387760 0.0273799 0.0149946
17 0.2957495 0.6387760 0.0273799 0.0149946
29 0.3654437 0.6387760 0.0273798 0.0149946
6 0.4351379 0.6387760 0.0273799 0.0149946
18 0.1563611 0.6966124 0.0273799 0.0149946
16 0.2957495 0.6966124 0.0273799 0.0149946
4 0.3654437 0.6966124 0.0273798 0.0149946
22 0.5048321 0.6966124 0.0273798 0.0149946
28 0.5048321 0.6387760 0.0273798 0.0149946
16 0.0866669 0.4652669 0.0273799 0.0149946
7 0.2260553 0.4652669 0.0273799 0.0149946
13 0.3654437 0.4074305 0.0273798 0.0149946
20 0.5048321 0.4652669 0.0273798 0.0149946
29 0.0866669 0.5231033 0.0273799 0.0149946
18 0.1563611 0.4074305 0.0273799 0.0149946
19 0.3654437 0.5231033 0.0273798 0.0149946
1 0.2260553 0.6966124 0.0273799 0.0149946
4 0.0866669 0.4074305 0.0273799 0.0149946
15 0.1563611 0.5809397 0.0273799 0.0149946
8 0.5048321 0.4074305 0.0273798 0.0149946
3 0.4351379 0.6966124 0.0273799 0.0149946
11 0.1563611 0.4652669 0.0273799 0.0149946
24 0.4351379 0.5231033 0.0273799 0.0149946
19 0.4351379 0.5809397 0.0273799 0.0149946
20 0.1563611 0.6387760 0.0273799 0.0149946
24 0.0866669 0.6387760 0.0273799 0.0149946
18 0.1563611 0.5231033 0.0273799 0.0149946
24 0.2260553 0.5809397 0.0273799 0.0149946
29 0.3654437 0.4652669 0.0273798 0.0149946
