19 0.4182250 0.6231774 0.0265075 0.0152230
2 0.2158042 0.6231774 0.0265075 0.0152230
32 0.4140079 0.5927316 0.4879788 0.4175428
15 0.2832778 0.4470265 0.0265075 0.0152229
9 0.4182250 0.4470265 0.0265075 0.0152229
8 0.5531722 0.4470265 0.0265075 0.0152229
30 0.6206458 0.5057435 0.0265075 0.0152229
27 0.4182250 0.5644604 0.0265075 0.0152229
24 0.4856986 0.5644604 0.0265075 0.0152229
1 0.5531722 0.5644604 0.0265075 0.0152229
33 0.6206458 0.5644604 0.0626541 0.0587169
14 0.6206458 0.5644604 0.0265075 0.0152229
4 0.4856986 0.6231774 0.0265075 0.0152230
25 0.2158042 0.6818943 0.0265075 0.0152228
10 0.3507514 0.6818943 0.0265075 0.0152228
20 0.4182250 0.6818943 0.0265075 0.0152228
24 0.5531722 0.5057435 0.0265075 0.0152229
20 0.3507514 0.5057435 0.0265075 0.0152229
23 0.3507514 0.6231774 0.0265075 0.0152230
6 0.2832778 0.6231774 0.0265075 0.0152230
27 0.3507514 0.4470265 0.0265075 0.0152229
7 0.4182250 0.5057435 0.0265075 0.0152229
14 0.2832778 0.5644604 0.0265075 0.0152229
19 0.4856986 0.6818943 0.0265075 0.0152228
2 0.4856986 0.4470265 0.0265075 0.0152229
13 0.2832778 0.6818943 0.0265075 0.0152228
4 0.4856986 0.5057435 0.0265075 0.0152229
16 0.5531722 0.6231774 0.0265075 0.0152230
13 0.6206458 0.6231774 0.0265075 0.0152230
24 0.6206458 0.6818943 0.0265075 0.0152228
31 0.2158042 0.4470265 0.0265075 0.0152229
16 0.3507514 0.5644604 0.0265075 0.0152229
1 0.6206458 0.4470265 0.0265075 0.0152229
6 0.2158042 0.5644604 0.0265075 0.0152229
29 0.5531722 0.6818943 0.0265075 0.0152228
14 0.2158042 0.5057435 0.0265075 0.0152229
24 0.2832778 0.5057435 0.0265075 0.0152229
