16 0.6488943 0.2605066 0.0265439 0.0159918
19 0.5137618 0.3221894 0.0265439 0.0159918
32 0.6446713 0.3518886 0.4886486 0.4386333
13 0.5137618 0.1988238 0.0265439 0.0159919
16 0.5813280 0.1988238 0.0265439 0.0159919
27 0.7164605 0.1988238 0.0265439 0.0159919
30 0.5137618 0.2605066 0.0265439 0.0159918
2 0.5813280 0.2605066 0.0265439 0.0159918
17 0.7164605 0.2605066 0.0265439 0.0159918
6 0.8515930 0.2605066 0.0265438 0.0159918
9 0.4461955 0.3221894 0.0265439 0.0159918
15 0.7840267 0.3221894 0.0265439 0.0159918
18 0.8515930 0.3221894 0.0265438 0.0159918
12 0.5137618 0.3838722 0.0265439 0.0159918
31 0.5813280 0.3838722 0.0265439 0.0159918
11 0.4461955 0.4455550 0.0265439 0.0159918
26 0.6488943 0.4455550 0.0265439 0.0159918
5 0.7840267 0.4455550 0.0265439 0.0159918
29 0.8515930 0.4455550 0.0265438 0.0159918
33 0.4461955 0.5072378 0.0627401 0.0616828
3 0.4461955 0.5072379 0.0265439 0.0159918
25 0.7164605 0.5072379 0.0265439 0.0159918
7 0.7840267 0.2605066 0.0265439 0.0159918
14 0.4461955 0.3838722 0.0265439 0.0159918
25 0.7164605 0.3838722 0.0265439 0.0159918
9 0.6488943 0.5072379 0.0265439 0.0159918
11 0.5813280 0.4455550 0.0265439 0.0159918
30 0.4461955 0.2605066 0.0265439 0.0159918
13 0.8515930 0.5072379 0.0265438 0.0159918
10 0.7840267 0.3838722 0.0265439 0.0159918
4 0.5137618 0.4455550 0.0265439 0.0159918
10 0.8515930 0.3838722 0.0265438 0.0159918
5 0.7840267 0.5072379 0.0265439 0.0159918
24 0.5813280 0.5072379 0.0265439 0.0159918
18 0.7164605 0.4455550 0.0265439 0.0159918
22 0.4461955 0.1988238 0.0265439 0.0159919
29 0.6488943 0.3221894 0.0265439 0.0159918
27 0.6488943 0.3838722 0.0265439 0.0159918
16 0.5137618 0.5072379 0.0265439 0.0159918
7 0.6488943 0.1988238 0.0265439 0.0159919
16 0.7164605 0.3221894 0.0265439 0.0159918
8 0.5813280 0.3221894 0.0265439 0.0159918
27 0.8515930 0.1988238 0.0265438 0.0159919
17 0.7840267 0.1988238 0.0265439 0.0159919
