3 0.5248172 0.5724204 0.0266280 0.0159448
15 0.3214762 0.6339214 0.0266280 0.0159448
32 0.3850203 0.6020320 0.4901970 0.4373403
14 0.2536959 0.4494185 0.0266280 0.0159447
31 0.4570369 0.4494185 0.0266280 0.0159447
9 0.5248172 0.4494185 0.0266280 0.0159447
7 0.5925976 0.4494185 0.0266280 0.0159447
20 0.3214762 0.5109194 0.0266280 0.0159447
4 0.3892566 0.5109194 0.0266280 0.0159447
8 0.5925976 0.5109194 0.0266280 0.0159447
12 0.1859156 0.5724204 0.0266280 0.0159448
27 0.3214762 0.5724204 0.0266280 0.0159448
23 0.5925976 0.5724204 0.0266280 0.0159448
33 0.1859156 0.6954224 0.0629389 0.0615010
27 0.1859156 0.6954224 0.0266280 0.0159448
3 0.2536959 0.6954224 0.0266280 0.0159448
13 0.3214762 0.6954224 0.0266280 0.0159448
22 0.3892566 0.6954224 0.0266280 0.0159448
5 0.4570369 0.6954224 0.0266280 0.0159448
24 0.5248172 0.6954224 0.0266280 0.0159448
26 0.2536959 0.7569234 0.0266280 0.0159447
25 0.3214762 0.7569234 0.0266280 0.0159447
6 0.5925976 0.6339214 0.0266280 0.0159448
13 0.3892566 0.4494185 0.0266280 0.0159447
4 0.1859156 0.7569234 0.0266280 0.0159447
24 0.5248172 0.7569234 0.0266280 0.0159447
5 0.3892566 0.7569234 0.0266280 0.0159447
2 0.5248172 0.5109194 0.0266280 0.0159447
6 0.4570369 0.5724204 0.0266280 0.0159448
17 0.1859156 0.4494185 0.0266280 0.0159447
29 0.3892566 0.6339214 0.0266280 0.0159448
20 0.5925976 0.6954224 0.0266280 0.0159448
29 0.4570369 0.5109194 0.0266280 0.0159447
3 0.2536959 0.5724204 0.0266280 0.0159448
6 0.2536959 0.5109194 0.0266280 0.0159447
3 0.3892566 0.5724204 0.0266280 0.0159448
15 0.2536959 0.6339214 0.0266280 0.0159448
28 0.3214762 0.4494185 0.0266280 0.0159447
17 0.1859156 0.5109194 0.0266280 0.0159447
5 0.5248172 0.6339214 0.0266280 0.0159448
4 0.5925976 0.7569234 0.0266280 0.0159447
18 0.4570369 0.7569234 0.0266280 0.0159447
6 0.4570369 0.6339214 0.0266280 0.0159448
24 0.1859156 0.6339214 0.0266280 0.0159448
