7 0.1754664 0.4008230 0.0275512 0.0156475
15 0.3157269 0.5215326 0.0275512 0.0156476
32 0.3814741 0.3695279 0.5071922 0.4291894
26 0.3157269 0.2197587 0.0275512 0.0156475
12 0.3858572 0.2197587 0.0275512 0.0156475
8 0.4559875 0.2197587 0.0275512 0.0156475
33 0.5962481 0.2197587 0.0651210 0.0603548
24 0.5962481 0.2197587 0.0275512 0.0156475
25 0.1754664 0.2801135 0.0275512 0.0156475
23 0.1754664 0.3404683 0.0275512 0.0156475
1 0.2455967 0.3404683 0.0275512 0.0156475
4 0.3157269 0.3404683 0.0275512 0.0156475
5 0.5962481 0.3404683 0.0275512 0.0156475
10 0.2455967 0.4008230 0.0275512 0.0156475
28 0.3157269 0.4008230 0.0275512 0.0156475
16 0.4559875 0.4008230 0.0275512 0.0156475
24 0.5962481 0.4008230 0.0275512 0.0156475
15 0.2455967 0.4611778 0.0275512 0.0156475
17 0.3157269 0.4611778 0.0275512 0.0156475
6 0.4559875 0.4611778 0.0275512 0.0156475
11 0.2455967 0.5215326 0.0275512 0.0156476
30 0.5261178 0.5215326 0.0275512 0.0156476
27 0.4559875 0.5215326 0.0275512 0.0156476
19 0.5962481 0.2801135 0.0275512 0.0156475
20 0.5261178 0.4611778 0.0275512 0.0156475
5 0.5261178 0.2197587 0.0275512 0.0156475
2 0.3858572 0.4008230 0.0275512 0.0156475
2 0.5261178 0.2801135 0.0275512 0.0156475
23 0.5261178 0.3404683 0.0275512 0.0156475
31 0.1754664 0.5215326 0.0275512 0.0156476
4 0.4559875 0.3404683 0.0275512 0.0156475
14 0.3157269 0.2801135 0.0275512 0.0156475
19 0.4559875 0.2801135 0.0275512 0.0156475
4 0.2455967 0.2197587 0.0275512 0.0156475
25 0.3858572 0.2801135 0.0275512 0.0156475
16 0.3858572 0.5215326 0.0275512 0.0156476
7 0.5261178 0.4008230 0.0275512 0.0156475
29 0.5962481 0.5215326 0.0275512 0.0156476
29 0.1754664 0.4611778 0.0275512 0.0156475
29 0.5962481 0.4611778 0.0275512 0.0156475
3 0.2455967 0.2801135 0.0275512 0.0156475
2 0.3858572 0.3404683 0.0275512 0.0156475
4 0.3858572 0.4611778 0.0275512 0.0156475
28 0.1754664 0.2197587 0.0275512 0.0156475
