13 0.3978669 0.5231200 0.0274057 0.0173231
6 0.0490671 0.4601791 0.0274057 0.0161683
32 0.2589698 0.5479499 0.5045140 0.4434734
15 0.1885870 0.3983931 0.0274057 0.0173232
6 0.4676268 0.3983931 0.0274057 0.0173232
33 0.1188270 0.4601791 0.0647771 0.0623634
23 0.1188270 0.4601791 0.0274057 0.0161683
21 0.3281069 0.4601791 0.0274057 0.0161683
22 0.0490671 0.5231200 0.0274057 0.0173231
9 0.1188270 0.5231200 0.0274057 0.0173231
3 0.4676268 0.5231200 0.0274057 0.0173231
7 0.1188270 0.5854834 0.0274057 0.0173232
14 0.1885870 0.6478468 0.0274057 0.0173232
10 0.3978669 0.6478468 0.0274057 0.0173232
11 0.4676268 0.6478468 0.0274057 0.0173232
17 0.3281069 0.6478468 0.0274057 0.0173232
26 0.3281069 0.5231200 0.0274057 0.0173231
4 0.1885870 0.5231200 0.0274057 0.0173231
27 0.3978669 0.4601791 0.0274057 0.0161683
19 0.4676268 0.5854834 0.0274057 0.0173232
20 0.0490671 0.3983931 0.0274057 0.0173232
12 0.0490671 0.6478468 0.0274057 0.0173232
19 0.1188270 0.6478468 0.0274057 0.0173232
9 0.3281069 0.5854834 0.0274057 0.0173232
17 0.3978669 0.3983931 0.0274057 0.0173232
9 0.4676268 0.4601791 0.0274057 0.0161683
20 0.2583469 0.4601791 0.0274057 0.0161683
3 0.3281069 0.3983931 0.0274057 0.0173232
11 0.2583469 0.3983931 0.0274057 0.0173232
24 0.2583469 0.6478468 0.0274057 0.0173232
15 0.1885870 0.4601791 0.0274057 0.0161683
10 0.3978669 0.5854834 0.0274057 0.0173232
19 0.1885870 0.5854834 0.0274057 0.0173232
12 0.1188270 0.3983931 0.0274057 0.0173232
17 0.0490671 0.5854834 0.0274057 0.0173232
16 0.2583469 0.5854834 0.0274057 0.0173232
19 0.2583469 0.5231200 0.0274057 0.0173231
