27 0.1601203 0.4734968 0.0273811 0.0161034
25 0.5086064 0.4155244 0.0273811 0.0161034
32 0.3001371 0.3806337 0.5040603 0.4122479
33 0.2298175 0.2410706 0.0647188 0.0579724
2 0.2298175 0.2416073 0.0273810 0.0161034
12 0.1601203 0.2990429 0.0273811 0.0150299
22 0.2298175 0.2990429 0.0273810 0.0150299
13 0.2995148 0.2990429 0.0273811 0.0150299
21 0.3692120 0.2990429 0.0273810 0.0150299
26 0.2298175 0.3575520 0.0273810 0.0161034
5 0.1601203 0.4155244 0.0273811 0.0161034
9 0.0904231 0.4734968 0.0273811 0.0161034
28 0.3692120 0.4734968 0.0273810 0.0161034
15 0.4389092 0.4734968 0.0273811 0.0161034
20 0.5086064 0.4734968 0.0273811 0.0161034
25 0.2298175 0.4734968 0.0273810 0.0161034
6 0.0904231 0.3575520 0.0273811 0.0161034
18 0.2995148 0.4734968 0.0273811 0.0161034
7 0.4389092 0.4155244 0.0273811 0.0161034
9 0.0904231 0.2990429 0.0273811 0.0150299
31 0.2298175 0.4155244 0.0273810 0.0161034
25 0.5086064 0.3575520 0.0273811 0.0161034
16 0.5086064 0.2990429 0.0273811 0.0150299
26 0.2995148 0.2416073 0.0273811 0.0161034
17 0.4389092 0.3575520 0.0273811 0.0161034
18 0.2995148 0.4155244 0.0273811 0.0161034
13 0.3692120 0.4155244 0.0273810 0.0161034
10 0.2995148 0.3575520 0.0273811 0.0161034
3 0.1601203 0.2416073 0.0273811 0.0161034
8 0.0904231 0.2416073 0.0273811 0.0161034
13 0.3692120 0.2416073 0.0273810 0.0161034
18 0.5086064 0.2416073 0.0273811 0.0161034
8 0.3692120 0.3575520 0.0273810 0.0161034
20 0.4389092 0.2990429 0.0273811 0.0150299
12 0.1601203 0.3575520 0.0273811 0.0161034
15 0.4389092 0.2416073 0.0273811 0.0161034
9 0.0904231 0.4155244 0.0273811 0.0161034
