13 0.4337764 0.5551701 0.0282967 0.0152750
20 0.1456647 0.4373344 0.0282967 0.0152750
32 0.3572468 0.5835379 0.5209163 0.4189715
33 0.3617485 0.4373344 0.0668831 0.0589179
6 0.3617485 0.4373344 0.0282967 0.0152750
24 0.4337764 0.4373344 0.0282967 0.0152750
20 0.1456647 0.4962522 0.0282967 0.0152750
30 0.3617485 0.4962522 0.0282967 0.0152750
16 0.5058044 0.4962522 0.0282967 0.0152750
11 0.2176926 0.5551701 0.0282967 0.0152750
2 0.2897206 0.5551701 0.0282967 0.0152750
26 0.3617485 0.6140879 0.0282967 0.0152749
29 0.4337764 0.6140879 0.0282967 0.0152749
25 0.1456647 0.6730058 0.0282967 0.0152751
13 0.2176926 0.6730058 0.0282967 0.0152751
22 0.2897206 0.6730058 0.0282967 0.0152751
7 0.4337764 0.6730058 0.0282967 0.0152751
31 0.5058044 0.6730058 0.0282967 0.0152751
6 0.5778323 0.6730058 0.0282967 0.0152751
10 0.2897206 0.7319237 0.0282967 0.0152751
23 0.3617485 0.7319237 0.0282967 0.0152751
1 0.5778323 0.7319237 0.0282967 0.0152751
16 0.2176926 0.7319237 0.0282967 0.0152751
26 0.2897206 0.6140879 0.0282967 0.0152749
25 0.5778323 0.4962522 0.0282967 0.0152750
13 0.4337764 0.7319237 0.0282967 0.0152751
19 0.2176926 0.4962522 0.0282967 0.0152750
26 0.5778323 0.4373344 0.0282967 0.0152750
27 0.5778323 0.6140879 0.0282967 0.0152749
19 0.1456647 0.5551701 0.0282967 0.0152750
23 0.5058044 0.6140879 0.0282967 0.0152749
26 0.2897206 0.4962522 0.0282967 0.0152750
20 0.5058044 0.5551701 0.0282967 0.0152750
6 0.5058044 0.7319237 0.0282967 0.0152751
16 0.5778323 0.5551701 0.0282967 0.0152750
5 0.4337764 0.4962522 0.0282967 0.0152750
27 0.5058044 0.4373344 0.0282967 0.0152750
3 0.2176926 0.4373344 0.0282967 0.0152750
4 0.2176926 0.6140879 0.0282967 0.0152749
1 0.3617485 0.6730058 0.0282967 0.0152751
4 0.1456647 0.7319237 0.0282967 0.0152751
6 0.1456647 0.6140879 0.0282967 0.0152749
13 0.2897206 0.4373344 0.0282967 0.0152750
13 0.3617485 0.5551701 0.0282967 0.0152750
