15 0.3481526 0.6055154 0.0286396 0.0159262
12 0.3481526 0.6669449 0.0286396 0.0159262
32 0.3435963 0.6350926 0.5272282 0.4368320
2 0.1294505 0.4826564 0.0286396 0.0159261
16 0.4939540 0.4826564 0.0286395 0.0159261
12 0.1294505 0.5440859 0.0286396 0.0159262
14 0.3481526 0.5440859 0.0286396 0.0159262
33 0.4210533 0.5440859 0.0676935 0.0614295
28 0.4210533 0.5440859 0.0286396 0.0159262
26 0.4939540 0.5440859 0.0286395 0.0159262
10 0.5668547 0.5440859 0.0286395 0.0159262
6 0.4939540 0.6055154 0.0286395 0.0159262
24 0.5668547 0.6055154 0.0286395 0.0159262
9 0.2023512 0.6669449 0.0286396 0.0159262
13 0.3481526 0.7283744 0.0286396 0.0159262
15 0.5668547 0.7283744 0.0286395 0.0159262
17 0.1294505 0.7898039 0.0286396 0.0159262
29 0.2023512 0.7898039 0.0286396 0.0159262
8 0.2752519 0.7898039 0.0286395 0.0159262
23 0.3481526 0.7898039 0.0286396 0.0159262
18 0.4210533 0.7898039 0.0286396 0.0159262
21 0.4939540 0.7898039 0.0286395 0.0159262
8 0.2752519 0.6055154 0.0286395 0.0159262
4 0.4939540 0.7283744 0.0286395 0.0159262
22 0.5668547 0.7898039 0.0286395 0.0159262
17 0.5668547 0.6669449 0.0286395 0.0159262
13 0.5668547 0.4826564 0.0286395 0.0159261
19 0.1294505 0.6055154 0.0286396 0.0159262
30 0.4210533 0.4826564 0.0286396 0.0159261
26 0.2023512 0.4826564 0.0286396 0.0159261
30 0.1294505 0.6669449 0.0286396 0.0159262
28 0.2752519 0.6669449 0.0286395 0.0159262
8 0.2023512 0.6055154 0.0286396 0.0159262
26 0.2752519 0.7283744 0.0286395 0.0159262
18 0.4939540 0.6669449 0.0286395 0.0159262
15 0.2023512 0.5440859 0.0286396 0.0159262
9 0.4210533 0.6669449 0.0286396 0.0159262
9 0.4210533 0.6055154 0.0286396 0.0159262
26 0.2752519 0.5440859 0.0286395 0.0159262
15 0.4210533 0.7283744 0.0286396 0.0159262
4 0.3481526 0.4826564 0.0286396 0.0159261
12 0.2752519 0.4826564 0.0286395 0.0159261
2 0.1294505 0.7283744 0.0286396 0.0159262
25 0.2023512 0.7283744 0.0286396 0.0159262
