9 0.6569032 0.4577340 0.0277468 0.0160786
30 0.3037619 0.3336988 0.0277468 0.0160787
32 0.4406042 0.3635591 0.5107936 0.4410141
14 0.4450185 0.2096636 0.0277468 0.0160786
21 0.5862750 0.2096636 0.0277468 0.0160786
25 0.3037619 0.2716812 0.0277468 0.0160787
18 0.4450185 0.2716812 0.0277468 0.0160787
33 0.4450185 0.3336988 0.0655833 0.0620176
13 0.4450185 0.3336988 0.0277468 0.0160787
15 0.5862750 0.3336988 0.0277468 0.0160787
23 0.2331337 0.4577340 0.0277468 0.0160786
9 0.3037619 0.4577340 0.0277468 0.0160786
3 0.3743902 0.4577340 0.0277468 0.0160786
24 0.4450185 0.4577340 0.0277468 0.0160786
29 0.5156467 0.4577340 0.0277468 0.0160786
14 0.5156467 0.2716812 0.0277468 0.0160787
4 0.5862750 0.3957164 0.0277468 0.0160786
13 0.5156467 0.3957164 0.0277468 0.0160786
8 0.6569032 0.2096636 0.0277468 0.0160786
20 0.4450185 0.3957164 0.0277468 0.0160786
18 0.3743902 0.2716812 0.0277468 0.0160787
26 0.3743902 0.3336988 0.0277468 0.0160787
19 0.6569032 0.3336988 0.0277468 0.0160787
12 0.3743902 0.3957164 0.0277468 0.0160786
4 0.3037619 0.3957164 0.0277468 0.0160786
2 0.3037619 0.2096636 0.0277468 0.0160786
4 0.2331337 0.2096636 0.0277468 0.0160786
10 0.6569032 0.2716812 0.0277468 0.0160787
19 0.2331337 0.3336988 0.0277468 0.0160787
31 0.3743902 0.2096636 0.0277468 0.0160786
25 0.5862750 0.4577340 0.0277468 0.0160786
26 0.5862750 0.2716812 0.0277468 0.0160787
1 0.6569032 0.3957164 0.0277468 0.0160786
2 0.2331337 0.3957164 0.0277468 0.0160786
28 0.5156467 0.3336988 0.0277468 0.0160787
18 0.5156467 0.2096636 0.0277468 0.0160786
19 0.2331337 0.2716812 0.0277468 0.0160787
