21 0.5216679 0.3960165 0.0266688 0.0159055
17 0.7932050 0.3960165 0.0266689 0.0159055
32 0.6531937 0.4869051 0.4909489 0.4362654
17 0.5216679 0.3346667 0.0266688 0.0159055
14 0.5895522 0.3960165 0.0266688 0.0159055
28 0.8610893 0.3960165 0.0266688 0.0159055
12 0.4537836 0.4573663 0.0266689 0.0159055
20 0.5216679 0.4573663 0.0266688 0.0159055
23 0.5895522 0.4573663 0.0266688 0.0159055
13 0.6574364 0.4573663 0.0266689 0.0159055
21 0.7932050 0.4573663 0.0266689 0.0159055
25 0.8610893 0.4573663 0.0266688 0.0159055
5 0.5216679 0.5187162 0.0266688 0.0159055
33 0.5895522 0.5187162 0.0630354 0.0613498
30 0.5895522 0.5187162 0.0266688 0.0159055
10 0.6574364 0.5187162 0.0266689 0.0159055
19 0.7932050 0.5187162 0.0266689 0.0159055
9 0.8610893 0.5187162 0.0266688 0.0159055
22 0.6574364 0.5800660 0.0266689 0.0159055
18 0.5895522 0.6414157 0.0266688 0.0159056
26 0.6574364 0.6414157 0.0266689 0.0159056
31 0.7932050 0.6414157 0.0266689 0.0159056
23 0.4537836 0.3346667 0.0266689 0.0159055
7 0.7253207 0.5800660 0.0266688 0.0159055
1 0.5216679 0.6414157 0.0266688 0.0159056
21 0.7253207 0.3346667 0.0266688 0.0159055
4 0.7253207 0.4573663 0.0266688 0.0159055
2 0.7932050 0.5800660 0.0266689 0.0159055
19 0.6574364 0.3960165 0.0266689 0.0159055
14 0.8610893 0.3346667 0.0266688 0.0159055
5 0.8610893 0.5800660 0.0266688 0.0159055
26 0.4537836 0.3960165 0.0266689 0.0159055
3 0.7932050 0.3346667 0.0266689 0.0159055
1 0.7253207 0.5187162 0.0266688 0.0159055
21 0.4537836 0.6414157 0.0266689 0.0159056
21 0.5216679 0.5800660 0.0266688 0.0159055
28 0.4537836 0.5187162 0.0266689 0.0159055
18 0.5895522 0.3346667 0.0266688 0.0159055
19 0.4537836 0.5800660 0.0266689 0.0159055
13 0.5895522 0.5800660 0.0266688 0.0159055
3 0.6574364 0.3346667 0.0266689 0.0159055
1 0.7253207 0.3960165 0.0266688 0.0159055
19 0.7253207 0.6414157 0.0266688 0.0159056
16 0.8610893 0.6414157 0.0266688 0.0159056
