4 0.4337074 0.3931603 0.0286175 0.0163485
14 0.4337074 0.5697247 0.0286175 0.0163485
32 0.4343578 0.5343028 0.5268216 0.4185229
13 0.2880185 0.3931603 0.0286175 0.0163485
31 0.2880185 0.4514702 0.0286175 0.0152587
33 0.5065519 0.4514702 0.0676413 0.0588548
10 0.5065519 0.4514702 0.0286175 0.0152587
8 0.5793964 0.4514702 0.0286175 0.0152587
7 0.2151740 0.5108699 0.0286175 0.0163485
19 0.3608630 0.5108699 0.0286175 0.0163485
29 0.5065519 0.5108699 0.0286175 0.0163485
5 0.2151740 0.5697247 0.0286175 0.0163485
24 0.2151740 0.6285795 0.0286175 0.0163485
14 0.3608630 0.6285795 0.0286175 0.0163485
18 0.5065519 0.6285795 0.0286175 0.0163485
17 0.5065519 0.5697247 0.0286175 0.0163485
3 0.5793964 0.5697247 0.0286175 0.0163485
24 0.6522408 0.3931603 0.0286174 0.0163485
25 0.2880185 0.5108699 0.0286175 0.0163485
15 0.5793964 0.6285795 0.0286175 0.0163485
25 0.4337074 0.5108699 0.0286175 0.0163485
31 0.2880185 0.5697247 0.0286175 0.0163485
23 0.2151740 0.4514702 0.0286175 0.0152587
7 0.3608630 0.3931603 0.0286175 0.0163485
18 0.5793964 0.3931603 0.0286175 0.0163485
11 0.2151740 0.3931603 0.0286175 0.0163485
6 0.4337074 0.4514702 0.0286175 0.0152587
25 0.5793964 0.5108699 0.0286175 0.0163485
16 0.6522408 0.5108699 0.0286174 0.0163485
16 0.3608630 0.5697247 0.0286175 0.0163485
11 0.4337074 0.6285795 0.0286175 0.0163485
26 0.6522408 0.5697247 0.0286174 0.0163485
22 0.3608630 0.4514702 0.0286175 0.0152587
11 0.2880185 0.6285795 0.0286175 0.0163485
21 0.6522408 0.4514702 0.0286174 0.0152587
11 0.5065519 0.3931603 0.0286175 0.0163485
8 0.6522408 0.6285795 0.0286174 0.0163485
