26 0.6891451 0.6092065 0.0270438 0.0152394
9 0.2761116 0.6679865 0.0270439 0.0152393
32 0.4783259 0.5787279 0.4978528 0.4179918
27 0.3449505 0.4328662 0.0270439 0.0152393
25 0.5514672 0.4328662 0.0270439 0.0152393
2 0.5514672 0.4916463 0.0270439 0.0152393
31 0.6203061 0.4916463 0.0270439 0.0152393
26 0.2761116 0.5504264 0.0270439 0.0152393
22 0.4137894 0.6092065 0.0270439 0.0152394
8 0.4826283 0.6092065 0.0270438 0.0152394
23 0.5514672 0.6092065 0.0270439 0.0152394
33 0.3449505 0.6679865 0.0639218 0.0587801
3 0.3449505 0.6679865 0.0270439 0.0152393
20 0.4826283 0.6679865 0.0270438 0.0152393
4 0.5514672 0.6679865 0.0270439 0.0152393
28 0.6203061 0.6679865 0.0270439 0.0152393
6 0.2761116 0.4328662 0.0270439 0.0152393
24 0.4137894 0.4328662 0.0270439 0.0152393
1 0.2761116 0.6092065 0.0270439 0.0152394
19 0.6891451 0.5504264 0.0270438 0.0152393
8 0.4137894 0.4916463 0.0270439 0.0152393
13 0.3449505 0.5504264 0.0270439 0.0152393
31 0.4826283 0.4916463 0.0270438 0.0152393
13 0.3449505 0.6092065 0.0270439 0.0152394
13 0.6891451 0.4916463 0.0270438 0.0152393
6 0.6203061 0.6092065 0.0270439 0.0152394
2 0.4137894 0.6679865 0.0270439 0.0152393
16 0.2761116 0.4916463 0.0270439 0.0152393
15 0.4137894 0.5504264 0.0270439 0.0152393
25 0.4826283 0.4328662 0.0270438 0.0152393
5 0.6203061 0.4328662 0.0270439 0.0152393
16 0.6891451 0.6679865 0.0270438 0.0152393
4 0.5514672 0.5504264 0.0270439 0.0152393
1 0.3449505 0.4916463 0.0270439 0.0152393
7 0.6203061 0.5504264 0.0270439 0.0152393
18 0.6891451 0.4328662 0.0270438 0.0152393
26 0.4826283 0.5504264 0.0270438 0.0152393
