2 0.5928153 0.3500486 0.0276052 0.0162508
23 0.6630831 0.5380933 0.0276053 0.0162508
32 0.4478878 0.5055917 0.5081872 0.4457354
2 0.6630831 0.3500486 0.0276053 0.0162508
4 0.2414760 0.4127302 0.0276052 0.0162508
18 0.3117439 0.4127302 0.0276052 0.0162508
12 0.5928153 0.4127302 0.0276052 0.0162508
14 0.2414760 0.4754117 0.0276052 0.0162508
9 0.4522795 0.4754117 0.0276052 0.0162508
33 0.6630831 0.4754117 0.0652487 0.0626815
4 0.6630831 0.4754117 0.0276053 0.0162508
7 0.2414760 0.5380933 0.0276052 0.0162508
13 0.3820117 0.5380933 0.0276052 0.0162508
25 0.4522795 0.5380933 0.0276052 0.0162508
10 0.5928153 0.5380933 0.0276052 0.0162508
4 0.5225474 0.6007748 0.0276052 0.0162508
26 0.3117439 0.6007748 0.0276052 0.0162508
29 0.5928153 0.6007748 0.0276052 0.0162508
25 0.3820117 0.4127302 0.0276052 0.0162508
14 0.3820117 0.3500486 0.0276052 0.0162508
1 0.3820117 0.4754117 0.0276052 0.0162508
31 0.3117439 0.3500486 0.0276052 0.0162508
7 0.2414760 0.6007748 0.0276052 0.0162508
30 0.6630831 0.4127302 0.0276053 0.0162508
29 0.4522795 0.3500486 0.0276052 0.0162508
31 0.3117439 0.4754117 0.0276052 0.0162508
30 0.5928153 0.4754117 0.0276052 0.0162508
27 0.4522795 0.6007748 0.0276052 0.0162508
29 0.3117439 0.5380933 0.0276052 0.0162508
23 0.5225474 0.3500486 0.0276052 0.0162508
29 0.5225474 0.4754117 0.0276052 0.0162508
19 0.3820117 0.6007748 0.0276052 0.0162508
2 0.4522795 0.4127302 0.0276052 0.0162508
14 0.6630831 0.6007748 0.0276053 0.0162508
20 0.5225474 0.5380933 0.0276052 0.0162508
24 0.5225474 0.4127302 0.0276052 0.0162508
2 0.2414760 0.3500486 0.0276052 0.0162508
