10 0.1862554 0.4799382 0.0285630 0.0154547
27 0.1862554 0.5991606 0.0285630 0.0154548
32 0.2592883 0.5682511 0.5160765 0.4239019
25 0.0408438 0.4203270 0.0285630 0.0154547
12 0.1135496 0.4203270 0.0285630 0.0154547
11 0.1862554 0.4203270 0.0285630 0.0154547
7 0.2589612 0.4203270 0.0285630 0.0154547
29 0.4770787 0.4203270 0.0285630 0.0154547
31 0.2589612 0.4799382 0.0285630 0.0154547
22 0.3316671 0.4799382 0.0285630 0.0154547
15 0.3316671 0.5395494 0.0285630 0.0154548
26 0.4043729 0.5395494 0.0285630 0.0154548
27 0.4770787 0.5395494 0.0285630 0.0154548
23 0.0408438 0.5991606 0.0285630 0.0154548
33 0.1135496 0.5991606 0.0675126 0.0596112
5 0.1135496 0.5991606 0.0285630 0.0154548
17 0.4043729 0.5991606 0.0285630 0.0154548
14 0.4770787 0.5991606 0.0285630 0.0154548
5 0.1862554 0.6587718 0.0285630 0.0154548
9 0.2589612 0.6587718 0.0285630 0.0154548
19 0.0408438 0.7183830 0.0285630 0.0154548
21 0.4770787 0.7183830 0.0285630 0.0154548
7 0.0408438 0.5395494 0.0285630 0.0154548
1 0.2589612 0.7183830 0.0285630 0.0154548
28 0.1135496 0.5395494 0.0285630 0.0154548
1 0.4770787 0.6587718 0.0285630 0.0154548
24 0.3316671 0.4203270 0.0285630 0.0154547
7 0.3316671 0.7183830 0.0285630 0.0154548
14 0.1135496 0.6587718 0.0285630 0.0154548
12 0.1862554 0.5395494 0.0285630 0.0154548
20 0.4770787 0.4799382 0.0285630 0.0154547
11 0.4043729 0.6587718 0.0285630 0.0154548
6 0.4043729 0.7183830 0.0285630 0.0154548
19 0.3316671 0.6587718 0.0285630 0.0154548
20 0.0408438 0.4799382 0.0285630 0.0154547
8 0.2589612 0.5991606 0.0285630 0.0154548
19 0.4043729 0.4203270 0.0285630 0.0154547
7 0.3316671 0.5991606 0.0285630 0.0154548
5 0.1135496 0.4799382 0.0285630 0.0154547
10 0.1135496 0.7183830 0.0285630 0.0154548
5 0.2589612 0.5395494 0.0285630 0.0154548
31 0.4043729 0.4799382 0.0285630 0.0154547
21 0.1862554 0.7183830 0.0285630 0.0154548
11 0.0408438 0.6587718 0.0285630 0.0154548
