31 0.6816805 0.7037815 0.0287209 0.0149666
1 0.3161406 0.7037815 0.0287210 0.0149666
32 0.5308953 0.6161197 0.5287272 0.4105140
17 0.3161406 0.4728674 0.0287210 0.0149666
29 0.3892486 0.4728674 0.0287210 0.0149666
6 0.4623566 0.5305959 0.0287210 0.0149667
16 0.6816805 0.5305959 0.0287209 0.0149667
1 0.7547884 0.5305959 0.0287210 0.0149667
31 0.3161406 0.5883244 0.0287210 0.0149667
4 0.7547884 0.5883244 0.0287210 0.0149667
18 0.3161406 0.6460529 0.0287210 0.0149667
15 0.3892486 0.6460529 0.0287210 0.0149667
33 0.5354645 0.6460529 0.0678860 0.0577285
25 0.5354645 0.6460529 0.0287210 0.0149667
9 0.3892486 0.7037815 0.0287210 0.0149666
15 0.6816805 0.4728674 0.0287209 0.0149666
28 0.3161406 0.5305959 0.0287210 0.0149667
2 0.5354645 0.7037815 0.0287210 0.0149666
11 0.3892486 0.5883244 0.0287210 0.0149667
1 0.5354645 0.5883244 0.0287210 0.0149667
11 0.3892486 0.5305959 0.0287210 0.0149667
24 0.6816805 0.6460529 0.0287209 0.0149667
30 0.7547884 0.7037815 0.0287210 0.0149666
7 0.7547884 0.4728674 0.0287210 0.0149666
31 0.4623566 0.4728674 0.0287210 0.0149666
27 0.6085725 0.5883244 0.0287210 0.0149667
31 0.6085725 0.5305959 0.0287210 0.0149667
27 0.6085725 0.4728674 0.0287210 0.0149666
14 0.4623566 0.5883244 0.0287210 0.0149667
19 0.7547884 0.6460529 0.0287210 0.0149667
20 0.4623566 0.6460529 0.0287210 0.0149667
7 0.6085725 0.7037815 0.0287210 0.0149666
31 0.5354645 0.4728674 0.0287210 0.0149666
9 0.6085725 0.6460529 0.0287210 0.0149667
24 0.4623566 0.7037815 0.0287210 0.0149666
9 0.5354645 0.5305959 0.0287210 0.0149667
30 0.6816805 0.5883244 0.0287209 0.0149667
