30 0.3119905 0.4679320 0.0272002 0.0162620
5 0.2427537 0.2797571 0.0272002 0.0162620
32 0.3769000 0.4354079 0.5007305 0.4460442
16 0.1735168 0.3424820 0.0272002 0.0162620
33 0.2427537 0.3424820 0.0642913 0.0627250
4 0.2427537 0.3424820 0.0272002 0.0162620
13 0.3812273 0.3424820 0.0272002 0.0162620
27 0.5197009 0.3424820 0.0272002 0.0162620
26 0.5889377 0.3424820 0.0272002 0.0162620
25 0.1735168 0.4052070 0.0272002 0.0162620
12 0.5197009 0.4052070 0.0272002 0.0162620
24 0.5889377 0.4052070 0.0272002 0.0162620
23 0.1735168 0.4679320 0.0272002 0.0162620
31 0.2427537 0.4679320 0.0272002 0.0162620
14 0.5197009 0.4679320 0.0272002 0.0162620
7 0.5889377 0.4679320 0.0272002 0.0162620
5 0.2427537 0.5306569 0.0272002 0.0162621
8 0.3119905 0.5306569 0.0272002 0.0162621
17 0.5197009 0.5306569 0.0272002 0.0162621
9 0.5889377 0.5306569 0.0272002 0.0162621
2 0.2427537 0.5933819 0.0272002 0.0162620
22 0.3812273 0.5933819 0.0272002 0.0162620
16 0.1735168 0.2797571 0.0272002 0.0162620
29 0.4504641 0.3424820 0.0272002 0.0162620
30 0.4504641 0.5933819 0.0272002 0.0162620
21 0.3812273 0.5306569 0.0272002 0.0162621
3 0.3119905 0.4052070 0.0272002 0.0162620
19 0.1735168 0.5933819 0.0272002 0.0162620
25 0.5197009 0.5933819 0.0272002 0.0162620
31 0.3812273 0.4052070 0.0272002 0.0162620
16 0.3119905 0.5933819 0.0272002 0.0162620
26 0.4504641 0.4679320 0.0272002 0.0162620
7 0.3119905 0.3424820 0.0272002 0.0162620
17 0.3812273 0.2797571 0.0272002 0.0162620
18 0.3119905 0.2797571 0.0272002 0.0162620
7 0.1735168 0.5306569 0.0272002 0.0162621
24 0.4504641 0.4052070 0.0272002 0.0162620
4 0.5197009 0.2797571 0.0272002 0.0162620
29 0.5889377 0.2797571 0.0272002 0.0162620
26 0.4504641 0.5306569 0.0272002 0.0162621
19 0.4504641 0.2797571 0.0272002 0.0162620
5 0.5889377 0.5933819 0.0272002 0.0162620
4 0.3812273 0.4679320 0.0272002 0.0162620
15 0.2427537 0.4052070 0.0272002 0.0162620
