31 0.3935125 0.3014444 0.0285831 0.0148938
1 0.3935125 0.4163397 0.0285831 0.0148938
32 0.3162082 0.3865520 0.5261888 0.4085164
25 0.3207555 0.2439968 0.0285831 0.0148938
31 0.3935125 0.2439968 0.0285831 0.0148938
33 0.1024847 0.3014444 0.0675600 0.0574476
28 0.1024847 0.3014444 0.0285831 0.0148938
12 0.1752416 0.3014444 0.0285831 0.0148938
18 0.2479986 0.3014444 0.0285831 0.0148938
8 0.3207555 0.3014444 0.0285831 0.0148938
17 0.5390264 0.3014444 0.0285831 0.0148938
9 0.1024847 0.3588920 0.0285831 0.0148939
15 0.1752416 0.3588920 0.0285831 0.0148939
29 0.2479986 0.3588920 0.0285831 0.0148939
7 0.1752416 0.4163397 0.0285831 0.0148938
2 0.4662695 0.4163397 0.0285831 0.0148938
16 0.1752416 0.4737873 0.0285831 0.0148939
10 0.2479986 0.4737873 0.0285831 0.0148939
26 0.3935125 0.4737873 0.0285831 0.0148939
28 0.1024847 0.5312349 0.0285831 0.0148938
22 0.2479986 0.5312349 0.0285831 0.0148938
20 0.3207555 0.5312349 0.0285831 0.0148938
27 0.4662695 0.4737873 0.0285831 0.0148939
3 0.4662695 0.3588920 0.0285831 0.0148939
26 0.5390264 0.3588920 0.0285831 0.0148939
21 0.1752416 0.5312349 0.0285831 0.0148938
3 0.5390264 0.2439968 0.0285831 0.0148938
16 0.4662695 0.3014444 0.0285831 0.0148938
1 0.5390264 0.5312349 0.0285831 0.0148938
17 0.1024847 0.2439968 0.0285831 0.0148938
2 0.3207555 0.4737873 0.0285831 0.0148939
7 0.1752416 0.2439968 0.0285831 0.0148938
28 0.4662695 0.2439968 0.0285831 0.0148938
7 0.2479986 0.2439968 0.0285831 0.0148938
30 0.1024847 0.4737873 0.0285831 0.0148939
23 0.3935125 0.5312349 0.0285831 0.0148938
16 0.3207555 0.3588920 0.0285831 0.0148939
30 0.3207555 0.4163397 0.0285831 0.0148938
28 0.4662695 0.5312349 0.0285831 0.0148938
25 0.3935125 0.3588920 0.0285831 0.0148939
1 0.2479986 0.4163397 0.0285831 0.0148938
17 0.5390264 0.4737873 0.0285831 0.0148939
29 0.5390264 0.4163397 0.0285831 0.0148938
4 0.1024847 0.4163397 0.0285831 0.0148938
