4 0.7939189 0.4553785 0.0271809 0.0154919
28 0.6555437 0.5151329 0.0271809 0.0154919
32 0.5820318 0.5439035 0.5003748 0.4249202
27 0.3787931 0.3956241 0.0271809 0.0154919
33 0.5171684 0.3956241 0.0642457 0.0597544
22 0.5171684 0.3956241 0.0271809 0.0154919
8 0.7247313 0.3956241 0.0271809 0.0154919
20 0.4479808 0.4553785 0.0271809 0.0154919
15 0.6555437 0.4553785 0.0271809 0.0154919
14 0.7247313 0.4553785 0.0271809 0.0154919
30 0.7939189 0.5151329 0.0271809 0.0154919
23 0.3787931 0.6346418 0.0271809 0.0154919
13 0.5863560 0.6346418 0.0271809 0.0154919
4 0.6555437 0.6346418 0.0271809 0.0154919
1 0.7939189 0.6346418 0.0271809 0.0154919
31 0.4479808 0.3956241 0.0271809 0.0154919
24 0.7939189 0.5748873 0.0271809 0.0154919
31 0.5863560 0.5748873 0.0271809 0.0154919
17 0.4479808 0.5748873 0.0271809 0.0154919
14 0.5863560 0.3956241 0.0271809 0.0154919
1 0.6555437 0.3956241 0.0271809 0.0154919
18 0.4479808 0.6346418 0.0271809 0.0154919
8 0.5171684 0.5151329 0.0271809 0.0154919
29 0.7939189 0.3956241 0.0271809 0.0154919
28 0.5863560 0.5151329 0.0271809 0.0154919
28 0.3787931 0.5151329 0.0271809 0.0154919
24 0.5171684 0.5748873 0.0271809 0.0154919
1 0.7247313 0.5748873 0.0271809 0.0154919
10 0.4479808 0.5151329 0.0271809 0.0154919
10 0.5171684 0.4553785 0.0271809 0.0154919
24 0.7247313 0.6346418 0.0271809 0.0154919
13 0.3787931 0.5748873 0.0271809 0.0154919
9 0.5863560 0.4553785 0.0271809 0.0154919
28 0.7247313 0.5151329 0.0271809 0.0154919
7 0.5171684 0.6346418 0.0271809 0.0154919
2 0.6555437 0.5748873 0.0271809 0.0154919
18 0.3787931 0.4553785 0.0271809 0.0154919
