5 0.2492328 0.7073052 0.0265270 0.0156757
2 0.4518029 0.7073052 0.0265271 0.0156757
32 0.3125360 0.6154902 0.4883385 0.4299630
2 0.1817095 0.4654510 0.0265270 0.0156757
10 0.4518029 0.4654510 0.0265271 0.0156757
1 0.2492328 0.5863782 0.0265270 0.0156757
18 0.4518029 0.5863782 0.0265271 0.0156757
17 0.1817095 0.6468417 0.0265270 0.0156757
3 0.3167562 0.6468417 0.0265270 0.0156757
19 0.5193262 0.6468417 0.0265270 0.0156757
6 0.1141861 0.7073052 0.0265270 0.0156757
16 0.1817095 0.7073052 0.0265270 0.0156757
23 0.3167562 0.7073052 0.0265270 0.0156757
33 0.3842795 0.7073052 0.0627003 0.0604635
21 0.3842795 0.7073052 0.0265270 0.0156757
19 0.1817095 0.5259146 0.0265270 0.0156757
30 0.1141861 0.5259146 0.0265270 0.0156757
25 0.1817095 0.5863782 0.0265270 0.0156757
26 0.1141861 0.5863782 0.0265270 0.0156757
30 0.2492328 0.4654510 0.0265270 0.0156757
16 0.3167562 0.5259146 0.0265270 0.0156757
26 0.3167562 0.4654510 0.0265270 0.0156757
29 0.2492328 0.6468417 0.0265270 0.0156757
21 0.3167562 0.5863782 0.0265270 0.0156757
19 0.1141861 0.4654510 0.0265270 0.0156757
19 0.3842795 0.4654510 0.0265270 0.0156757
4 0.2492328 0.5259146 0.0265270 0.0156757
13 0.5193262 0.7073052 0.0265270 0.0156757
6 0.5193262 0.4654510 0.0265270 0.0156757
7 0.3842795 0.6468417 0.0265270 0.0156757
28 0.5193262 0.5259146 0.0265270 0.0156757
28 0.1141861 0.6468417 0.0265270 0.0156757
24 0.4518029 0.5259146 0.0265271 0.0156757
21 0.5193262 0.5863782 0.0265270 0.0156757
26 0.3842795 0.5259146 0.0265270 0.0156757
6 0.4518029 0.6468417 0.0265271 0.0156757
1 0.3842795 0.5863782 0.0265270 0.0156757
