20 0.2521590 0.5776543 0.0268964 0.0161919
18 0.1152317 0.5776543 0.0268964 0.0161919
32 0.3212339 0.4157346 0.4951389 0.4441226
3 0.1836953 0.2659588 0.0268964 0.0173486
24 0.2521590 0.2659588 0.0268964 0.0173486
31 0.3206227 0.2659588 0.0268965 0.0173486
26 0.3890863 0.2659588 0.0268964 0.0173486
18 0.1152317 0.3278353 0.0268964 0.0161919
19 0.2521590 0.3278353 0.0268964 0.0161919
33 0.3206227 0.3278353 0.0635734 0.0624547
28 0.3206227 0.3278353 0.0268965 0.0161919
30 0.5260136 0.3908683 0.0268964 0.0173485
9 0.2521590 0.4533231 0.0268964 0.0173486
17 0.3206227 0.4533231 0.0268965 0.0173486
20 0.3890863 0.4533231 0.0268964 0.0173486
5 0.5260136 0.4533231 0.0268964 0.0173486
16 0.1152317 0.5157778 0.0268964 0.0173486
2 0.1836953 0.5157778 0.0268964 0.0173486
13 0.3206227 0.5157778 0.0268965 0.0173486
27 0.4575500 0.5157778 0.0268964 0.0173486
14 0.5260136 0.5157778 0.0268964 0.0173486
7 0.5260136 0.5776543 0.0268964 0.0161919
17 0.4575500 0.4533231 0.0268964 0.0173486
7 0.3890863 0.5157778 0.0268964 0.0173486
6 0.3890863 0.3278353 0.0268964 0.0161919
19 0.3206227 0.5776543 0.0268965 0.0161919
14 0.3206227 0.3908683 0.0268965 0.0173485
16 0.1152317 0.3908683 0.0268964 0.0173485
6 0.1836953 0.5776543 0.0268964 0.0161919
29 0.2521590 0.3908683 0.0268964 0.0173485
24 0.1836953 0.3278353 0.0268964 0.0161919
30 0.4575500 0.2659588 0.0268964 0.0173486
28 0.5260136 0.2659588 0.0268964 0.0173486
30 0.4575500 0.5776543 0.0268964 0.0161919
31 0.2521590 0.5157778 0.0268964 0.0173486
26 0.1152317 0.2659588 0.0268964 0.0173486
21 0.1152317 0.4533231 0.0268964 0.0173486
20 0.3890863 0.5776543 0.0268964 0.0161919
21 0.1836953 0.3908683 0.0268964 0.0173485
9 0.5260136 0.3278353 0.0268964 0.0161919
14 0.1836953 0.4533231 0.0268964 0.0173486
5 0.4575500 0.3278353 0.0268964 0.0161919
25 0.4575500 0.3908683 0.0268964 0.0173485
17 0.3890863 0.3908683 0.0268964 0.0173485
