20 0.5496457 0.4546187 0.0272124 0.0153427
5 0.4111096 0.5137976 0.0272124 0.0153427
32 0.5453164 0.4239332 0.5009563 0.4208284
17 0.4111096 0.2770817 0.0272124 0.0153427
5 0.6189137 0.2770817 0.0272124 0.0153427
27 0.6189137 0.3362606 0.0272124 0.0153427
9 0.6881816 0.3362606 0.0272124 0.0153427
19 0.7574496 0.3362606 0.0272124 0.0153427
30 0.3418416 0.3954397 0.0272124 0.0153427
2 0.4111096 0.3954397 0.0272124 0.0153427
13 0.6189137 0.3954397 0.0272124 0.0153427
24 0.7574496 0.3954397 0.0272124 0.0153427
33 0.3418416 0.4546187 0.0643203 0.0591790
28 0.3418416 0.4546187 0.0272124 0.0153427
25 0.4111096 0.4546187 0.0272124 0.0153427
29 0.6189137 0.4546187 0.0272124 0.0153427
12 0.7574496 0.4546187 0.0272124 0.0153427
6 0.4803776 0.5137976 0.0272124 0.0153427
10 0.6189137 0.5137976 0.0272124 0.0153427
23 0.6189137 0.5729766 0.0272124 0.0153427
7 0.6881816 0.5729766 0.0272124 0.0153427
3 0.7574496 0.5729766 0.0272124 0.0153427
10 0.4111096 0.5729766 0.0272124 0.0153427
15 0.7574496 0.2770817 0.0272124 0.0153427
16 0.5496457 0.3362606 0.0272124 0.0153427
3 0.5496457 0.3954397 0.0272124 0.0153427
17 0.4803776 0.4546187 0.0272124 0.0153427
8 0.3418416 0.2770817 0.0272124 0.0153427
30 0.4803776 0.5729766 0.0272124 0.0153427
29 0.6881816 0.4546187 0.0272124 0.0153427
2 0.3418416 0.3362606 0.0272124 0.0153427
19 0.4803776 0.2770817 0.0272124 0.0153427
1 0.6881816 0.5137976 0.0272124 0.0153427
28 0.5496457 0.5729766 0.0272124 0.0153427
4 0.4803776 0.3362606 0.0272124 0.0153427
3 0.4111096 0.3362606 0.0272124 0.0153427
6 0.3418416 0.5137976 0.0272124 0.0153427
4 0.7574496 0.5137976 0.0272124 0.0153427
14 0.5496457 0.5137976 0.0272124 0.0153427
7 0.6881816 0.2770817 0.0272124 0.0153427
27 0.4803776 0.3954397 0.0272124 0.0153427
29 0.5496457 0.2770817 0.0272124 0.0153427
8 0.6881816 0.3954397 0.0272124 0.0153427
13 0.3418416 0.5729766 0.0272124 0.0153427
