31 0.3626572 0.5256763 0.0266972 0.0160581
21 0.7024402 0.5256763 0.0266972 0.0160581
32 0.5622797 0.4935603 0.4914719 0.4404486
6 0.5665270 0.3398621 0.0266972 0.0160580
10 0.7703968 0.3398621 0.0266972 0.0160580
20 0.3626572 0.4018002 0.0266972 0.0160580
1 0.4306138 0.4018002 0.0266972 0.0160580
23 0.6344836 0.4018002 0.0266973 0.0160580
21 0.4306138 0.4637382 0.0266972 0.0160580
27 0.5665270 0.4637382 0.0266972 0.0160580
31 0.7024402 0.4637382 0.0266972 0.0160580
5 0.7703968 0.4637382 0.0266972 0.0160580
33 0.4985704 0.5256763 0.0631026 0.0619381
26 0.4985704 0.5256763 0.0266972 0.0160581
12 0.5665270 0.5256763 0.0266972 0.0160581
30 0.4306138 0.5876145 0.0266972 0.0160580
4 0.5665270 0.5876145 0.0266972 0.0160580
14 0.6344836 0.5876145 0.0266973 0.0160580
9 0.7024402 0.5876145 0.0266972 0.0160580
11 0.3626572 0.6495525 0.0266972 0.0160580
13 0.6344836 0.6495525 0.0266973 0.0160580
16 0.7703968 0.6495525 0.0266972 0.0160580
11 0.4985704 0.4637382 0.0266972 0.0160580
22 0.4985704 0.6495525 0.0266972 0.0160580
5 0.4306138 0.3398621 0.0266972 0.0160580
17 0.4306138 0.5256763 0.0266972 0.0160581
17 0.6344836 0.5256763 0.0266973 0.0160581
30 0.5665270 0.4018002 0.0266972 0.0160580
20 0.3626572 0.5876145 0.0266972 0.0160580
14 0.4985704 0.5876145 0.0266972 0.0160580
21 0.7024402 0.3398621 0.0266972 0.0160580
11 0.3626572 0.3398621 0.0266972 0.0160580
19 0.7024402 0.4018002 0.0266972 0.0160580
10 0.6344836 0.4637382 0.0266973 0.0160580
19 0.7703968 0.5876145 0.0266972 0.0160580
15 0.4985704 0.4018002 0.0266972 0.0160580
1 0.7024402 0.6495525 0.0266972 0.0160580
27 0.7703968 0.5256763 0.0266972 0.0160581
25 0.6344836 0.3398621 0.0266973 0.0160580
10 0.4985704 0.3398621 0.0266972 0.0160580
15 0.3626572 0.4637382 0.0266972 0.0160580
3 0.5665270 0.6495525 0.0266972 0.0160580
25 0.7703968 0.4018002 0.0266972 0.0160580
28 0.4306138 0.6495525 0.0266972 0.0160580
