29 0.5299731 0.7250049 0.0286207 0.0155235
27 0.3842678 0.7250049 0.0286207 0.0155235
32 0.4525671 0.6340816 0.5268808 0.4257870
21 0.3114151 0.4854997 0.0286207 0.0155235
3 0.3842678 0.4854997 0.0286207 0.0155235
4 0.5299731 0.4854997 0.0286207 0.0155235
26 0.6756784 0.4854997 0.0286207 0.0155235
23 0.3842678 0.5453760 0.0286207 0.0155235
27 0.6028257 0.5453760 0.0286207 0.0155235
2 0.6756784 0.5453760 0.0286207 0.0155235
24 0.3114151 0.6052523 0.0286207 0.0155235
22 0.3842678 0.6052523 0.0286207 0.0155235
19 0.6756784 0.6052523 0.0286207 0.0155235
17 0.5299731 0.6651286 0.0286207 0.0155235
7 0.6028257 0.6651286 0.0286207 0.0155235
33 0.2385625 0.7250049 0.0676489 0.0598763
26 0.2385625 0.7250049 0.0286207 0.0155235
25 0.6028257 0.7250049 0.0286207 0.0155235
18 0.6756784 0.7250049 0.0286207 0.0155235
31 0.4571204 0.7848812 0.0286207 0.0155235
8 0.6028257 0.7848812 0.0286207 0.0155235
16 0.6756784 0.7848812 0.0286207 0.0155235
27 0.2385625 0.6052523 0.0286207 0.0155235
16 0.5299731 0.6052523 0.0286207 0.0155235
13 0.6028257 0.6052523 0.0286207 0.0155235
15 0.3114151 0.6651286 0.0286207 0.0155235
1 0.3842678 0.7848812 0.0286207 0.0155235
27 0.2385625 0.7848812 0.0286207 0.0155235
16 0.3114151 0.7848812 0.0286207 0.0155235
3 0.4571204 0.6052523 0.0286207 0.0155235
8 0.3114151 0.7250049 0.0286207 0.0155235
11 0.5299731 0.5453760 0.0286207 0.0155235
3 0.4571204 0.6651286 0.0286207 0.0155235
17 0.2385625 0.5453760 0.0286207 0.0155235
2 0.4571204 0.5453760 0.0286207 0.0155235
7 0.6756784 0.6651286 0.0286207 0.0155235
10 0.3114151 0.5453760 0.0286207 0.0155235
30 0.4571204 0.4854997 0.0286207 0.0155235
13 0.2385625 0.4854997 0.0286207 0.0155235
31 0.2385625 0.6651286 0.0286207 0.0155235
1 0.5299731 0.7848812 0.0286207 0.0155235
22 0.4571204 0.7250049 0.0286207 0.0155235
12 0.6028257 0.4854997 0.0286207 0.0155235
3 0.3842678 0.6651286 0.0286207 0.0155235
