18 0.5126956 0.6191352 0.0281425 0.0160841
30 0.5126956 0.5570963 0.0281425 0.0160842
32 0.5082184 0.4628891 0.5180791 0.4411655
22 0.5843312 0.3089407 0.0281425 0.0160842
17 0.2977887 0.3709796 0.0281426 0.0160842
29 0.3694244 0.3709796 0.0281425 0.0160842
21 0.4410600 0.3709796 0.0281426 0.0160842
16 0.6559668 0.3709796 0.0281426 0.0160842
15 0.7276025 0.3709796 0.0281425 0.0160842
27 0.3694244 0.4330185 0.0281425 0.0160842
2 0.6559668 0.4330185 0.0281426 0.0160842
33 0.2977887 0.4950574 0.0665188 0.0620389
1 0.2977887 0.4950574 0.0281426 0.0160842
11 0.3694244 0.4950574 0.0281425 0.0160842
23 0.4410600 0.4950574 0.0281426 0.0160842
5 0.5126956 0.4950574 0.0281425 0.0160842
4 0.7276025 0.4950574 0.0281425 0.0160842
19 0.2977887 0.5570963 0.0281426 0.0160842
3 0.3694244 0.5570963 0.0281425 0.0160842
6 0.2977887 0.6191352 0.0281426 0.0160841
24 0.3694244 0.6191352 0.0281425 0.0160841
14 0.7276025 0.6191352 0.0281425 0.0160841
21 0.4410600 0.3089407 0.0281426 0.0160842
31 0.5126956 0.4330185 0.0281425 0.0160842
25 0.5843312 0.4950574 0.0281425 0.0160842
30 0.5843312 0.5570963 0.0281425 0.0160842
23 0.6559668 0.6191352 0.0281426 0.0160841
15 0.5843312 0.4330185 0.0281425 0.0160842
24 0.3694244 0.3089407 0.0281425 0.0160842
21 0.7276025 0.4330185 0.0281425 0.0160842
2 0.5843312 0.6191352 0.0281425 0.0160841
6 0.5126956 0.3089407 0.0281425 0.0160842
1 0.6559668 0.5570963 0.0281426 0.0160842
24 0.4410600 0.5570963 0.0281426 0.0160842
15 0.5126956 0.3709796 0.0281425 0.0160842
31 0.7276025 0.3089407 0.0281425 0.0160842
4 0.4410600 0.6191352 0.0281426 0.0160841
27 0.4410600 0.4330185 0.0281426 0.0160842
26 0.6559668 0.4950574 0.0281426 0.0160842
1 0.6559668 0.3089407 0.0281426 0.0160842
1 0.2977887 0.4330185 0.0281426 0.0160842
14 0.5843312 0.3709796 0.0281425 0.0160842
14 0.2977887 0.3089407 0.0281426 0.0160842
21 0.7276025 0.5570963 0.0281425 0.0160842
