15 0.5141438 0.6785655 0.0286075 0.0149292
7 0.3685056 0.6785655 0.0286075 0.0149292
32 0.3639544 0.5335390 0.5266381 0.4094865
33 0.2228674 0.3906453 0.0676177 0.0575841
17 0.2228674 0.3906453 0.0286075 0.0149292
29 0.3685056 0.3906453 0.0286075 0.0149292
27 0.4413247 0.3906453 0.0286075 0.0149292
5 0.5141438 0.3906453 0.0286075 0.0149292
30 0.1500483 0.4482293 0.0286075 0.0149292
31 0.4413247 0.4482293 0.0286075 0.0149292
10 0.5141438 0.4482293 0.0286075 0.0149292
23 0.1500483 0.5058134 0.0286075 0.0149292
12 0.2956865 0.5058134 0.0286075 0.0149292
25 0.4413247 0.5058134 0.0286075 0.0149292
16 0.5141438 0.5058134 0.0286075 0.0149292
18 0.2228674 0.5633974 0.0286075 0.0149292
2 0.2228674 0.6209814 0.0286075 0.0149292
21 0.2956865 0.6209814 0.0286075 0.0149292
1 0.5141438 0.6209814 0.0286075 0.0149292
24 0.1500483 0.6785655 0.0286075 0.0149292
6 0.2228674 0.6785655 0.0286075 0.0149292
26 0.5869629 0.6785655 0.0286075 0.0149292
10 0.5869629 0.5058134 0.0286075 0.0149292
18 0.2956865 0.4482293 0.0286075 0.0149292
22 0.4413247 0.6785655 0.0286075 0.0149292
12 0.1500483 0.3906453 0.0286075 0.0149292
31 0.2956865 0.3906453 0.0286075 0.0149292
7 0.4413247 0.5633974 0.0286075 0.0149292
3 0.1500483 0.6209814 0.0286075 0.0149292
10 0.2956865 0.5633974 0.0286075 0.0149292
28 0.3685056 0.4482293 0.0286075 0.0149292
13 0.2228674 0.5058134 0.0286075 0.0149292
14 0.5141438 0.5633974 0.0286075 0.0149292
27 0.3685056 0.5058134 0.0286075 0.0149292
17 0.5869629 0.4482293 0.0286075 0.0149292
4 0.3685056 0.5633974 0.0286075 0.0149292
16 0.3685056 0.6209814 0.0286075 0.0149292
7 0.1500483 0.5633974 0.0286075 0.0149292
17 0.5869629 0.5633974 0.0286075 0.0149292
4 0.2228674 0.4482293 0.0286075 0.0149292
9 0.5869629 0.6209814 0.0286075 0.0149292
24 0.5869629 0.3906453 0.0286075 0.0149292
29 0.2956865 0.6785655 0.0286075 0.0149292
26 0.4413247 0.6209814 0.0286075 0.0149292
