5 0.4973903 0.2936906 0.0274524 0.0148576
19 0.4973903 0.2363827 0.0274524 0.0148576
32 0.5629017 0.3785912 0.5053735 0.4075229
31 0.6371480 0.2363827 0.0274524 0.0148576
16 0.7769055 0.2363827 0.0274524 0.0148576
12 0.4275115 0.2936906 0.0274524 0.0148576
33 0.6371479 0.2936906 0.0648875 0.0573079
20 0.6371480 0.2936906 0.0274524 0.0148576
26 0.7070267 0.2936906 0.0274524 0.0148576
30 0.5672691 0.3509985 0.0274524 0.0148576
5 0.7769055 0.3509985 0.0274524 0.0148576
8 0.4973903 0.4083064 0.0274524 0.0148576
22 0.5672691 0.4083064 0.0274524 0.0148576
21 0.7070267 0.4083064 0.0274524 0.0148576
13 0.7070267 0.4656143 0.0274524 0.0148576
18 0.6371480 0.3509985 0.0274524 0.0148576
30 0.7769055 0.4083064 0.0274524 0.0148576
21 0.3576327 0.2363827 0.0274524 0.0148576
29 0.7070267 0.3509985 0.0274524 0.0148576
20 0.3576327 0.4083064 0.0274524 0.0148576
15 0.4973903 0.4656143 0.0274524 0.0148576
13 0.4275115 0.2363827 0.0274524 0.0148576
25 0.7070267 0.2363827 0.0274524 0.0148576
17 0.3576327 0.2936906 0.0274524 0.0148576
7 0.7769055 0.4656143 0.0274524 0.0148576
20 0.4275115 0.4083064 0.0274524 0.0148576
20 0.4973903 0.3509985 0.0274524 0.0148576
18 0.4275115 0.4656143 0.0274524 0.0148576
26 0.7769055 0.2936906 0.0274524 0.0148576
3 0.6371480 0.4656143 0.0274524 0.0148576
27 0.4275115 0.3509985 0.0274524 0.0148576
6 0.6371480 0.4083064 0.0274524 0.0148576
6 0.5672691 0.2936906 0.0274524 0.0148576
26 0.5672691 0.4656143 0.0274524 0.0148576
18 0.5672691 0.2363827 0.0274524 0.0148576
23 0.3576327 0.4656143 0.0274524 0.0148576
3 0.3576327 0.3509985 0.0274524 0.0148576
