16 0.4883640 0.1885856 0.0267836 0.0161072
4 0.6247168 0.3749695 0.0267836 0.0161072
32 0.4159265 0.3427550 0.4930617 0.4417988
24 0.2156583 0.1885856 0.0267836 0.0161072
16 0.4201875 0.1885856 0.0267836 0.0161072
33 0.5565404 0.1885856 0.0633067 0.0621280
5 0.5565404 0.1885856 0.0267836 0.0161072
8 0.6247168 0.1885856 0.0267836 0.0161072
26 0.2156583 0.2507136 0.0267836 0.0161072
31 0.4883640 0.2507136 0.0267836 0.0161072
27 0.2838347 0.3128416 0.0267836 0.0161072
5 0.3520111 0.3128416 0.0267836 0.0161072
18 0.2156583 0.3749695 0.0267836 0.0161072
29 0.3520111 0.3749695 0.0267836 0.0161072
6 0.4201875 0.3749695 0.0267836 0.0161072
10 0.4883640 0.3749695 0.0267836 0.0161072
11 0.5565404 0.3749695 0.0267836 0.0161072
17 0.2838347 0.4370975 0.0267836 0.0161072
13 0.3520111 0.4370975 0.0267836 0.0161072
2 0.2156583 0.4992254 0.0267836 0.0161072
9 0.4201875 0.4992254 0.0267836 0.0161072
25 0.5565404 0.4992254 0.0267836 0.0161072
13 0.6247168 0.4992254 0.0267836 0.0161072
3 0.5565404 0.3128416 0.0267836 0.0161072
7 0.2838347 0.3749695 0.0267836 0.0161072
1 0.4201875 0.4370975 0.0267836 0.0161072
15 0.5565404 0.2507136 0.0267836 0.0161072
16 0.5565404 0.4370975 0.0267836 0.0161072
23 0.2838347 0.4992254 0.0267836 0.0161072
2 0.4883640 0.4370975 0.0267836 0.0161072
29 0.2838347 0.1885856 0.0267836 0.0161072
14 0.4201875 0.3128416 0.0267836 0.0161072
13 0.6247168 0.2507136 0.0267836 0.0161072
29 0.6247168 0.4370975 0.0267836 0.0161072
1 0.2156583 0.3128416 0.0267836 0.0161072
16 0.4201875 0.2507136 0.0267836 0.0161072
14 0.6247168 0.3128416 0.0267836 0.0161072
24 0.3520111 0.2507136 0.0267836 0.0161072
28 0.3520111 0.1885856 0.0267836 0.0161072
30 0.3520111 0.4992254 0.0267836 0.0161072
16 0.2838347 0.2507136 0.0267836 0.0161072
20 0.4883640 0.3128416 0.0267836 0.0161072
21 0.4883640 0.4992254 0.0267836 0.0161072
30 0.2156583 0.4370975 0.0267836 0.0161072
