10 0.2576726 0.5812486 0.0275360 0.0159373
18 0.3978559 0.5203453 0.0275360 0.0170757
32 0.3283900 0.4218754 0.5069128 0.4371380
4 0.1875809 0.2744552 0.0275360 0.0170757
15 0.2576726 0.2744552 0.0275360 0.0170757
2 0.4679475 0.2744552 0.0275360 0.0170757
16 0.4679475 0.3353585 0.0275360 0.0159373
26 0.5380392 0.3353585 0.0275360 0.0159373
31 0.1174893 0.3974002 0.0275360 0.0170757
27 0.1875809 0.3974002 0.0275360 0.0170757
29 0.2576726 0.3974002 0.0275360 0.0170757
11 0.3277642 0.3974002 0.0275360 0.0170757
28 0.4679475 0.3974002 0.0275360 0.0170757
3 0.5380392 0.3974002 0.0275360 0.0170757
25 0.1875809 0.4588727 0.0275360 0.0170757
18 0.3277642 0.4588727 0.0275360 0.0170757
21 0.4679475 0.4588727 0.0275360 0.0170757
22 0.1174893 0.5203453 0.0275360 0.0170757
33 0.4679475 0.5197761 0.0650851 0.0614725
4 0.4679475 0.5203453 0.0275360 0.0170757
1 0.1875809 0.5812486 0.0275360 0.0159373
5 0.3978559 0.5812486 0.0275360 0.0159373
19 0.3978559 0.3974002 0.0275360 0.0170757
17 0.3277642 0.5812486 0.0275360 0.0159373
7 0.1174893 0.5812486 0.0275360 0.0159373
1 0.5380392 0.4588727 0.0275360 0.0170757
27 0.2576726 0.4588727 0.0275360 0.0170757
31 0.3978559 0.4588727 0.0275360 0.0170757
1 0.3978559 0.2744552 0.0275360 0.0170757
16 0.3978559 0.3353585 0.0275360 0.0159373
25 0.4679475 0.5812486 0.0275360 0.0159373
20 0.5380392 0.2744552 0.0275360 0.0170757
24 0.1875809 0.3353585 0.0275360 0.0159373
14 0.3277642 0.2744552 0.0275360 0.0170757
5 0.2576726 0.3353585 0.0275360 0.0159373
9 0.3277642 0.3353585 0.0275360 0.0159373
21 0.1875809 0.5203453 0.0275360 0.0170757
30 0.5380392 0.5812486 0.0275360 0.0159373
27 0.3277642 0.5203453 0.0275360 0.0170757
24 0.5380392 0.5203453 0.0275360 0.0170757
19 0.1174893 0.4588727 0.0275360 0.0170757
31 0.1174893 0.3353585 0.0275360 0.0159373
21 0.2576726 0.5203453 0.0275360 0.0170757
26 0.1174893 0.2744552 0.0275360 0.0170757
