12 0.3159377 0.6561753 0.0286578 0.0160414
4 0.3888848 0.7133898 0.0286578 0.0149719
32 0.5354304 0.5636696 0.5275640 0.4106613
2 0.3159377 0.4251784 0.0286578 0.0160414
19 0.3888848 0.4251784 0.0286578 0.0160414
9 0.5347791 0.4251784 0.0286578 0.0160414
25 0.6806734 0.4251784 0.0286578 0.0160414
33 0.7536205 0.4246436 0.0677366 0.0577492
16 0.7536205 0.4251784 0.0286578 0.0160414
4 0.3159377 0.4823928 0.0286578 0.0149720
7 0.3888848 0.4823928 0.0286578 0.0149720
24 0.6077262 0.4823928 0.0286578 0.0149720
31 0.6806734 0.4823928 0.0286578 0.0149720
6 0.6077262 0.5406768 0.0286578 0.0160415
14 0.7536205 0.5406768 0.0286578 0.0160415
1 0.3159377 0.5984260 0.0286578 0.0160415
18 0.3888848 0.5984260 0.0286578 0.0160415
22 0.4618319 0.5984260 0.0286578 0.0160415
29 0.6806734 0.5984260 0.0286578 0.0160415
15 0.4618319 0.6561753 0.0286578 0.0160414
5 0.5347791 0.6561753 0.0286578 0.0160414
12 0.6077262 0.6561753 0.0286578 0.0160414
24 0.4618319 0.5406768 0.0286578 0.0160415
25 0.7536205 0.6561753 0.0286578 0.0160414
16 0.3888848 0.6561753 0.0286578 0.0160414
11 0.4618319 0.4251784 0.0286578 0.0160414
5 0.6806734 0.5406768 0.0286578 0.0160415
22 0.5347791 0.5984260 0.0286578 0.0160415
28 0.6806734 0.6561753 0.0286578 0.0160414
11 0.7536205 0.7133898 0.0286578 0.0149719
17 0.6077262 0.7133898 0.0286578 0.0149719
30 0.6077262 0.5984260 0.0286578 0.0160415
25 0.7536205 0.5984260 0.0286578 0.0160415
12 0.4618319 0.4823928 0.0286578 0.0149720
30 0.5347791 0.5406768 0.0286578 0.0160415
18 0.7536205 0.4823928 0.0286578 0.0149720
19 0.5347791 0.7133898 0.0286578 0.0149719
25 0.5347791 0.4823928 0.0286578 0.0149720
6 0.3159377 0.7133898 0.0286578 0.0149719
8 0.6077262 0.4251784 0.0286578 0.0160414
29 0.3888848 0.5406768 0.0286578 0.0160415
6 0.6806734 0.7133898 0.0286578 0.0149719
1 0.3159377 0.5406768 0.0286578 0.0160415
17 0.4618319 0.7133898 0.0286578 0.0149719
