1 0.6315549 0.5542970 0.0268233 0.0148176
14 0.5632774 0.3256822 0.0268233 0.0148176
32 0.4224551 0.4675081 0.4937925 0.4064262
8 0.2218900 0.3256822 0.0268233 0.0148176
19 0.2901675 0.3256822 0.0268233 0.0148176
15 0.3584450 0.3256822 0.0268233 0.0148176
2 0.4949999 0.3256822 0.0268233 0.0148176
22 0.2218900 0.3828360 0.0268233 0.0148176
13 0.3584450 0.3828360 0.0268233 0.0148176
14 0.4949999 0.3828360 0.0268233 0.0148176
18 0.2901675 0.4399896 0.0268233 0.0148176
3 0.4267225 0.4399896 0.0268233 0.0148176
33 0.4950000 0.4399896 0.0634005 0.0571537
1 0.4949999 0.4399896 0.0268233 0.0148176
27 0.3584450 0.4971433 0.0268233 0.0148176
29 0.6315549 0.4971433 0.0268233 0.0148176
30 0.2218900 0.5542970 0.0268233 0.0148176
1 0.2901675 0.5542970 0.0268233 0.0148176
12 0.3584450 0.5542970 0.0268233 0.0148176
31 0.4267225 0.5542970 0.0268233 0.0148176
10 0.2218900 0.6114507 0.0268233 0.0148176
7 0.4949999 0.6114507 0.0268233 0.0148176
13 0.2901675 0.4971433 0.0268233 0.0148176
16 0.2218900 0.4399896 0.0268233 0.0148176
19 0.4267225 0.3828360 0.0268233 0.0148176
22 0.6315549 0.3828360 0.0268233 0.0148176
27 0.4267225 0.4971433 0.0268233 0.0148176
10 0.3584450 0.6114507 0.0268233 0.0148176
10 0.4949999 0.5542970 0.0268233 0.0148176
5 0.5632774 0.4399896 0.0268233 0.0148176
22 0.5632774 0.3828360 0.0268233 0.0148176
27 0.5632774 0.5542970 0.0268233 0.0148176
27 0.3584450 0.4399896 0.0268233 0.0148176
28 0.6315549 0.3256822 0.0268233 0.0148176
4 0.4267225 0.3256822 0.0268233 0.0148176
3 0.2218900 0.4971433 0.0268233 0.0148176
17 0.5632774 0.6114507 0.0268233 0.0148176
5 0.5632774 0.4971433 0.0268233 0.0148176
8 0.4267225 0.6114507 0.0268233 0.0148176
9 0.6315549 0.6114507 0.0268233 0.0148176
15 0.2901675 0.6114507 0.0268233 0.0148176
7 0.2901675 0.3828360 0.0268233 0.0148176
2 0.4949999 0.4971433 0.0268233 0.0148176
20 0.6315549 0.4399896 0.0268233 0.0148176
