26 0.1249105 0.5619037 0.0271876 0.0151006
22 0.0557056 0.3871693 0.0271876 0.0151005
32 0.2589950 0.5317027 0.5004998 0.4141853
29 0.1249105 0.3871693 0.0271876 0.0151005
3 0.3325253 0.3871693 0.0271876 0.0151005
4 0.4017302 0.3871693 0.0271877 0.0151005
9 0.0557056 0.4454141 0.0271876 0.0151005
27 0.2633204 0.4454141 0.0271877 0.0151005
1 0.3325253 0.4454141 0.0271876 0.0151005
13 0.0557056 0.5036589 0.0271876 0.0151005
33 0.2633204 0.5036589 0.0642617 0.0582448
1 0.2633204 0.5036589 0.0271877 0.0151005
22 0.4709351 0.5036589 0.0271877 0.0151005
23 0.0557056 0.5619037 0.0271876 0.0151006
19 0.2633204 0.6201485 0.0271877 0.0151005
6 0.1941154 0.6201485 0.0271877 0.0151005
15 0.1941154 0.3871693 0.0271877 0.0151005
18 0.2633204 0.3871693 0.0271877 0.0151005
11 0.1941154 0.4454141 0.0271877 0.0151005
6 0.3325253 0.5036589 0.0271876 0.0151005
8 0.1249105 0.5036589 0.0271876 0.0151005
11 0.4017302 0.5036589 0.0271877 0.0151005
10 0.0557056 0.6201485 0.0271876 0.0151005
2 0.4017302 0.6201485 0.0271877 0.0151005
25 0.3325253 0.6201485 0.0271876 0.0151005
15 0.2633204 0.5619037 0.0271877 0.0151006
25 0.4709351 0.3871693 0.0271877 0.0151005
13 0.4017302 0.4454141 0.0271877 0.0151005
24 0.1941154 0.5036589 0.0271877 0.0151005
20 0.4709351 0.5619037 0.0271877 0.0151006
20 0.1941154 0.5619037 0.0271877 0.0151006
17 0.3325253 0.5619037 0.0271876 0.0151006
8 0.4017302 0.5619037 0.0271877 0.0151006
30 0.4709351 0.4454141 0.0271877 0.0151005
15 0.1249105 0.4454141 0.0271876 0.0151005
9 0.1249105 0.6201485 0.0271876 0.0151005
26 0.4709351 0.6201485 0.0271877 0.0151005
