27 0.3904010 0.5710592 0.0277400 0.0158792
17 0.6728442 0.5098107 0.0277399 0.0158792
32 0.5272094 0.6005491 0.5106675 0.4355442
33 0.3197902 0.4485624 0.0655672 0.0612484
15 0.3197902 0.4485623 0.0277400 0.0158792
4 0.5316226 0.4485623 0.0277400 0.0158792
10 0.6022335 0.4485623 0.0277399 0.0158792
5 0.3904010 0.5098107 0.0277400 0.0158792
31 0.6022335 0.5098107 0.0277399 0.0158792
18 0.3197902 0.6323075 0.0277400 0.0158792
28 0.3904010 0.6323075 0.0277400 0.0158792
8 0.4610118 0.6323075 0.0277400 0.0158792
27 0.5316226 0.6323075 0.0277400 0.0158792
12 0.6022335 0.6323075 0.0277399 0.0158792
14 0.3904010 0.6935559 0.0277400 0.0158792
3 0.7434550 0.6323075 0.0277399 0.0158792
6 0.7434550 0.5710592 0.0277399 0.0158792
24 0.4610118 0.6935559 0.0277400 0.0158792
27 0.7434550 0.5098107 0.0277399 0.0158792
5 0.3197902 0.5098107 0.0277400 0.0158792
30 0.6728442 0.5710592 0.0277399 0.0158792
30 0.6728442 0.6935559 0.0277399 0.0158792
27 0.6022335 0.6935559 0.0277399 0.0158792
7 0.6728442 0.4485623 0.0277399 0.0158792
21 0.7434550 0.4485623 0.0277399 0.0158792
6 0.6022335 0.5710592 0.0277399 0.0158792
2 0.3904010 0.4485623 0.0277400 0.0158792
16 0.4610118 0.4485623 0.0277400 0.0158792
17 0.4610118 0.5710592 0.0277400 0.0158792
6 0.5316226 0.6935559 0.0277400 0.0158792
17 0.3197902 0.6935559 0.0277400 0.0158792
2 0.7434550 0.6935559 0.0277399 0.0158792
2 0.4610118 0.5098107 0.0277400 0.0158792
24 0.5316226 0.5710592 0.0277400 0.0158792
5 0.5316226 0.5098107 0.0277400 0.0158792
15 0.3197902 0.5710592 0.0277400 0.0158792
27 0.6728442 0.6323075 0.0277399 0.0158792
