22 0.0894675 0.5957359 0.0282045 0.0162351
11 0.2330542 0.4704936 0.0282045 0.0162351
32 0.3003604 0.5632657 0.5192196 0.4453063
29 0.0894675 0.4078724 0.0282045 0.0162351
26 0.1612608 0.4078724 0.0282045 0.0162351
12 0.5202274 0.4078724 0.0282045 0.0162351
31 0.0894675 0.4704936 0.0282045 0.0162351
17 0.1612608 0.4704936 0.0282045 0.0162351
33 0.3048475 0.4704935 0.0666652 0.0626212
31 0.3048475 0.4704936 0.0282045 0.0162351
2 0.3766408 0.5331148 0.0282045 0.0162351
15 0.3766408 0.5957359 0.0282045 0.0162351
24 0.5202274 0.5957359 0.0282045 0.0162351
6 0.3766408 0.6583571 0.0282045 0.0162351
20 0.5202274 0.6583571 0.0282045 0.0162351
30 0.3766408 0.4704936 0.0282045 0.0162351
16 0.0894675 0.6583571 0.0282045 0.0162351
6 0.4484341 0.4078724 0.0282045 0.0162351
8 0.1612608 0.5331148 0.0282045 0.0162351
8 0.4484341 0.6583571 0.0282045 0.0162351
8 0.4484341 0.5331148 0.0282045 0.0162351
15 0.2330542 0.5331148 0.0282045 0.0162351
15 0.4484341 0.4704936 0.0282045 0.0162351
1 0.2330542 0.5957359 0.0282045 0.0162351
7 0.4484341 0.5957359 0.0282045 0.0162351
3 0.3048475 0.5331148 0.0282045 0.0162351
3 0.3048475 0.5957359 0.0282045 0.0162351
17 0.5202274 0.4704936 0.0282045 0.0162351
22 0.2330542 0.4078724 0.0282045 0.0162351
29 0.1612608 0.5957359 0.0282045 0.0162351
20 0.2330542 0.6583571 0.0282045 0.0162351
10 0.3766408 0.4078724 0.0282045 0.0162351
25 0.3048475 0.6583571 0.0282045 0.0162351
22 0.3048475 0.4078724 0.0282045 0.0162351
6 0.0894675 0.5331148 0.0282045 0.0162351
31 0.1612608 0.6583571 0.0282045 0.0162351
5 0.5202274 0.5331148 0.0282045 0.0162351
