12 0.1049594 0.2804412 0.0284071 0.0151993
6 0.4665042 0.5149450 0.0284071 0.0151993
32 0.2538912 0.4259203 0.5052824 0.4168956
8 0.1772683 0.2804412 0.0284071 0.0151993
1 0.3218863 0.2804412 0.0284071 0.0151993
7 0.1772683 0.3390671 0.0284071 0.0151993
27 0.1772683 0.3976930 0.0284071 0.0151993
22 0.0326504 0.4563190 0.0284071 0.0151993
15 0.2495773 0.4563190 0.0284071 0.0151993
18 0.3218863 0.4563190 0.0284071 0.0151993
11 0.4665042 0.4563190 0.0284071 0.0151993
33 0.2495773 0.5149450 0.0671441 0.0586260
10 0.2495773 0.5149450 0.0284071 0.0151993
23 0.3218863 0.5149450 0.0284071 0.0151993
26 0.3941953 0.5149450 0.0284071 0.0151993
21 0.2495773 0.2804412 0.0284071 0.0151993
25 0.1772683 0.4563190 0.0284071 0.0151993
24 0.4665042 0.3390671 0.0284071 0.0151993
12 0.0326504 0.2804412 0.0284071 0.0151993
15 0.0326504 0.3976930 0.0284071 0.0151993
3 0.3941953 0.3976930 0.0284071 0.0151993
12 0.3941953 0.2804412 0.0284071 0.0151993
16 0.4665042 0.2804412 0.0284071 0.0151993
10 0.1049594 0.5149450 0.0284071 0.0151993
15 0.3941953 0.3390671 0.0284071 0.0151993
1 0.0326504 0.3390671 0.0284071 0.0151993
19 0.1049594 0.4563190 0.0284071 0.0151993
18 0.1772683 0.5149450 0.0284071 0.0151993
17 0.0326504 0.5149450 0.0284071 0.0151993
1 0.2495773 0.3976930 0.0284071 0.0151993
17 0.3218863 0.3390671 0.0284071 0.0151993
30 0.1049594 0.3390671 0.0284071 0.0151993
14 0.1049594 0.3976930 0.0284071 0.0151993
6 0.3941953 0.4563190 0.0284071 0.0151993
12 0.3218863 0.3976930 0.0284071 0.0151993
15 0.2495773 0.3390671 0.0284071 0.0151993
25 0.4665042 0.3976930 0.0284071 0.0151993
