13 0.6852306 0.1992693 0.0280516 0.0162294
3 0.5424222 0.1992693 0.0280517 0.0162294
32 0.6093636 0.3546079 0.5164054 0.4451492
12 0.3996138 0.1992693 0.0280516 0.0162294
10 0.7566348 0.1992693 0.0280517 0.0162294
30 0.5424222 0.2618685 0.0280517 0.0162294
16 0.6138264 0.2618685 0.0280517 0.0162294
5 0.4710180 0.3244676 0.0280516 0.0162294
27 0.5424222 0.3244676 0.0280517 0.0162294
8 0.4710180 0.3870667 0.0280516 0.0162294
2 0.8280391 0.3870667 0.0280517 0.0162294
15 0.3996138 0.4496658 0.0280516 0.0162294
20 0.5424222 0.4496658 0.0280517 0.0162294
33 0.8280391 0.4496658 0.0663039 0.0625991
12 0.8280391 0.4496658 0.0280517 0.0162294
26 0.6852306 0.3870667 0.0280516 0.0162294
29 0.7566348 0.4496658 0.0280517 0.0162294
24 0.4710180 0.1992693 0.0280516 0.0162294
2 0.8280391 0.1992693 0.0280517 0.0162294
24 0.3996138 0.3244676 0.0280516 0.0162294
28 0.6852306 0.2618685 0.0280516 0.0162294
26 0.6852306 0.3244676 0.0280516 0.0162294
2 0.7566348 0.2618685 0.0280517 0.0162294
7 0.6138264 0.3244676 0.0280517 0.0162294
23 0.7566348 0.3244676 0.0280517 0.0162294
19 0.3996138 0.3870667 0.0280516 0.0162294
13 0.6852306 0.4496658 0.0280516 0.0162294
27 0.6138264 0.4496658 0.0280517 0.0162294
29 0.4710180 0.4496658 0.0280516 0.0162294
20 0.3996138 0.2618685 0.0280516 0.0162294
19 0.8280391 0.2618685 0.0280517 0.0162294
25 0.8280391 0.3244676 0.0280517 0.0162294
4 0.6138264 0.3870667 0.0280517 0.0162294
2 0.5424222 0.3870667 0.0280517 0.0162294
16 0.7566348 0.3870667 0.0280517 0.0162294
29 0.4710180 0.2618685 0.0280516 0.0162294
23 0.6138264 0.1992693 0.0280517 0.0162294
