19 0.5377113 0.5567594 0.0274297 0.0151122
14 0.1886057 0.2653091 0.0274297 0.0151122
32 0.3937053 0.4099548 0.5049564 0.4145072
10 0.3282479 0.2653091 0.0274298 0.0151122
7 0.4678902 0.2653091 0.0274297 0.0151122
19 0.6075325 0.2653091 0.0274297 0.0151122
18 0.3980690 0.3235991 0.0274297 0.0151122
1 0.4678902 0.3235991 0.0274297 0.0151122
15 0.6075325 0.3235991 0.0274297 0.0151122
21 0.2584268 0.3818892 0.0274297 0.0151122
24 0.1886057 0.4401793 0.0274297 0.0151122
11 0.2584268 0.4401793 0.0274297 0.0151122
33 0.3282479 0.4401793 0.0648339 0.0582901
23 0.3282479 0.4401793 0.0274298 0.0151122
9 0.4678902 0.4401793 0.0274297 0.0151122
13 0.6075325 0.4401793 0.0274297 0.0151122
17 0.3282479 0.4984693 0.0274298 0.0151122
26 0.4678902 0.4984693 0.0274297 0.0151122
6 0.5377113 0.4984693 0.0274297 0.0151122
3 0.1886057 0.5567594 0.0274297 0.0151122
30 0.3282479 0.5567594 0.0274298 0.0151122
2 0.6075325 0.5567594 0.0274297 0.0151122
31 0.1886057 0.4984693 0.0274297 0.0151122
28 0.3282479 0.3818892 0.0274298 0.0151122
11 0.6075325 0.3818892 0.0274297 0.0151122
11 0.2584268 0.4984693 0.0274297 0.0151122
14 0.3980690 0.3818892 0.0274297 0.0151122
18 0.3980690 0.4401793 0.0274297 0.0151122
21 0.5377113 0.2653091 0.0274297 0.0151122
29 0.3980690 0.4984693 0.0274297 0.0151122
31 0.2584268 0.3235991 0.0274297 0.0151122
12 0.1886057 0.3818892 0.0274297 0.0151122
4 0.2584268 0.5567594 0.0274297 0.0151122
26 0.2584268 0.2653091 0.0274297 0.0151122
8 0.3282479 0.3235991 0.0274298 0.0151122
8 0.3980690 0.2653091 0.0274297 0.0151122
20 0.3980690 0.5567594 0.0274297 0.0151122
31 0.5377113 0.4401793 0.0274297 0.0151122
26 0.4678902 0.3818892 0.0274297 0.0151122
30 0.5377113 0.3818892 0.0274297 0.0151122
17 0.4678902 0.5567594 0.0274297 0.0151122
16 0.1886057 0.3235991 0.0274297 0.0151122
7 0.6075325 0.4984693 0.0274297 0.0151122
24 0.5377113 0.3235991 0.0274297 0.0151122
