13 0.6718565 0.6728259 0.0262621 0.0159557
25 0.6718565 0.6112823 0.0262621 0.0159557
32 0.5339806 0.5178273 0.4834611 0.4376431
14 0.3376118 0.3651081 0.0262621 0.0159557
19 0.4044608 0.3651081 0.0262621 0.0159557
33 0.6050076 0.3651080 0.0620741 0.0615435
23 0.6050076 0.3651081 0.0262621 0.0159557
10 0.3376118 0.4266516 0.0262621 0.0159557
17 0.6718565 0.4266516 0.0262621 0.0159557
31 0.7387054 0.4266516 0.0262621 0.0159557
3 0.4044608 0.4881952 0.0262621 0.0159557
20 0.5381586 0.4881952 0.0262621 0.0159557
12 0.4044608 0.5497387 0.0262621 0.0159557
24 0.5381586 0.5497387 0.0262621 0.0159557
30 0.6050076 0.5497387 0.0262621 0.0159557
2 0.6718565 0.5497387 0.0262621 0.0159557
1 0.4044608 0.6112823 0.0262621 0.0159557
29 0.4713097 0.6112823 0.0262621 0.0159557
28 0.6050076 0.6112823 0.0262621 0.0159557
27 0.3376118 0.6728259 0.0262621 0.0159557
26 0.4044608 0.6728259 0.0262621 0.0159557
5 0.4713097 0.6728259 0.0262621 0.0159557
14 0.7387054 0.3651081 0.0262621 0.0159557
2 0.6050076 0.4881952 0.0262621 0.0159557
18 0.4713097 0.4881952 0.0262621 0.0159557
13 0.7387054 0.4881952 0.0262621 0.0159557
1 0.4044608 0.4266516 0.0262621 0.0159557
1 0.4713097 0.4266516 0.0262621 0.0159557
27 0.6718565 0.4881952 0.0262621 0.0159557
17 0.5381586 0.6112823 0.0262621 0.0159557
30 0.7387054 0.6112823 0.0262621 0.0159557
19 0.6718565 0.3651081 0.0262621 0.0159557
3 0.7387054 0.6728259 0.0262621 0.0159557
4 0.4713097 0.5497387 0.0262621 0.0159557
3 0.6050076 0.6728259 0.0262621 0.0159557
21 0.5381586 0.4266516 0.0262621 0.0159557
15 0.5381586 0.6728259 0.0262621 0.0159557
17 0.7387054 0.5497387 0.0262621 0.0159557
21 0.3376118 0.6112823 0.0262621 0.0159557
25 0.3376118 0.5497387 0.0262621 0.0159557
2 0.3376118 0.4881952 0.0262621 0.0159557
20 0.6050076 0.4266516 0.0262621 0.0159557
15 0.4713097 0.3651081 0.0262621 0.0159557
30 0.5381586 0.3651081 0.0262621 0.0159557
