14 0.5959663 0.4329320 0.0278247 0.0150633
9 0.4543134 0.2005277 0.0278247 0.0150632
32 0.3790602 0.3447044 0.5122271 0.4131631
25 0.1710075 0.2005277 0.0278247 0.0150632
23 0.3834869 0.2005277 0.0278247 0.0150632
1 0.5959663 0.2005277 0.0278247 0.0150632
16 0.2418339 0.2586288 0.0278247 0.0150632
11 0.3834869 0.2586288 0.0278247 0.0150632
19 0.4543134 0.2586288 0.0278247 0.0150632
3 0.5251398 0.2586288 0.0278247 0.0150632
5 0.5959663 0.2586288 0.0278247 0.0150632
21 0.1710075 0.3167298 0.0278247 0.0150633
29 0.2418339 0.3167298 0.0278247 0.0150633
22 0.3126604 0.3167298 0.0278247 0.0150633
2 0.5959663 0.3167298 0.0278247 0.0150633
9 0.4543134 0.3748309 0.0278247 0.0150633
18 0.3834869 0.4329320 0.0278247 0.0150633
27 0.5251398 0.4329320 0.0278247 0.0150633
33 0.1710075 0.4910330 0.0657674 0.0581011
6 0.1710075 0.4910330 0.0278247 0.0150633
13 0.2418339 0.4910330 0.0278247 0.0150633
26 0.5959663 0.4910330 0.0278247 0.0150633
28 0.3834869 0.3167298 0.0278247 0.0150633
22 0.2418339 0.2005277 0.0278247 0.0150632
4 0.3126604 0.2586288 0.0278247 0.0150632
13 0.4543134 0.4910330 0.0278247 0.0150633
31 0.2418339 0.3748309 0.0278247 0.0150633
22 0.5251398 0.2005277 0.0278247 0.0150632
17 0.3126604 0.3748309 0.0278247 0.0150633
15 0.4543134 0.4329320 0.0278247 0.0150633
31 0.3126604 0.4329320 0.0278247 0.0150633
18 0.1710075 0.4329320 0.0278247 0.0150633
15 0.3834869 0.3748309 0.0278247 0.0150633
9 0.1710075 0.3748309 0.0278247 0.0150633
29 0.5251398 0.3167298 0.0278247 0.0150633
6 0.4543134 0.3167298 0.0278247 0.0150633
31 0.3126604 0.2005277 0.0278247 0.0150632
31 0.1710075 0.2586288 0.0278247 0.0150632
22 0.5251398 0.3748309 0.0278247 0.0150633
12 0.3834869 0.4910330 0.0278247 0.0150633
11 0.5251398 0.4910330 0.0278247 0.0150633
1 0.5959663 0.3748309 0.0278247 0.0150633
30 0.2418339 0.4329320 0.0278247 0.0150633
3 0.3126604 0.4910330 0.0278247 0.0150633
