30 0.6864501 0.3683038 0.0284398 0.0160927
4 0.3968819 0.3683038 0.0284398 0.0160927
32 0.4647494 0.4602619 0.5235497 0.4413989
31 0.3968819 0.3062321 0.0284398 0.0160927
25 0.5416660 0.3062321 0.0284398 0.0160927
27 0.6140580 0.3062321 0.0284397 0.0160927
21 0.6864501 0.3062321 0.0284398 0.0160927
33 0.4692739 0.3683038 0.0672212 0.0620717
28 0.4692739 0.3683038 0.0284398 0.0160927
15 0.5416660 0.3683038 0.0284398 0.0160927
22 0.4692739 0.4303755 0.0284398 0.0160927
17 0.6140580 0.4303755 0.0284397 0.0160927
4 0.6864501 0.4303755 0.0284398 0.0160927
20 0.3244898 0.4924472 0.0284397 0.0160927
12 0.2520977 0.5545190 0.0284397 0.0160927
26 0.3244898 0.5545190 0.0284397 0.0160927
5 0.4692739 0.5545190 0.0284398 0.0160927
30 0.5416660 0.5545190 0.0284398 0.0160927
23 0.6140580 0.5545190 0.0284397 0.0160927
24 0.2520977 0.6165907 0.0284397 0.0160927
16 0.3244898 0.6165907 0.0284397 0.0160927
29 0.6140580 0.6165907 0.0284397 0.0160927
20 0.5416660 0.6165907 0.0284398 0.0160927
15 0.2520977 0.3062321 0.0284397 0.0160927
19 0.5416660 0.4924472 0.0284398 0.0160927
15 0.4692739 0.3062321 0.0284398 0.0160927
27 0.3244898 0.3062321 0.0284397 0.0160927
16 0.3968819 0.5545190 0.0284398 0.0160927
29 0.6864501 0.6165907 0.0284398 0.0160927
14 0.2520977 0.4924472 0.0284397 0.0160927
7 0.4692739 0.4924472 0.0284398 0.0160927
7 0.3968819 0.6165907 0.0284398 0.0160927
23 0.3244898 0.3683038 0.0284397 0.0160927
28 0.3244898 0.4303755 0.0284397 0.0160927
15 0.4692739 0.6165907 0.0284398 0.0160927
27 0.2520977 0.3683038 0.0284397 0.0160927
30 0.3968819 0.4924472 0.0284398 0.0160927
25 0.3968819 0.4303755 0.0284398 0.0160927
31 0.6140580 0.4924472 0.0284397 0.0160927
15 0.6864501 0.4924472 0.0284398 0.0160927
4 0.2520977 0.4303755 0.0284397 0.0160927
28 0.6140580 0.3683038 0.0284397 0.0160927
24 0.5416660 0.4303755 0.0284398 0.0160927
23 0.6864501 0.5545190 0.0284398 0.0160927
