15 0.8653510 0.4771825 0.0279900 0.0153685
6 0.5803614 0.4771825 0.0279901 0.0153685
32 0.6471558 0.3871668 0.5152714 0.4215369
8 0.5091140 0.2400680 0.0279900 0.0153686
13 0.6516087 0.2400680 0.0279900 0.0153686
17 0.4378666 0.2993467 0.0279900 0.0153686
1 0.7228561 0.2993467 0.0279900 0.0153686
2 0.4378666 0.3586253 0.0279900 0.0153686
29 0.5091140 0.3586253 0.0279900 0.0153686
19 0.5803614 0.3586253 0.0279901 0.0153686
9 0.7228561 0.3586253 0.0279900 0.0153686
5 0.7941035 0.3586253 0.0279900 0.0153686
30 0.5803614 0.4179038 0.0279901 0.0153685
20 0.7941035 0.4179038 0.0279900 0.0153685
18 0.8653510 0.4179038 0.0279900 0.0153685
14 0.5091140 0.4771825 0.0279900 0.0153685
26 0.7228561 0.4771825 0.0279900 0.0153685
33 0.7941036 0.4771825 0.0661583 0.0592786
1 0.7941035 0.4771825 0.0279900 0.0153685
6 0.5091140 0.5364611 0.0279900 0.0153685
3 0.7228561 0.5364611 0.0279900 0.0153685
25 0.8653510 0.5364611 0.0279900 0.0153685
27 0.4378666 0.4771825 0.0279900 0.0153685
18 0.6516087 0.3586253 0.0279900 0.0153686
15 0.4378666 0.2400680 0.0279900 0.0153686
8 0.5803614 0.2400680 0.0279901 0.0153686
3 0.7941035 0.2400680 0.0279900 0.0153686
9 0.5803614 0.2993467 0.0279901 0.0153686
4 0.4378666 0.4179038 0.0279900 0.0153685
28 0.8653510 0.2400680 0.0279900 0.0153686
15 0.6516087 0.5364611 0.0279900 0.0153685
3 0.6516087 0.2993467 0.0279900 0.0153686
30 0.7228561 0.4179038 0.0279900 0.0153685
9 0.8653510 0.3586253 0.0279900 0.0153686
21 0.7941035 0.2993467 0.0279900 0.0153686
4 0.6516087 0.4179038 0.0279900 0.0153685
18 0.7228561 0.2400680 0.0279900 0.0153686
7 0.5803614 0.5364611 0.0279901 0.0153685
26 0.5091140 0.4179038 0.0279900 0.0153685
5 0.4378666 0.5364611 0.0279900 0.0153685
27 0.7941035 0.5364611 0.0279900 0.0153685
30 0.5091140 0.2993467 0.0279900 0.0153686
4 0.8653510 0.2993467 0.0279900 0.0153686
9 0.6516087 0.4771825 0.0279900 0.0153685
