3 0.3501548 0.5326642 0.0270223 0.0174363
14 0.5565068 0.6576242 0.0270223 0.0162739
32 0.5571209 0.4948856 0.4974557 0.4463687
2 0.4189388 0.3443523 0.0270223 0.0174363
15 0.4877228 0.3443523 0.0270222 0.0174363
18 0.5565068 0.3443523 0.0270223 0.0174363
16 0.6940747 0.3443523 0.0270223 0.0174363
17 0.3501548 0.4065417 0.0270223 0.0162739
12 0.4189388 0.4065417 0.0270223 0.0162739
13 0.4877228 0.4065417 0.0270222 0.0162739
3 0.5565068 0.4065417 0.0270223 0.0162739
27 0.7628587 0.4065417 0.0270222 0.0162739
33 0.3501548 0.4693123 0.0638709 0.0627706
26 0.3501548 0.4698936 0.0270223 0.0174363
14 0.5565068 0.4698936 0.0270223 0.0174363
21 0.5565068 0.5326642 0.0270223 0.0174363
25 0.6940747 0.5326642 0.0270223 0.0174363
26 0.4877228 0.5954348 0.0270222 0.0174363
20 0.6940747 0.5954348 0.0270223 0.0174363
9 0.4189388 0.6576242 0.0270223 0.0162739
30 0.4877228 0.6576242 0.0270222 0.0162739
23 0.6252908 0.6576242 0.0270222 0.0162739
18 0.7628587 0.6576242 0.0270222 0.0162739
14 0.6252908 0.4698936 0.0270222 0.0174363
17 0.7628587 0.4698936 0.0270222 0.0174363
9 0.6940747 0.6576242 0.0270223 0.0162739
1 0.7628587 0.3443523 0.0270222 0.0174363
16 0.6940747 0.4065417 0.0270223 0.0162739
19 0.6940747 0.4698936 0.0270223 0.0174363
29 0.7628587 0.5326642 0.0270222 0.0174363
4 0.6252908 0.5954348 0.0270222 0.0174363
1 0.4189388 0.5954348 0.0270223 0.0174363
17 0.3501548 0.3443523 0.0270223 0.0174363
17 0.4877228 0.5326642 0.0270222 0.0174363
6 0.6252908 0.3443523 0.0270222 0.0174363
24 0.6252908 0.4065417 0.0270222 0.0162739
19 0.3501548 0.6576242 0.0270223 0.0162739
11 0.4189388 0.5326642 0.0270223 0.0174363
3 0.4189388 0.4698936 0.0270223 0.0174363
19 0.5565068 0.5954348 0.0270223 0.0174363
12 0.7628587 0.5954348 0.0270222 0.0174363
6 0.6252908 0.5326642 0.0270222 0.0174363
1 0.3501548 0.5954348 0.0270223 0.0174363
15 0.4877228 0.4698936 0.0270222 0.0174363
