29 0.0485139 0.5489067 0.0282394 0.0160338
23 0.1203960 0.3633732 0.0282394 0.0160338
32 0.2604244 0.3931502 0.5183488 0.4397832
28 0.0485139 0.2396842 0.0282394 0.0160338
26 0.1203960 0.2396842 0.0282394 0.0160338
8 0.2641604 0.2396842 0.0282394 0.0160338
12 0.3360426 0.2396842 0.0282394 0.0160338
19 0.2641604 0.3015287 0.0282394 0.0160337
27 0.3360426 0.3015287 0.0282394 0.0160337
6 0.4798069 0.3015287 0.0282394 0.0160337
24 0.1922782 0.3633732 0.0282394 0.0160338
1 0.0485139 0.4252177 0.0282394 0.0160337
31 0.1922782 0.4252177 0.0282394 0.0160337
33 0.3360426 0.4252177 0.0667477 0.0618445
18 0.3360426 0.4252177 0.0282394 0.0160337
22 0.4079247 0.4252177 0.0282394 0.0160337
15 0.1922782 0.4870622 0.0282394 0.0160337
21 0.2641604 0.4870622 0.0282394 0.0160337
5 0.3360426 0.4870622 0.0282394 0.0160337
13 0.4079247 0.4870622 0.0282394 0.0160337
30 0.3360426 0.5489067 0.0282394 0.0160338
4 0.4798069 0.5489067 0.0282394 0.0160338
31 0.4079247 0.2396842 0.0282394 0.0160338
1 0.2641604 0.5489067 0.0282394 0.0160338
7 0.1922782 0.3015287 0.0282394 0.0160337
4 0.4079247 0.3015287 0.0282394 0.0160337
27 0.1922782 0.5489067 0.0282394 0.0160338
13 0.2641604 0.3633732 0.0282394 0.0160338
28 0.4079247 0.5489067 0.0282394 0.0160338
14 0.1922782 0.2396842 0.0282394 0.0160338
21 0.4798069 0.4252177 0.0282394 0.0160337
3 0.4798069 0.4870622 0.0282394 0.0160337
4 0.1203960 0.4870622 0.0282394 0.0160337
4 0.3360426 0.3633732 0.0282394 0.0160338
23 0.0485139 0.3015287 0.0282394 0.0160337
21 0.2641604 0.4252177 0.0282394 0.0160337
24 0.4079247 0.3633732 0.0282394 0.0160338
26 0.4798069 0.2396842 0.0282394 0.0160338
27 0.1203960 0.5489067 0.0282394 0.0160338
17 0.4798069 0.3633732 0.0282394 0.0160338
14 0.0485139 0.4870622 0.0282394 0.0160337
2 0.1203960 0.3015287 0.0282394 0.0160337
23 0.1203960 0.4252177 0.0282394 0.0160337
5 0.0485139 0.3633732 0.0282394 0.0160338
