27 0.4756163 0.2477540 0.0279731 0.0165443
23 0.4044122 0.3668730 0.0279731 0.0165443
32 0.4762521 0.3905865 0.5149589 0.4235343
12 0.5468205 0.2477540 0.0279731 0.0165443
2 0.2620038 0.3067621 0.0279731 0.0154414
18 0.4756163 0.3067621 0.0279731 0.0154414
27 0.5468205 0.3067621 0.0279731 0.0154414
16 0.6892290 0.3668730 0.0279731 0.0165443
33 0.2620038 0.4258811 0.0661182 0.0595595
28 0.2620038 0.4264326 0.0279731 0.0165443
24 0.4756163 0.4264326 0.0279731 0.0165443
3 0.6180247 0.4264326 0.0279731 0.0165443
15 0.4044122 0.4859921 0.0279731 0.0165443
7 0.4756163 0.4859921 0.0279731 0.0165443
19 0.6892290 0.4859921 0.0279731 0.0165443
2 0.4044122 0.2477540 0.0279731 0.0165443
1 0.6892290 0.2477540 0.0279731 0.0165443
24 0.6180247 0.3067621 0.0279731 0.0154414
26 0.3332080 0.3668730 0.0279731 0.0165443
22 0.3332080 0.4264326 0.0279731 0.0165443
14 0.6180247 0.2477540 0.0279731 0.0165443
3 0.3332080 0.2477540 0.0279731 0.0165443
18 0.4756163 0.3668730 0.0279731 0.0165443
1 0.2620038 0.3668730 0.0279731 0.0165443
28 0.3332080 0.3067621 0.0279731 0.0154414
10 0.5468205 0.3668730 0.0279731 0.0165443
21 0.5468205 0.4859921 0.0279731 0.0165443
3 0.2620038 0.2477540 0.0279731 0.0165443
5 0.6892290 0.4264326 0.0279731 0.0165443
21 0.6892290 0.3067621 0.0279731 0.0154414
18 0.4044122 0.4264326 0.0279731 0.0165443
26 0.3332080 0.4859921 0.0279731 0.0165443
13 0.5468205 0.4264326 0.0279731 0.0165443
13 0.4044122 0.3067621 0.0279731 0.0154414
14 0.6180247 0.4859921 0.0279731 0.0165443
27 0.6180247 0.3668730 0.0279731 0.0165443
23 0.2620038 0.4859921 0.0279731 0.0165443
