16 0.1749639 0.6834741 0.0271815 0.0155201
5 0.3133422 0.3841587 0.0271815 0.0155201
32 0.3782072 0.5327079 0.5003862 0.4256931
14 0.1749639 0.3841587 0.0271815 0.0155201
31 0.5900991 0.3841587 0.0271815 0.0155201
11 0.1749639 0.4440218 0.0271815 0.0155201
4 0.2441531 0.4440218 0.0271815 0.0155201
13 0.3133422 0.4440218 0.0271815 0.0155201
20 0.4517207 0.4440218 0.0271815 0.0155201
18 0.5209099 0.4440218 0.0271814 0.0155201
23 0.2441531 0.5038849 0.0271815 0.0155201
22 0.3133422 0.5038849 0.0271815 0.0155201
33 0.4517207 0.5038849 0.0642471 0.0598631
2 0.4517207 0.5038849 0.0271815 0.0155201
27 0.1749639 0.5637480 0.0271815 0.0155201
25 0.2441531 0.5637480 0.0271815 0.0155201
24 0.4517207 0.5637480 0.0271815 0.0155201
17 0.5209099 0.5637480 0.0271814 0.0155201
19 0.2441531 0.6236111 0.0271815 0.0155201
30 0.3825315 0.6236111 0.0271815 0.0155201
6 0.4517207 0.6236111 0.0271815 0.0155201
5 0.5900991 0.6834741 0.0271815 0.0155201
21 0.2441531 0.3841587 0.0271815 0.0155201
2 0.3825315 0.5637480 0.0271815 0.0155201
27 0.5900991 0.4440218 0.0271815 0.0155201
27 0.3133422 0.6834741 0.0271815 0.0155201
5 0.5900991 0.5038849 0.0271815 0.0155201
14 0.3825315 0.3841587 0.0271815 0.0155201
19 0.1749639 0.6236111 0.0271815 0.0155201
18 0.5209099 0.3841587 0.0271814 0.0155201
25 0.3133422 0.6236111 0.0271815 0.0155201
23 0.4517207 0.3841587 0.0271815 0.0155201
5 0.4517207 0.6834741 0.0271815 0.0155201
2 0.3825315 0.4440218 0.0271815 0.0155201
1 0.5900991 0.5637480 0.0271815 0.0155201
6 0.5209099 0.5038849 0.0271814 0.0155201
13 0.2441531 0.6834741 0.0271815 0.0155201
1 0.3133422 0.5637480 0.0271815 0.0155201
21 0.3825315 0.5038849 0.0271815 0.0155201
23 0.5900991 0.6236111 0.0271815 0.0155201
31 0.3825315 0.6834741 0.0271815 0.0155201
4 0.5209099 0.6236111 0.0271814 0.0155201
23 0.5209099 0.6834741 0.0271814 0.0155201
5 0.1749639 0.5038849 0.0271815 0.0155201
