18 0.3178394 0.7306796 0.0272556 0.0157475
11 0.1097056 0.4269804 0.0272556 0.0157473
32 0.3135033 0.5777051 0.5017511 0.4319278
15 0.3872173 0.4269804 0.0272556 0.0157473
17 0.1097056 0.4877202 0.0272556 0.0157473
10 0.5259732 0.4877202 0.0272556 0.0157473
27 0.1097056 0.5484600 0.0272556 0.0157473
8 0.1790835 0.5484600 0.0272556 0.0157473
33 0.2484615 0.5484601 0.0644224 0.0607399
1 0.2484615 0.5484600 0.0272556 0.0157473
11 0.3872173 0.5484600 0.0272556 0.0157473
2 0.4565952 0.5484600 0.0272556 0.0157473
18 0.1790835 0.6091999 0.0272556 0.0157473
23 0.2484615 0.6091999 0.0272556 0.0157473
24 0.3178394 0.6091999 0.0272556 0.0157473
3 0.5259732 0.6091999 0.0272556 0.0157473
21 0.1097056 0.6699398 0.0272556 0.0157473
30 0.1790835 0.6699398 0.0272556 0.0157473
16 0.3178394 0.6699398 0.0272556 0.0157473
29 0.5259732 0.6699398 0.0272556 0.0157473
25 0.3872173 0.7306796 0.0272556 0.0157475
7 0.4565952 0.7306796 0.0272556 0.0157475
2 0.3178394 0.5484600 0.0272556 0.0157473
29 0.2484615 0.4877202 0.0272556 0.0157473
5 0.3872173 0.6091999 0.0272556 0.0157473
21 0.3872173 0.4877202 0.0272556 0.0157473
12 0.4565952 0.4877202 0.0272556 0.0157473
22 0.1097056 0.6091999 0.0272556 0.0157473
8 0.5259732 0.5484600 0.0272556 0.0157473
17 0.5259732 0.4269804 0.0272556 0.0157473
2 0.1790835 0.4269804 0.0272556 0.0157473
16 0.3872173 0.6699398 0.0272556 0.0157473
29 0.4565952 0.6091999 0.0272556 0.0157473
24 0.4565952 0.6699398 0.0272556 0.0157473
11 0.4565952 0.4269804 0.0272556 0.0157473
9 0.3178394 0.4877202 0.0272556 0.0157473
6 0.2484615 0.6699398 0.0272556 0.0157473
13 0.3178394 0.4269804 0.0272556 0.0157473
15 0.2484615 0.4269804 0.0272556 0.0157473
21 0.1097056 0.7306796 0.0272556 0.0157475
16 0.2484615 0.7306796 0.0272556 0.0157475
7 0.5259732 0.7306796 0.0272556 0.0157475
5 0.1790835 0.7306796 0.0272556 0.0157475
19 0.1790835 0.4877202 0.0272556 0.0157473
