4 0.6934922 0.4370532 0.0270120 0.0155520
15 0.4872186 0.4970395 0.0270120 0.0155520
32 0.6204369 0.5859080 0.4972667 0.4265689
33 0.8310079 0.4370532 0.0638466 0.0599863
5 0.8310079 0.4370532 0.0270120 0.0155520
9 0.4184607 0.4970395 0.0270120 0.0155520
7 0.4184607 0.5570257 0.0270120 0.0155520
2 0.5559764 0.5570257 0.0270120 0.0155520
28 0.6934922 0.5570257 0.0270120 0.0155520
23 0.8310079 0.5570257 0.0270120 0.0155520
31 0.4872186 0.6170120 0.0270120 0.0155520
12 0.5559764 0.6170120 0.0270120 0.0155520
25 0.4872186 0.6769982 0.0270120 0.0155519
22 0.6934922 0.6769982 0.0270120 0.0155519
24 0.7622501 0.6769982 0.0270120 0.0155519
21 0.5559764 0.4970395 0.0270120 0.0155520
1 0.4184607 0.6769982 0.0270120 0.0155519
17 0.4872186 0.4370532 0.0270120 0.0155520
17 0.4872186 0.5570257 0.0270120 0.0155520
1 0.6247343 0.4370532 0.0270120 0.0155520
5 0.6247343 0.5570257 0.0270120 0.0155520
31 0.6934922 0.4970395 0.0270120 0.0155520
2 0.6247343 0.6769982 0.0270120 0.0155519
5 0.6247343 0.6170120 0.0270120 0.0155520
29 0.5559764 0.4370532 0.0270120 0.0155520
13 0.7622501 0.5570257 0.0270120 0.0155520
20 0.7622501 0.4970395 0.0270120 0.0155520
26 0.7622501 0.4370532 0.0270120 0.0155520
3 0.7622501 0.6170120 0.0270120 0.0155520
26 0.5559764 0.6769982 0.0270120 0.0155519
23 0.8310079 0.6170120 0.0270120 0.0155520
28 0.4184607 0.4370532 0.0270120 0.0155520
19 0.4184607 0.6170120 0.0270120 0.0155520
25 0.8310079 0.6769982 0.0270120 0.0155519
24 0.8310079 0.4970395 0.0270120 0.0155520
17 0.6247343 0.4970395 0.0270120 0.0155520
20 0.6934922 0.6170120 0.0270120 0.0155520
