27 0.5349941 0.5438607 0.0274092 0.0150839
28 0.3954565 0.4856800 0.0274092 0.0150839
32 0.5306335 0.4555122 0.5045782 0.4137295
4 0.3256876 0.3111378 0.0274092 0.0150839
21 0.4652253 0.3111378 0.0274092 0.0150839
27 0.5349941 0.3111378 0.0274092 0.0150839
7 0.6745318 0.3111378 0.0274092 0.0150839
14 0.3954565 0.3693186 0.0274092 0.0150839
26 0.7443006 0.3693186 0.0274092 0.0150839
15 0.3954565 0.4274993 0.0274092 0.0150839
33 0.6047630 0.4274993 0.0647853 0.0581807
13 0.6047630 0.4274993 0.0274092 0.0150839
2 0.4652253 0.4856800 0.0274092 0.0150839
13 0.7443006 0.4856800 0.0274092 0.0150839
19 0.7443006 0.5438607 0.0274092 0.0150839
8 0.3256876 0.5438607 0.0274092 0.0150839
24 0.3256876 0.4856800 0.0274092 0.0150839
10 0.7443006 0.4274993 0.0274092 0.0150839
17 0.6047630 0.5438607 0.0274092 0.0150839
4 0.5349941 0.4274993 0.0274092 0.0150839
11 0.5349941 0.3693186 0.0274092 0.0150839
15 0.5349941 0.4856800 0.0274092 0.0150839
11 0.6745318 0.5438607 0.0274092 0.0150839
4 0.6745318 0.4856800 0.0274092 0.0150839
4 0.6047630 0.4856800 0.0274092 0.0150839
27 0.4652253 0.3693186 0.0274092 0.0150839
30 0.3954565 0.5438607 0.0274092 0.0150839
11 0.7443006 0.3111378 0.0274092 0.0150839
7 0.6745318 0.4274993 0.0274092 0.0150839
2 0.6047630 0.3111378 0.0274092 0.0150839
25 0.4652253 0.5438607 0.0274092 0.0150839
1 0.4652253 0.4274993 0.0274092 0.0150839
2 0.6745318 0.3693186 0.0274092 0.0150839
12 0.3256876 0.4274993 0.0274092 0.0150839
25 0.3256876 0.3693186 0.0274092 0.0150839
21 0.3954565 0.3111378 0.0274092 0.0150839
25 0.6047630 0.3693186 0.0274092 0.0150839
