24 0.5673950 0.3850281 0.0286479 0.0147875
5 0.2027859 0.2709533 0.0286479 0.0147875
32 0.4169938 0.4124906 0.5273811 0.4055996
2 0.2757077 0.2709533 0.0286479 0.0147875
31 0.4944732 0.2709533 0.0286479 0.0147875
5 0.5673950 0.2709533 0.0286479 0.0147875
18 0.2027859 0.3279907 0.0286479 0.0147875
25 0.2757077 0.3279907 0.0286479 0.0147875
19 0.4944732 0.3279907 0.0286479 0.0147875
26 0.6403168 0.3279907 0.0286479 0.0147875
27 0.2757077 0.3850281 0.0286479 0.0147875
14 0.3486295 0.3850281 0.0286479 0.0147875
33 0.6403168 0.3850281 0.0677131 0.0570374
22 0.6403168 0.3850281 0.0286479 0.0147875
3 0.2027859 0.4420656 0.0286479 0.0147875
9 0.3486295 0.4420656 0.0286479 0.0147875
16 0.4944732 0.4420656 0.0286479 0.0147875
6 0.2757077 0.4991030 0.0286479 0.0147875
4 0.4944732 0.4991030 0.0286479 0.0147875
22 0.5673950 0.4991030 0.0286479 0.0147875
28 0.2027859 0.5561404 0.0286479 0.0147875
21 0.2757077 0.5561404 0.0286479 0.0147875
21 0.4215514 0.3850281 0.0286479 0.0147875
29 0.3486295 0.3279907 0.0286479 0.0147875
15 0.4215514 0.2709533 0.0286479 0.0147875
27 0.6403168 0.5561404 0.0286479 0.0147875
16 0.4215514 0.5561404 0.0286479 0.0147875
20 0.2757077 0.4420656 0.0286479 0.0147875
29 0.5673950 0.4420656 0.0286479 0.0147875
13 0.4215514 0.4991030 0.0286479 0.0147875
31 0.4215514 0.4420656 0.0286479 0.0147875
27 0.4215514 0.3279907 0.0286479 0.0147875
13 0.3486295 0.4991030 0.0286479 0.0147875
19 0.6403168 0.4991030 0.0286479 0.0147875
30 0.4944732 0.5561404 0.0286479 0.0147875
2 0.3486295 0.2709533 0.0286479 0.0147875
16 0.4944732 0.3850281 0.0286479 0.0147875
15 0.2027859 0.4991030 0.0286479 0.0147875
2 0.3486295 0.5561404 0.0286479 0.0147875
18 0.6403168 0.4420656 0.0286479 0.0147875
4 0.5673950 0.5561404 0.0286479 0.0147875
23 0.2027859 0.3850281 0.0286479 0.0147875
21 0.6403168 0.2709533 0.0286479 0.0147875
3 0.5673950 0.3279907 0.0286479 0.0147875
