13 0.1012759 0.7086465 0.0287740 0.0154605
2 0.1745187 0.7086465 0.0287740 0.0154605
32 0.3216582 0.5540409 0.5297024 0.4240608
29 0.3942471 0.4110308 0.0287740 0.0165649
28 0.1745187 0.4701122 0.0287740 0.0154605
24 0.2477615 0.4701122 0.0287740 0.0154605
27 0.3942471 0.4701122 0.0287740 0.0154605
20 0.1012759 0.5302980 0.0287740 0.0165649
10 0.1745187 0.5302980 0.0287740 0.0165649
16 0.3210043 0.5302980 0.0287740 0.0165649
26 0.5407327 0.5302980 0.0287740 0.0165649
1 0.1012759 0.5899315 0.0287740 0.0165649
25 0.2477615 0.5899315 0.0287740 0.0165649
11 0.3210043 0.5899315 0.0287740 0.0165649
13 0.2477615 0.6495650 0.0287740 0.0165649
33 0.3210043 0.6490129 0.0680112 0.0596336
15 0.3210043 0.6495650 0.0287740 0.0165649
5 0.3942471 0.6495650 0.0287740 0.0165649
15 0.4674899 0.6495650 0.0287740 0.0165649
8 0.3210043 0.7086465 0.0287740 0.0154605
22 0.4674899 0.7086465 0.0287740 0.0154605
9 0.5407327 0.7086465 0.0287740 0.0154605
11 0.2477615 0.4110308 0.0287740 0.0165649
4 0.3210043 0.4701122 0.0287740 0.0154605
12 0.2477615 0.5302980 0.0287740 0.0165649
3 0.1745187 0.5899315 0.0287740 0.0165649
13 0.4674899 0.4701122 0.0287740 0.0154605
16 0.5407327 0.4701122 0.0287740 0.0154605
12 0.3942471 0.7086465 0.0287740 0.0154605
24 0.2477615 0.7086465 0.0287740 0.0154605
11 0.3210043 0.4110308 0.0287740 0.0165649
1 0.4674899 0.5899315 0.0287740 0.0165649
30 0.3942471 0.5302980 0.0287740 0.0165649
1 0.1012759 0.4110308 0.0287740 0.0165649
21 0.4674899 0.5302980 0.0287740 0.0165649
3 0.1012759 0.6495650 0.0287740 0.0165649
1 0.4674899 0.4110308 0.0287740 0.0165649
15 0.5407327 0.5899315 0.0287740 0.0165649
24 0.1012759 0.4701122 0.0287740 0.0154605
27 0.1745187 0.6495650 0.0287740 0.0165649
1 0.5407327 0.4110308 0.0287740 0.0165649
25 0.1745187 0.4110308 0.0287740 0.0165649
6 0.5407327 0.6495650 0.0287740 0.0165649
19 0.3942471 0.5899315 0.0287740 0.0165649
