2 0.5354933 0.1985404 0.0271309 0.0151458
25 0.3283116 0.4322190 0.0271309 0.0151458
32 0.5311771 0.3435077 0.4994559 0.4154284
12 0.6045539 0.1985404 0.0271310 0.0151458
18 0.7426750 0.1985404 0.0271310 0.0151458
1 0.3283116 0.2569601 0.0271309 0.0151458
25 0.4664327 0.2569601 0.0271309 0.0151458
17 0.6736144 0.2569601 0.0271309 0.0151458
5 0.7426750 0.2569601 0.0271310 0.0151458
19 0.3973722 0.3153797 0.0271310 0.0151458
33 0.3283116 0.3737993 0.0641277 0.0584196
27 0.3283116 0.3737993 0.0271309 0.0151458
27 0.5354933 0.3737993 0.0271309 0.0151458
31 0.4664327 0.4322190 0.0271309 0.0151458
14 0.7426750 0.4322190 0.0271310 0.0151458
2 0.6736144 0.4322190 0.0271309 0.0151458
13 0.6045539 0.3153797 0.0271310 0.0151458
15 0.6045539 0.2569601 0.0271310 0.0151458
21 0.5354933 0.2569601 0.0271309 0.0151458
28 0.3973722 0.2569601 0.0271310 0.0151458
31 0.4664327 0.3737993 0.0271309 0.0151458
9 0.3973722 0.3737993 0.0271310 0.0151458
20 0.3283116 0.3153797 0.0271309 0.0151458
28 0.5354933 0.4322190 0.0271309 0.0151458
11 0.4664327 0.3153797 0.0271309 0.0151458
8 0.6736144 0.3153797 0.0271309 0.0151458
10 0.3973722 0.1985404 0.0271310 0.0151458
26 0.4664327 0.1985404 0.0271309 0.0151458
25 0.6736144 0.1985404 0.0271309 0.0151458
27 0.7426750 0.3737993 0.0271310 0.0151458
26 0.6045539 0.4322190 0.0271310 0.0151458
12 0.3973722 0.4322190 0.0271310 0.0151458
29 0.6736144 0.3737993 0.0271309 0.0151458
12 0.5354933 0.3153797 0.0271309 0.0151458
15 0.3283116 0.1985404 0.0271309 0.0151458
19 0.6045539 0.3737993 0.0271310 0.0151458
2 0.7426750 0.3153797 0.0271310 0.0151458
