1 0.2115902 0.5309148 0.0263490 0.0158388
19 0.4798709 0.4168756 0.0263490 0.0158388
32 0.2792592 0.4395779 0.4850610 0.4054726
13 0.0774499 0.3028364 0.0263490 0.0158388
30 0.1445201 0.3028364 0.0263490 0.0158388
1 0.2115902 0.3028364 0.0263490 0.0158388
33 0.4128007 0.3023085 0.0622794 0.0570196
29 0.4128007 0.3028364 0.0263490 0.0158388
27 0.0774499 0.3593281 0.0263490 0.0147829
26 0.3457306 0.3593281 0.0263490 0.0147829
23 0.4128007 0.3593281 0.0263490 0.0147829
17 0.4798709 0.3593281 0.0263490 0.0147829
14 0.0774499 0.4168756 0.0263490 0.0158388
7 0.0774499 0.4738952 0.0263490 0.0158388
21 0.1445201 0.4738952 0.0263490 0.0158388
4 0.2786604 0.4738952 0.0263490 0.0158388
29 0.0774499 0.5309148 0.0263490 0.0158388
12 0.1445201 0.5309148 0.0263490 0.0158388
28 0.2786604 0.5309148 0.0263490 0.0158388
18 0.2115902 0.5874064 0.0263490 0.0147829
22 0.4798709 0.5874064 0.0263490 0.0147829
20 0.3457306 0.4738952 0.0263490 0.0158388
9 0.3457306 0.4168756 0.0263490 0.0158388
11 0.4128007 0.5874064 0.0263490 0.0147829
21 0.1445201 0.4168756 0.0263490 0.0158388
30 0.2786604 0.3593281 0.0263490 0.0147829
31 0.4798709 0.3028364 0.0263490 0.0158388
22 0.3457306 0.5874064 0.0263490 0.0147829
13 0.2115902 0.3593281 0.0263490 0.0147829
2 0.0774499 0.5874064 0.0263490 0.0147829
27 0.1445201 0.5874064 0.0263490 0.0147829
17 0.3457306 0.5309148 0.0263490 0.0158388
13 0.4798709 0.5309148 0.0263490 0.0158388
6 0.4128007 0.4738952 0.0263490 0.0158388
22 0.2115902 0.4168756 0.0263490 0.0158388
25 0.2786604 0.4168756 0.0263490 0.0158388
11 0.3457306 0.3028364 0.0263490 0.0158388
12 0.2786604 0.3028364 0.0263490 0.0158388
12 0.2786604 0.5874064 0.0263490 0.0147829
7 0.4128007 0.5309148 0.0263490 0.0158388
25 0.4128007 0.4168756 0.0263490 0.0158388
6 0.4798709 0.4738952 0.0263490 0.0158388
24 0.2115902 0.4738952 0.0263490 0.0158388
29 0.1445201 0.3593281 0.0263490 0.0147829
