15 0.5904161 0.7110036 0.0270183 0.0153411
20 0.3840947 0.6518309 0.0270183 0.0153410
32 0.3797963 0.6211488 0.4973820 0.4207834
26 0.3840947 0.4743129 0.0270183 0.0153411
19 0.4528685 0.5334856 0.0270183 0.0153411
11 0.5216423 0.5334856 0.0270183 0.0153411
15 0.1777732 0.5926583 0.0270183 0.0153410
14 0.2465471 0.5926583 0.0270183 0.0153410
16 0.5216423 0.5926583 0.0270183 0.0153410
13 0.1777732 0.6518309 0.0270183 0.0153410
27 0.2465471 0.6518309 0.0270183 0.0153410
33 0.4528685 0.6518309 0.0638614 0.0591726
30 0.4528685 0.6518309 0.0270183 0.0153410
24 0.5216423 0.6518309 0.0270183 0.0153410
25 0.3153209 0.5334856 0.0270183 0.0153411
27 0.1777732 0.5334856 0.0270183 0.0153411
10 0.1777732 0.7110036 0.0270183 0.0153411
6 0.2465471 0.5334856 0.0270183 0.0153411
9 0.3153209 0.6518309 0.0270183 0.0153410
29 0.5904161 0.4743129 0.0270183 0.0153411
4 0.3153209 0.7110036 0.0270183 0.0153411
14 0.5216423 0.7110036 0.0270183 0.0153411
8 0.3840947 0.7110036 0.0270183 0.0153411
15 0.2465471 0.7110036 0.0270183 0.0153411
24 0.1777732 0.4743129 0.0270183 0.0153411
1 0.2465471 0.4743129 0.0270183 0.0153411
18 0.4528685 0.7110036 0.0270183 0.0153411
31 0.3840947 0.5334856 0.0270183 0.0153411
18 0.5904161 0.6518309 0.0270183 0.0153410
29 0.3153209 0.5926583 0.0270183 0.0153410
11 0.4528685 0.5926583 0.0270183 0.0153410
30 0.4528685 0.4743129 0.0270183 0.0153411
10 0.5904161 0.5334856 0.0270183 0.0153411
18 0.5904161 0.5926583 0.0270183 0.0153410
1 0.3153209 0.4743129 0.0270183 0.0153411
27 0.5216423 0.4743129 0.0270183 0.0153411
17 0.3840947 0.5926583 0.0270183 0.0153410
