28 0.3672631 0.4461080 0.0287965 0.0154698
20 0.7337645 0.3864388 0.0287965 0.0154698
32 0.5825827 0.3554993 0.5301181 0.4243141
29 0.3672631 0.2074313 0.0287965 0.0154698
16 0.6604642 0.2074313 0.0287965 0.0154698
18 0.7337645 0.2074313 0.0287965 0.0154698
28 0.8070647 0.2074313 0.0287965 0.0154698
9 0.5871639 0.2671005 0.0287965 0.0154698
15 0.7337645 0.2671005 0.0287965 0.0154698
20 0.4405634 0.3267696 0.0287965 0.0154698
19 0.5138637 0.3267696 0.0287965 0.0154698
3 0.5871639 0.3267696 0.0287965 0.0154698
4 0.6604642 0.3267696 0.0287965 0.0154698
2 0.7337645 0.3267696 0.0287965 0.0154698
24 0.8070647 0.3267696 0.0287965 0.0154698
33 0.6604642 0.3864388 0.0680645 0.0596691
10 0.6604642 0.3864388 0.0287965 0.0154698
25 0.8070647 0.3864388 0.0287965 0.0154698
22 0.4405634 0.4461080 0.0287965 0.0154698
27 0.5138637 0.4461080 0.0287965 0.0154698
11 0.3672631 0.5057772 0.0287965 0.0154698
18 0.6604642 0.5057772 0.0287965 0.0154698
14 0.8070647 0.4461080 0.0287965 0.0154698
18 0.4405634 0.2074313 0.0287965 0.0154698
16 0.6604642 0.4461080 0.0287965 0.0154698
16 0.5138637 0.3864388 0.0287965 0.0154698
14 0.5138637 0.2074313 0.0287965 0.0154698
2 0.3672631 0.2671005 0.0287965 0.0154698
16 0.7337645 0.4461080 0.0287965 0.0154698
17 0.5871639 0.3864388 0.0287965 0.0154698
7 0.6604642 0.2671005 0.0287965 0.0154698
31 0.7337645 0.5057772 0.0287965 0.0154698
7 0.5138637 0.5057772 0.0287965 0.0154698
25 0.8070647 0.2671005 0.0287965 0.0154698
16 0.4405634 0.2671005 0.0287965 0.0154698
23 0.5871639 0.2074313 0.0287965 0.0154698
4 0.3672631 0.3267696 0.0287965 0.0154698
2 0.3672631 0.3864388 0.0287965 0.0154698
20 0.5138637 0.2671005 0.0287965 0.0154698
19 0.4405634 0.5057772 0.0287965 0.0154698
4 0.5871639 0.5057772 0.0287965 0.0154698
31 0.4405634 0.3864388 0.0287965 0.0154698
2 0.8070647 0.5057772 0.0287965 0.0154698
6 0.5871639 0.4461080 0.0287965 0.0154698
