30 0.2343535 0.4825830 0.0262065 0.0160714
17 0.2343535 0.5445726 0.0262065 0.0160714
32 0.3635990 0.4504402 0.4824371 0.4408152
13 0.1676461 0.2966141 0.0262065 0.0160714
3 0.1676461 0.3586037 0.0262065 0.0160714
30 0.2343535 0.3586037 0.0262065 0.0160714
27 0.5011829 0.3586037 0.0262065 0.0160714
1 0.5678902 0.3586037 0.0262065 0.0160714
33 0.1676461 0.4205933 0.0619425 0.0619896
1 0.1676461 0.4205933 0.0262065 0.0160714
7 0.1676461 0.4825830 0.0262065 0.0160714
21 0.3010608 0.4825830 0.0262065 0.0160714
14 0.1676461 0.5445726 0.0262065 0.0160714
20 0.4344756 0.5445726 0.0262065 0.0160714
11 0.3677682 0.3586037 0.0262065 0.0160714
2 0.5011829 0.5445726 0.0262065 0.0160714
21 0.3010608 0.3586037 0.0262065 0.0160714
29 0.5678902 0.5445726 0.0262065 0.0160714
19 0.4344756 0.4205933 0.0262065 0.0160714
20 0.3677682 0.2966141 0.0262065 0.0160714
9 0.4344756 0.4825830 0.0262065 0.0160714
9 0.3677682 0.4205933 0.0262065 0.0160714
25 0.4344756 0.2966141 0.0262065 0.0160714
30 0.3677682 0.4825830 0.0262065 0.0160714
18 0.5678902 0.4825830 0.0262065 0.0160714
22 0.3677682 0.5445726 0.0262065 0.0160714
30 0.2343535 0.2966141 0.0262065 0.0160714
24 0.5011829 0.2966141 0.0262065 0.0160714
30 0.2343535 0.4205933 0.0262065 0.0160714
9 0.3010608 0.2966141 0.0262065 0.0160714
29 0.3010608 0.5445726 0.0262065 0.0160714
14 0.3010608 0.4205933 0.0262065 0.0160714
9 0.5011829 0.4825830 0.0262065 0.0160714
20 0.5678902 0.2966141 0.0262065 0.0160714
31 0.5678902 0.4205933 0.0262065 0.0160714
7 0.5011829 0.4205933 0.0262065 0.0160714
12 0.4344756 0.3586037 0.0262065 0.0160714
