24 0.0748232 0.5328341 0.0263853 0.0160278
5 0.1419857 0.2855482 0.0263853 0.0160278
32 0.2721132 0.4389570 0.4857291 0.4396193
33 0.0748232 0.3473697 0.0623652 0.0618215
10 0.0748232 0.3473697 0.0263853 0.0160278
19 0.2091483 0.3473697 0.0263853 0.0160278
30 0.2763108 0.3473697 0.0263853 0.0160278
3 0.4777984 0.3473697 0.0263853 0.0160278
26 0.2091483 0.4091911 0.0263853 0.0160278
28 0.3434734 0.4091911 0.0263853 0.0160278
22 0.4777984 0.4091911 0.0263853 0.0160278
12 0.1419857 0.4710126 0.0263853 0.0160278
14 0.2763108 0.4710126 0.0263853 0.0160278
23 0.4777984 0.4710126 0.0263853 0.0160278
8 0.1419857 0.5328341 0.0263853 0.0160278
31 0.2763108 0.5328341 0.0263853 0.0160278
4 0.3434734 0.5328341 0.0263853 0.0160278
2 0.4777984 0.5328341 0.0263853 0.0160278
1 0.1419857 0.5946555 0.0263853 0.0160278
17 0.2763108 0.5946555 0.0263853 0.0160278
21 0.4106359 0.5946555 0.0263853 0.0160278
6 0.2763108 0.2855482 0.0263853 0.0160278
31 0.3434734 0.2855482 0.0263853 0.0160278
27 0.4106359 0.5328341 0.0263853 0.0160278
30 0.0748232 0.5946555 0.0263853 0.0160278
14 0.4106359 0.3473697 0.0263853 0.0160278
30 0.3434734 0.4710126 0.0263853 0.0160278
4 0.1419857 0.4091911 0.0263853 0.0160278
6 0.0748232 0.4710126 0.0263853 0.0160278
1 0.2091483 0.2855482 0.0263853 0.0160278
13 0.0748232 0.2855482 0.0263853 0.0160278
21 0.2763108 0.4091911 0.0263853 0.0160278
24 0.4777984 0.5946555 0.0263853 0.0160278
30 0.0748232 0.4091911 0.0263853 0.0160278
2 0.2091483 0.4710126 0.0263853 0.0160278
15 0.2091483 0.5946555 0.0263853 0.0160278
27 0.2091483 0.5328341 0.0263853 0.0160278
17 0.4106359 0.4091911 0.0263853 0.0160278
16 0.4106359 0.2855482 0.0263853 0.0160278
1 0.4777984 0.2855482 0.0263853 0.0160278
29 0.1419857 0.3473697 0.0263853 0.0160278
7 0.3434734 0.3473697 0.0263853 0.0160278
17 0.4106359 0.4710126 0.0263853 0.0160278
14 0.3434734 0.5946555 0.0263853 0.0160278
