20 0.5086781 0.3245727 0.0262300 0.0151030
7 0.3083763 0.4993362 0.0262300 0.0151030
32 0.3709706 0.4691301 0.4828705 0.4142543
24 0.3083763 0.3245727 0.0262300 0.0151030
3 0.3751436 0.3245727 0.0262300 0.0151030
19 0.4419109 0.3245727 0.0262300 0.0151030
29 0.5754454 0.3245727 0.0262300 0.0151030
6 0.2416090 0.3828271 0.0262300 0.0151030
22 0.3083763 0.3828271 0.0262300 0.0151030
16 0.3751436 0.3828271 0.0262300 0.0151030
11 0.5754454 0.3828271 0.0262300 0.0151030
20 0.1748417 0.4410816 0.0262300 0.0151030
8 0.3751436 0.4410816 0.0262300 0.0151030
10 0.5086781 0.4410816 0.0262300 0.0151030
30 0.5754454 0.4410816 0.0262300 0.0151030
4 0.2416090 0.4993362 0.0262300 0.0151030
9 0.4419109 0.4993362 0.0262300 0.0151030
1 0.1748417 0.5575907 0.0262300 0.0151030
33 0.2416090 0.6158452 0.0619982 0.0582545
8 0.2416090 0.6158451 0.0262300 0.0151030
21 0.3751436 0.6158451 0.0262300 0.0151030
20 0.4419109 0.4410816 0.0262300 0.0151030
15 0.1748417 0.3245727 0.0262300 0.0151030
28 0.3083763 0.4410816 0.0262300 0.0151030
3 0.4419109 0.5575907 0.0262300 0.0151030
2 0.2416090 0.3245727 0.0262300 0.0151030
27 0.2416090 0.5575907 0.0262300 0.0151030
24 0.3751436 0.4993362 0.0262300 0.0151030
6 0.5086781 0.5575907 0.0262300 0.0151030
19 0.3083763 0.6158451 0.0262300 0.0151030
14 0.5086781 0.3828271 0.0262300 0.0151030
31 0.5086781 0.4993362 0.0262300 0.0151030
13 0.1748417 0.6158451 0.0262300 0.0151030
28 0.5754454 0.4993362 0.0262300 0.0151030
22 0.2416090 0.4410816 0.0262300 0.0151030
3 0.5754454 0.5575907 0.0262300 0.0151030
8 0.3751436 0.5575907 0.0262300 0.0151030
30 0.1748417 0.4993362 0.0262300 0.0151030
29 0.3083763 0.5575907 0.0262300 0.0151030
20 0.1748417 0.3828271 0.0262300 0.0151030
31 0.4419109 0.3828271 0.0262300 0.0151030
11 0.5754454 0.6158451 0.0262300 0.0151030
7 0.5086781 0.6158451 0.0262300 0.0151030
9 0.4419109 0.6158451 0.0262300 0.0151030
