15 0.2941196 0.4650982 0.0267586 0.0158051
26 0.1578941 0.5260602 0.0267586 0.0158050
32 0.2898626 0.4944503 0.4926014 0.4335084
24 0.0897813 0.3431739 0.0267586 0.0158050
15 0.0897813 0.4041360 0.0267586 0.0158050
27 0.2260069 0.4041360 0.0267586 0.0158050
4 0.2941196 0.4041360 0.0267586 0.0158050
25 0.4303452 0.4041360 0.0267586 0.0158050
3 0.1578941 0.4650982 0.0267586 0.0158051
8 0.2260069 0.5260602 0.0267586 0.0158050
33 0.3622324 0.5260603 0.0632476 0.0609621
9 0.3622324 0.5260602 0.0267586 0.0158050
31 0.4984580 0.5260602 0.0267586 0.0158050
1 0.0897813 0.5870224 0.0267586 0.0158050
6 0.2941196 0.3431739 0.0267586 0.0158050
26 0.2260069 0.4650982 0.0267586 0.0158051
6 0.4984580 0.4650982 0.0267586 0.0158051
18 0.2260069 0.5870224 0.0267586 0.0158050
7 0.4303452 0.4650982 0.0267586 0.0158051
29 0.4303452 0.5260602 0.0267586 0.0158050
23 0.4303452 0.3431739 0.0267586 0.0158050
6 0.4984580 0.5870224 0.0267586 0.0158050
4 0.3622324 0.5870224 0.0267586 0.0158050
1 0.0897813 0.4650982 0.0267586 0.0158051
26 0.1578941 0.5870224 0.0267586 0.0158050
2 0.2941196 0.5260602 0.0267586 0.0158050
21 0.0897813 0.5260602 0.0267586 0.0158050
3 0.4303452 0.5870224 0.0267586 0.0158050
19 0.1578941 0.4041360 0.0267586 0.0158050
25 0.2260069 0.3431739 0.0267586 0.0158050
17 0.3622324 0.4650982 0.0267586 0.0158051
25 0.3622324 0.3431739 0.0267586 0.0158050
7 0.2941196 0.5870224 0.0267586 0.0158050
31 0.4984580 0.3431739 0.0267586 0.0158050
19 0.3622324 0.4041360 0.0267586 0.0158050
18 0.1578941 0.3431739 0.0267586 0.0158050
23 0.4984580 0.4041360 0.0267586 0.0158050
