23 0.3728616 0.7300168 0.0272131 0.0161163
6 0.3035919 0.6678537 0.0272131 0.0161163
32 0.5070717 0.5734580 0.5009686 0.4420483
2 0.3035919 0.4192016 0.0272131 0.0161163
12 0.3728616 0.4192016 0.0272131 0.0161163
23 0.5806708 0.4192016 0.0272131 0.0161163
5 0.7192102 0.4192016 0.0272131 0.0161163
19 0.3728616 0.4813646 0.0272131 0.0161163
20 0.4421313 0.4813646 0.0272131 0.0161163
21 0.6499405 0.4813646 0.0272131 0.0161163
8 0.5806708 0.5435277 0.0272131 0.0161163
10 0.3035919 0.6056906 0.0272131 0.0161163
33 0.5114011 0.6056906 0.0643219 0.0621630
1 0.5114011 0.6056906 0.0272131 0.0161163
16 0.5806708 0.6056906 0.0272131 0.0161163
25 0.6499405 0.6056906 0.0272131 0.0161163
26 0.7192102 0.6056906 0.0272131 0.0161163
11 0.3728616 0.6678537 0.0272131 0.0161163
15 0.5806708 0.6678537 0.0272131 0.0161163
28 0.3035919 0.7300168 0.0272131 0.0161163
27 0.7192102 0.7300168 0.0272131 0.0161163
15 0.5114011 0.5435277 0.0272131 0.0161163
20 0.5114011 0.4813646 0.0272131 0.0161163
15 0.3035919 0.5435277 0.0272131 0.0161163
24 0.5806708 0.4813646 0.0272131 0.0161163
26 0.3728616 0.5435277 0.0272131 0.0161163
13 0.4421313 0.5435277 0.0272131 0.0161163
2 0.5114011 0.4192016 0.0272131 0.0161163
4 0.5114011 0.7300168 0.0272131 0.0161163
16 0.6499405 0.7300168 0.0272131 0.0161163
5 0.5806708 0.7300168 0.0272131 0.0161163
28 0.7192102 0.5435277 0.0272131 0.0161163
30 0.3728616 0.6056906 0.0272131 0.0161163
13 0.6499405 0.5435277 0.0272131 0.0161163
17 0.5114011 0.6678537 0.0272131 0.0161163
6 0.3035919 0.4813646 0.0272131 0.0161163
25 0.7192102 0.6678537 0.0272131 0.0161163
15 0.6499405 0.4192016 0.0272131 0.0161163
13 0.7192102 0.4813646 0.0272131 0.0161163
20 0.4421313 0.4192016 0.0272131 0.0161163
14 0.4421313 0.6678537 0.0272131 0.0161163
23 0.6499405 0.6678537 0.0272131 0.0161163
16 0.4421313 0.7300168 0.0272131 0.0161163
7 0.4421313 0.6056906 0.0272131 0.0161163
