22 0.3993335 0.6216720 0.0287479 0.0166431
28 0.3993335 0.5617565 0.0287479 0.0166432
32 0.3999869 0.5256963 0.5292220 0.4260650
29 0.1798044 0.3820104 0.0287479 0.0166432
6 0.2529807 0.3820104 0.0287479 0.0166432
23 0.3993335 0.3820104 0.0287479 0.0166432
16 0.4725099 0.4413710 0.0287479 0.0155336
22 0.5456863 0.4413710 0.0287479 0.0155336
33 0.6188626 0.4413710 0.0679495 0.0599154
16 0.6188626 0.4413710 0.0287479 0.0155336
14 0.1798044 0.5018411 0.0287479 0.0166431
18 0.3261572 0.5018411 0.0287479 0.0166431
21 0.3993335 0.5018411 0.0287479 0.0166431
1 0.6188626 0.5018411 0.0287479 0.0166431
31 0.1798044 0.5617565 0.0287479 0.0166432
11 0.3261572 0.5617565 0.0287479 0.0166432
20 0.1798044 0.6216720 0.0287479 0.0166431
28 0.4725099 0.6216720 0.0287479 0.0166431
10 0.1798044 0.6810326 0.0287479 0.0155337
25 0.4725099 0.6810326 0.0287479 0.0155337
7 0.6188626 0.6810326 0.0287479 0.0155337
28 0.3993335 0.6810326 0.0287479 0.0155337
2 0.2529807 0.5018411 0.0287479 0.0166431
10 0.4725099 0.5617565 0.0287479 0.0166432
2 0.3261572 0.4413710 0.0287479 0.0155336
9 0.3993335 0.4413710 0.0287479 0.0155336
10 0.6188626 0.6216720 0.0287479 0.0166431
24 0.3261572 0.6810326 0.0287479 0.0155337
24 0.4725099 0.5018411 0.0287479 0.0166431
23 0.5456863 0.6216720 0.0287479 0.0166431
6 0.2529807 0.5617565 0.0287479 0.0166432
18 0.2529807 0.4413710 0.0287479 0.0155336
3 0.2529807 0.6216720 0.0287479 0.0166431
7 0.6188626 0.5617565 0.0287479 0.0166432
24 0.2529807 0.6810326 0.0287479 0.0155337
7 0.5456863 0.6810326 0.0287479 0.0155337
19 0.4725099 0.3820104 0.0287479 0.0166432
26 0.3261572 0.3820104 0.0287479 0.0166432
27 0.6188626 0.3820104 0.0287479 0.0166432
7 0.1798044 0.4413710 0.0287479 0.0155336
11 0.5456863 0.5617565 0.0287479 0.0166432
2 0.3261572 0.6216720 0.0287479 0.0166431
18 0.5456863 0.3820104 0.0287479 0.0166432
6 0.5456863 0.5018411 0.0287479 0.0166431
