9 0.3506358 0.3306154 0.0263648 0.0157802
20 0.6190771 0.4523485 0.0263648 0.0157802
32 0.4135518 0.4207880 0.4853516 0.4328286
33 0.3506358 0.2697489 0.0623167 0.0608665
9 0.3506358 0.2697489 0.0263648 0.0157802
2 0.5519668 0.2697489 0.0263648 0.0157802
13 0.4177461 0.3306154 0.0263647 0.0157802
12 0.2164151 0.3914819 0.0263648 0.0157802
15 0.2835254 0.3914819 0.0263648 0.0157802
6 0.3506358 0.3914819 0.0263648 0.0157802
14 0.4848565 0.3914819 0.0263648 0.0157802
8 0.2835254 0.4523485 0.0263648 0.0157802
5 0.3506358 0.4523485 0.0263648 0.0157802
30 0.4848565 0.4523485 0.0263648 0.0157802
27 0.4848565 0.3306154 0.0263648 0.0157802
12 0.6190771 0.5132150 0.0263648 0.0157802
26 0.4177461 0.5132150 0.0263647 0.0157802
12 0.5519668 0.3306154 0.0263648 0.0157802
22 0.5519668 0.3914819 0.0263648 0.0157802
26 0.2835254 0.2697489 0.0263648 0.0157802
25 0.4177461 0.3914819 0.0263647 0.0157802
16 0.4848565 0.5132150 0.0263648 0.0157802
1 0.5519668 0.5132150 0.0263648 0.0157802
4 0.2164151 0.5132150 0.0263648 0.0157802
28 0.4177461 0.4523485 0.0263647 0.0157802
18 0.6190771 0.2697489 0.0263648 0.0157802
3 0.2164151 0.4523485 0.0263648 0.0157802
18 0.2164151 0.2697489 0.0263648 0.0157802
1 0.6190771 0.3306154 0.0263648 0.0157802
16 0.2835254 0.3306154 0.0263648 0.0157802
18 0.5519668 0.4523485 0.0263648 0.0157802
17 0.4177461 0.2697489 0.0263647 0.0157802
5 0.2835254 0.5132150 0.0263648 0.0157802
8 0.6190771 0.3914819 0.0263648 0.0157802
25 0.4848565 0.2697489 0.0263648 0.0157802
14 0.2164151 0.3306154 0.0263648 0.0157802
25 0.3506358 0.5132150 0.0263648 0.0157802
