20 0.5160621 0.2849937 0.0270107 0.0149082
17 0.7223252 0.4575026 0.0270107 0.0149082
32 0.5117649 0.4276863 0.4972414 0.4089102
15 0.3097990 0.2849937 0.0270106 0.0149082
10 0.3785533 0.2849937 0.0270106 0.0149082
25 0.4473077 0.2849937 0.0270107 0.0149082
29 0.5160621 0.3424967 0.0270107 0.0149082
12 0.6535708 0.3424967 0.0270107 0.0149082
33 0.5160621 0.3999997 0.0638433 0.0575030
22 0.5160621 0.3999997 0.0270107 0.0149082
1 0.3097990 0.4575026 0.0270106 0.0149082
19 0.5848164 0.4575026 0.0270107 0.0149082
3 0.6535708 0.4575026 0.0270107 0.0149082
13 0.3097990 0.5150057 0.0270106 0.0149082
15 0.4473077 0.3424967 0.0270107 0.0149082
7 0.5848164 0.2849937 0.0270107 0.0149082
19 0.5160621 0.5150057 0.0270107 0.0149082
26 0.4473077 0.3999997 0.0270107 0.0149082
17 0.5848164 0.3999997 0.0270107 0.0149082
25 0.4473077 0.4575026 0.0270107 0.0149082
30 0.6535708 0.5150057 0.0270107 0.0149082
25 0.3785533 0.3999997 0.0270106 0.0149082
20 0.3785533 0.5150057 0.0270106 0.0149082
15 0.3097990 0.3424967 0.0270106 0.0149082
4 0.5848164 0.5150057 0.0270107 0.0149082
29 0.3785533 0.4575026 0.0270106 0.0149082
15 0.5848164 0.3424967 0.0270107 0.0149082
14 0.3097990 0.3999997 0.0270106 0.0149082
24 0.7223252 0.5150057 0.0270107 0.0149082
5 0.4473077 0.5150057 0.0270107 0.0149082
30 0.6535708 0.2849937 0.0270107 0.0149082
30 0.6535708 0.3999997 0.0270107 0.0149082
17 0.7223252 0.2849937 0.0270107 0.0149082
23 0.7223252 0.3999997 0.0270107 0.0149082
20 0.3785533 0.3424967 0.0270106 0.0149082
17 0.7223252 0.3424967 0.0270107 0.0149082
25 0.5160621 0.4575026 0.0270107 0.0149082
