14 0.5596809 0.4407957 0.0279034 0.0168066
24 0.6307078 0.1987802 0.0279034 0.0168066
32 0.4892883 0.3438775 0.5136763 0.4302498
13 0.2755735 0.1987802 0.0279034 0.0168066
6 0.4886541 0.1987802 0.0279034 0.0168066
7 0.5596809 0.1987802 0.0279034 0.0168066
33 0.4886541 0.2587238 0.0659535 0.0605038
26 0.4886541 0.2587239 0.0279034 0.0156862
16 0.7017346 0.2587239 0.0279034 0.0156862
14 0.3466004 0.3197879 0.0279034 0.0168066
30 0.4886541 0.3197879 0.0279034 0.0168066
23 0.7017346 0.3802918 0.0279034 0.0168066
11 0.3466004 0.4407957 0.0279034 0.0168066
1 0.7017346 0.4407957 0.0279034 0.0168066
4 0.6307078 0.3197879 0.0279034 0.0168066
2 0.2755735 0.3802918 0.0279034 0.0168066
2 0.5596809 0.3802918 0.0279034 0.0168066
11 0.7017346 0.3197879 0.0279034 0.0168066
24 0.2755735 0.3197879 0.0279034 0.0168066
18 0.2755735 0.2587239 0.0279034 0.0156862
28 0.4176273 0.1987802 0.0279034 0.0168066
22 0.3466004 0.3802918 0.0279034 0.0168066
22 0.6307078 0.4407957 0.0279034 0.0168066
25 0.3466004 0.1987802 0.0279034 0.0168066
31 0.4176273 0.4407957 0.0279034 0.0168066
7 0.5596809 0.2587239 0.0279034 0.0156862
4 0.6307078 0.3802918 0.0279034 0.0168066
30 0.3466004 0.2587239 0.0279034 0.0156862
10 0.4176273 0.3802918 0.0279034 0.0168066
3 0.7017346 0.1987802 0.0279034 0.0168066
29 0.6307078 0.2587239 0.0279034 0.0156862
19 0.2755735 0.4407957 0.0279034 0.0168066
3 0.5596809 0.3197879 0.0279034 0.0168066
28 0.4176273 0.3197879 0.0279034 0.0168066
15 0.4176273 0.2587239 0.0279034 0.0156862
31 0.4886541 0.4407957 0.0279034 0.0168066
17 0.4886541 0.3802918 0.0279034 0.0168066
