9 0.7198235 0.3365959 0.0262836 0.0155109
12 0.3853054 0.3365959 0.0262836 0.0155109
32 0.5866136 0.4207979 0.4838564 0.4254420
27 0.3853054 0.2773220 0.0262836 0.0166188
30 0.7198235 0.2773220 0.0262836 0.0166188
20 0.5191126 0.3365959 0.0262836 0.0155109
12 0.6529198 0.3365959 0.0262835 0.0155109
3 0.6529198 0.3969776 0.0262835 0.0166188
1 0.7867270 0.3969776 0.0262836 0.0166188
10 0.4522090 0.5166332 0.0262836 0.0166188
33 0.5191126 0.5160792 0.0621248 0.0598278
4 0.5191126 0.5166332 0.0262836 0.0166188
26 0.7198235 0.5166332 0.0262836 0.0166188
11 0.7867270 0.5166332 0.0262836 0.0166188
16 0.5860162 0.2773220 0.0262836 0.0166188
8 0.7198235 0.3969776 0.0262836 0.0166188
26 0.6529198 0.4568054 0.0262835 0.0166189
1 0.5191126 0.4568054 0.0262836 0.0166189
11 0.4522090 0.4568054 0.0262836 0.0166189
27 0.5860162 0.4568054 0.0262836 0.0166189
17 0.6529198 0.2773220 0.0262835 0.0166188
12 0.7867270 0.2773220 0.0262836 0.0166188
29 0.3853054 0.4568054 0.0262836 0.0166189
27 0.4522090 0.2773220 0.0262836 0.0166188
25 0.3853054 0.3969776 0.0262836 0.0166188
21 0.7867270 0.4568054 0.0262836 0.0166189
31 0.5860162 0.5166332 0.0262836 0.0166188
10 0.5860162 0.3365959 0.0262836 0.0155109
30 0.5191126 0.2773220 0.0262836 0.0166188
11 0.3853054 0.5166332 0.0262836 0.0166188
30 0.6529198 0.5166332 0.0262835 0.0166188
24 0.4522090 0.3365959 0.0262836 0.0155109
6 0.5860162 0.3969776 0.0262836 0.0166188
10 0.5191126 0.3969776 0.0262836 0.0166188
15 0.7867270 0.3365959 0.0262836 0.0155109
19 0.4522090 0.3969776 0.0262836 0.0166188
30 0.7198235 0.4568054 0.0262836 0.0166189
