1 0.4421876 0.2230861 0.0284710 0.0149643
8 0.4421876 0.2808055 0.0284710 0.0149643
32 0.5101297 0.3663157 0.5241249 0.4104489
4 0.3697160 0.2808055 0.0284710 0.0149643
12 0.7320740 0.2808055 0.0284710 0.0149643
11 0.2972444 0.3385249 0.0284710 0.0149643
2 0.6596024 0.3385249 0.0284711 0.0149643
22 0.2972444 0.3962443 0.0284710 0.0149643
5 0.3697160 0.3962443 0.0284710 0.0149643
16 0.4421876 0.3962443 0.0284710 0.0149643
26 0.5871308 0.3962443 0.0284710 0.0149643
23 0.3697160 0.4539637 0.0284710 0.0149643
33 0.7320740 0.4539637 0.0672950 0.0577194
27 0.7320740 0.4539637 0.0284710 0.0149643
27 0.5871308 0.3385249 0.0284710 0.0149643
10 0.5871308 0.2808055 0.0284710 0.0149643
13 0.2972444 0.2230861 0.0284710 0.0149643
25 0.2972444 0.2808055 0.0284710 0.0149643
12 0.5146592 0.2808055 0.0284710 0.0149643
24 0.6596024 0.2808055 0.0284711 0.0149643
18 0.4421876 0.4539637 0.0284710 0.0149643
20 0.7320740 0.3385249 0.0284710 0.0149643
21 0.7320740 0.2230861 0.0284710 0.0149643
6 0.2972444 0.4539637 0.0284710 0.0149643
29 0.4421876 0.3385249 0.0284710 0.0149643
31 0.5871308 0.4539637 0.0284710 0.0149643
29 0.5871308 0.2230861 0.0284710 0.0149643
1 0.6596024 0.2230861 0.0284711 0.0149643
1 0.5146592 0.2230861 0.0284710 0.0149643
29 0.5146592 0.4539637 0.0284710 0.0149643
26 0.5146592 0.3385249 0.0284710 0.0149643
22 0.7320740 0.3962443 0.0284710 0.0149643
5 0.3697160 0.3385249 0.0284710 0.0149643
17 0.6596024 0.4539637 0.0284711 0.0149643
22 0.5146592 0.3962443 0.0284710 0.0149643
21 0.6596024 0.3962443 0.0284711 0.0149643
4 0.3697160 0.2230861 0.0284710 0.0149643
