17 0.5395487 0.4945689 0.0281326 0.0157505
7 0.6111590 0.1908089 0.0281326 0.0157505
32 0.4634628 0.3415639 0.5178958 0.4320143
19 0.3247178 0.1908089 0.0281326 0.0157505
27 0.2531075 0.2515609 0.0281326 0.0157505
2 0.6111590 0.2515609 0.0281326 0.0157505
30 0.2531075 0.3123129 0.0281326 0.0157505
13 0.3247178 0.3123129 0.0281326 0.0157505
33 0.4679384 0.3123129 0.0664953 0.0607520
17 0.4679384 0.3123129 0.0281326 0.0157505
8 0.6111590 0.3123129 0.0281326 0.0157505
26 0.4679384 0.3730649 0.0281326 0.0157505
4 0.6111590 0.3730649 0.0281326 0.0157505
25 0.2531075 0.4338169 0.0281326 0.0157505
24 0.3247178 0.4338169 0.0281326 0.0157505
17 0.3963281 0.4338169 0.0281326 0.0157505
22 0.4679384 0.4338169 0.0281326 0.0157505
12 0.2531075 0.4945689 0.0281326 0.0157505
10 0.3963281 0.4945689 0.0281326 0.0157505
29 0.4679384 0.4945689 0.0281326 0.0157505
14 0.6111590 0.4945689 0.0281326 0.0157505
27 0.3963281 0.1908089 0.0281326 0.0157505
16 0.4679384 0.1908089 0.0281326 0.0157505
13 0.6827693 0.3123129 0.0281326 0.0157505
19 0.3247178 0.4945689 0.0281326 0.0157505
4 0.6827693 0.4338169 0.0281326 0.0157505
15 0.3247178 0.2515609 0.0281326 0.0157505
26 0.5395487 0.1908089 0.0281326 0.0157505
23 0.2531075 0.1908089 0.0281326 0.0157505
21 0.5395487 0.3123129 0.0281326 0.0157505
21 0.6827693 0.2515609 0.0281326 0.0157505
18 0.5395487 0.2515609 0.0281326 0.0157505
11 0.6111590 0.4338169 0.0281326 0.0157505
30 0.3247178 0.3730649 0.0281326 0.0157505
4 0.5395487 0.3730649 0.0281326 0.0157505
19 0.3963281 0.3123129 0.0281326 0.0157505
31 0.6827693 0.1908089 0.0281326 0.0157505
15 0.6827693 0.4945689 0.0281326 0.0157505
25 0.5395487 0.4338169 0.0281326 0.0157505
14 0.2531075 0.3730649 0.0281326 0.0157505
11 0.4679384 0.2515609 0.0281326 0.0157505
15 0.6827693 0.3730649 0.0281326 0.0157505
6 0.3963281 0.3730649 0.0281326 0.0157505
2 0.3963281 0.2515609 0.0281326 0.0157505
