20 0.7911118 0.2855175 0.0268172 0.0154555
14 0.6545880 0.3451316 0.0268172 0.0154555
32 0.6503217 0.4334488 0.4936798 0.4239225
28 0.5180643 0.2855175 0.0268172 0.0154555
22 0.4498024 0.3451316 0.0268172 0.0154555
33 0.5180643 0.3451316 0.0633860 0.0596141
16 0.5180643 0.3451316 0.0268172 0.0154555
13 0.8593737 0.3451316 0.0268172 0.0154555
14 0.5180643 0.4047457 0.0268172 0.0154555
30 0.6545880 0.4047457 0.0268172 0.0154555
31 0.4498024 0.4643598 0.0268172 0.0154555
10 0.6545880 0.4643598 0.0268172 0.0154555
12 0.7911118 0.4643598 0.0268172 0.0154555
29 0.8593737 0.5239739 0.0268172 0.0154555
20 0.7228500 0.2855175 0.0268172 0.0154555
27 0.7911118 0.4047457 0.0268172 0.0154555
17 0.5180643 0.4643598 0.0268172 0.0154555
1 0.6545880 0.5239739 0.0268172 0.0154555
5 0.7228500 0.4047457 0.0268172 0.0154555
25 0.4498024 0.2855175 0.0268172 0.0154555
26 0.8593737 0.2855175 0.0268172 0.0154555
29 0.4498024 0.4047457 0.0268172 0.0154555
7 0.7228500 0.5239739 0.0268172 0.0154555
7 0.8593737 0.4643598 0.0268172 0.0154555
7 0.7911118 0.5239739 0.0268172 0.0154555
19 0.5863261 0.5239739 0.0268172 0.0154555
14 0.5863261 0.3451316 0.0268172 0.0154555
6 0.7228500 0.3451316 0.0268172 0.0154555
19 0.4498024 0.5239739 0.0268172 0.0154555
21 0.5863261 0.2855175 0.0268172 0.0154555
6 0.5180643 0.5239739 0.0268172 0.0154555
23 0.7228500 0.4643598 0.0268172 0.0154555
19 0.5863261 0.4047457 0.0268172 0.0154555
15 0.7911118 0.3451316 0.0268172 0.0154555
27 0.8593737 0.4047457 0.0268172 0.0154555
27 0.6545880 0.2855175 0.0268172 0.0154555
13 0.5863261 0.4643598 0.0268172 0.0154555
