15 0.4592342 0.7111818 0.0266646 0.0149664
24 0.4592342 0.6534540 0.0266646 0.0149664
32 0.5228655 0.6235211 0.4908707 0.4105083
12 0.3913607 0.4802708 0.0266646 0.0149665
16 0.5949811 0.4802708 0.0266645 0.0149665
17 0.6628546 0.4802708 0.0266646 0.0149665
26 0.3913607 0.5379985 0.0266646 0.0149665
9 0.5949811 0.5379985 0.0266645 0.0149665
6 0.3234872 0.5957263 0.0266646 0.0149664
27 0.3913607 0.5957263 0.0266646 0.0149664
5 0.5949811 0.5957263 0.0266645 0.0149664
22 0.6628546 0.6534540 0.0266646 0.0149664
33 0.5271076 0.7111817 0.0630254 0.0577277
22 0.5271076 0.7111818 0.0266646 0.0149664
12 0.4592342 0.5379985 0.0266646 0.0149665
15 0.5949811 0.6534540 0.0266645 0.0149664
5 0.5949811 0.7111818 0.0266645 0.0149664
5 0.7307281 0.6534540 0.0266646 0.0149664
30 0.6628546 0.5379985 0.0266646 0.0149665
10 0.6628546 0.7111818 0.0266646 0.0149664
9 0.7307281 0.7111818 0.0266646 0.0149664
24 0.7307281 0.5957263 0.0266646 0.0149664
31 0.5271076 0.4802708 0.0266646 0.0149665
5 0.3234872 0.5379985 0.0266646 0.0149665
20 0.3234872 0.6534540 0.0266646 0.0149664
24 0.5271076 0.5379985 0.0266646 0.0149665
27 0.3234872 0.7111818 0.0266646 0.0149664
9 0.7307281 0.4802708 0.0266646 0.0149665
12 0.3913607 0.7111818 0.0266646 0.0149664
12 0.3234872 0.4802708 0.0266646 0.0149665
8 0.5271076 0.5957263 0.0266646 0.0149664
20 0.3913607 0.6534540 0.0266646 0.0149664
3 0.4592342 0.4802708 0.0266646 0.0149665
27 0.5271076 0.6534540 0.0266646 0.0149664
25 0.7307281 0.5379985 0.0266646 0.0149665
4 0.6628546 0.5957263 0.0266646 0.0149664
18 0.4592342 0.5957263 0.0266646 0.0149664
