7 0.5535123 0.6760529 0.0280069 0.0160400
4 0.6248025 0.5523154 0.0280068 0.0160400
32 0.5490567 0.5821040 0.5155807 0.4399555
31 0.6960927 0.4285779 0.0280069 0.0160400
10 0.7673828 0.4285779 0.0280069 0.0160400
9 0.3396418 0.4904466 0.0280068 0.0160400
19 0.4109320 0.4904466 0.0280069 0.0160400
11 0.7673828 0.4904466 0.0280069 0.0160400
33 0.3396418 0.5523154 0.0661980 0.0618688
20 0.3396418 0.5523154 0.0280068 0.0160400
16 0.5535123 0.5523154 0.0280069 0.0160400
24 0.3396418 0.6141842 0.0280068 0.0160400
2 0.4822222 0.6141842 0.0280068 0.0160400
12 0.6248025 0.6141842 0.0280068 0.0160400
6 0.6960927 0.6141842 0.0280069 0.0160400
25 0.3396418 0.6760529 0.0280068 0.0160400
23 0.4822222 0.6760529 0.0280068 0.0160400
17 0.4822222 0.7379216 0.0280068 0.0160400
18 0.6248025 0.7379216 0.0280068 0.0160400
21 0.6960927 0.7379216 0.0280069 0.0160400
22 0.7673828 0.7379216 0.0280069 0.0160400
15 0.4109320 0.4285779 0.0280069 0.0160400
21 0.6248025 0.4904466 0.0280068 0.0160400
31 0.3396418 0.7379216 0.0280068 0.0160400
27 0.4822222 0.4904466 0.0280068 0.0160400
4 0.4109320 0.5523154 0.0280069 0.0160400
17 0.4109320 0.6760529 0.0280069 0.0160400
21 0.4822222 0.4285779 0.0280068 0.0160400
25 0.5535123 0.7379216 0.0280069 0.0160400
27 0.7673828 0.6141842 0.0280069 0.0160400
1 0.6248025 0.6760529 0.0280068 0.0160400
28 0.5535123 0.6141842 0.0280069 0.0160400
2 0.6960927 0.6760529 0.0280069 0.0160400
23 0.6248025 0.4285779 0.0280068 0.0160400
25 0.4109320 0.6141842 0.0280069 0.0160400
15 0.4822222 0.5523154 0.0280068 0.0160400
6 0.5535123 0.4285779 0.0280069 0.0160400
24 0.6960927 0.4904466 0.0280069 0.0160400
23 0.7673828 0.5523154 0.0280069 0.0160400
6 0.5535123 0.4904466 0.0280069 0.0160400
13 0.7673828 0.6760529 0.0280069 0.0160400
14 0.4109320 0.7379216 0.0280069 0.0160400
16 0.6960927 0.5523154 0.0280069 0.0160400
23 0.3396418 0.4285779 0.0280068 0.0160400
