15 0.4121410 0.4168168 0.0268245 0.0155411
13 0.6852628 0.5367054 0.0268244 0.0155411
32 0.4761539 0.4456788 0.4938139 0.4262707
23 0.4121410 0.2969282 0.0268245 0.0155411
9 0.4804214 0.2969282 0.0268245 0.0155411
27 0.5487019 0.2969282 0.0268244 0.0155411
15 0.3438605 0.3568725 0.0268245 0.0155411
12 0.4121410 0.3568725 0.0268245 0.0155411
29 0.5487019 0.3568725 0.0268244 0.0155411
24 0.6852628 0.3568725 0.0268244 0.0155411
19 0.2755801 0.4168168 0.0268245 0.0155411
31 0.3438605 0.4168168 0.0268245 0.0155411
21 0.4804214 0.4168168 0.0268245 0.0155411
5 0.5487019 0.4168168 0.0268244 0.0155411
28 0.6852628 0.4168168 0.0268244 0.0155411
13 0.4121410 0.4767611 0.0268245 0.0155411
33 0.6169823 0.5367054 0.0634032 0.0599443
18 0.6169823 0.5367054 0.0268245 0.0155411
3 0.3438605 0.5966497 0.0268245 0.0155411
14 0.6169823 0.5966497 0.0268245 0.0155411
20 0.6852628 0.5966497 0.0268244 0.0155411
18 0.2755801 0.3568725 0.0268245 0.0155411
21 0.5487019 0.5367054 0.0268244 0.0155411
30 0.6852628 0.2969282 0.0268244 0.0155411
20 0.2755801 0.2969282 0.0268245 0.0155411
13 0.2755801 0.5367054 0.0268245 0.0155411
14 0.4804214 0.5966497 0.0268245 0.0155411
20 0.5487019 0.4767611 0.0268244 0.0155411
21 0.4804214 0.3568725 0.0268245 0.0155411
13 0.5487019 0.5966497 0.0268244 0.0155411
30 0.3438605 0.2969282 0.0268245 0.0155411
6 0.4121410 0.5367054 0.0268245 0.0155411
6 0.6169823 0.2969282 0.0268245 0.0155411
27 0.6169823 0.4168168 0.0268245 0.0155411
17 0.2755801 0.4767611 0.0268245 0.0155411
19 0.3438605 0.4767611 0.0268245 0.0155411
17 0.4804214 0.5367054 0.0268245 0.0155411
5 0.6852628 0.4767611 0.0268244 0.0155411
16 0.3438605 0.5367054 0.0268245 0.0155411
4 0.6169823 0.3568725 0.0268245 0.0155411
2 0.4121410 0.5966497 0.0268245 0.0155411
14 0.6169823 0.4767611 0.0268245 0.0155411
24 0.2755801 0.5966497 0.0268245 0.0155411
25 0.4804214 0.4767611 0.0268245 0.0155411
