15 0.5990912 0.3824212 0.0286386 0.0149923
31 0.4532944 0.3245938 0.0286386 0.0149923
32 0.5945350 0.4102641 0.5272114 0.4112175
16 0.5990912 0.2667663 0.0286386 0.0149923
22 0.6719896 0.2667663 0.0286387 0.0149923
11 0.5261928 0.3245938 0.0286387 0.0149923
8 0.4532944 0.3824212 0.0286386 0.0149923
29 0.7448878 0.3824212 0.0286387 0.0149923
12 0.8177863 0.3824212 0.0286386 0.0149923
1 0.4532944 0.4402487 0.0286386 0.0149923
33 0.7448878 0.4402487 0.0676913 0.0578274
15 0.7448878 0.4402487 0.0286387 0.0149923
15 0.4532944 0.4980762 0.0286386 0.0149923
5 0.7448878 0.4980762 0.0286387 0.0149923
17 0.3803961 0.4402487 0.0286386 0.0149923
17 0.5261928 0.2667663 0.0286387 0.0149923
17 0.3803961 0.2667663 0.0286386 0.0149923
15 0.6719896 0.4402487 0.0286387 0.0149923
26 0.5261928 0.3824212 0.0286387 0.0149923
31 0.8177863 0.4402487 0.0286386 0.0149923
27 0.5261928 0.4980762 0.0286387 0.0149923
10 0.8177863 0.3245938 0.0286386 0.0149923
8 0.7448878 0.2667663 0.0286387 0.0149923
7 0.6719896 0.3245938 0.0286387 0.0149923
4 0.4532944 0.2667663 0.0286386 0.0149923
31 0.6719896 0.4980762 0.0286387 0.0149923
31 0.5990912 0.3245938 0.0286386 0.0149923
21 0.6719896 0.3824212 0.0286387 0.0149923
24 0.3803961 0.3824212 0.0286386 0.0149923
27 0.8177863 0.2667663 0.0286386 0.0149923
3 0.5261928 0.4402487 0.0286387 0.0149923
3 0.5990912 0.4980762 0.0286386 0.0149923
13 0.8177863 0.4980762 0.0286386 0.0149923
27 0.7448878 0.3245938 0.0286387 0.0149923
30 0.3803961 0.4980762 0.0286386 0.0149923
16 0.5990912 0.4402487 0.0286386 0.0149923
12 0.3803961 0.3245938 0.0286386 0.0149923
