22 0.4189857 0.4419110 0.0283416 0.0159001
19 0.5632702 0.4419110 0.0283416 0.0159001
32 0.5587613 0.3487818 0.5217431 0.4361171
20 0.4189857 0.1965951 0.0283416 0.0159001
33 0.4911279 0.1965951 0.0669893 0.0613290
1 0.4911280 0.1965951 0.0283416 0.0159001
23 0.7796970 0.1965951 0.0283416 0.0159001
10 0.7075548 0.2579241 0.0283416 0.0159001
1 0.4911280 0.3192530 0.0283416 0.0159001
14 0.5632702 0.3192530 0.0283416 0.0159001
2 0.3468434 0.3805820 0.0283416 0.0159001
9 0.4911280 0.3805820 0.0283416 0.0159001
26 0.5632702 0.3805820 0.0283416 0.0159001
3 0.6354125 0.3805820 0.0283416 0.0159001
10 0.5632702 0.1965951 0.0283416 0.0159001
17 0.7796970 0.4419110 0.0283416 0.0159001
31 0.4189857 0.3192530 0.0283416 0.0159001
11 0.5632702 0.2579241 0.0283416 0.0159001
3 0.3468434 0.1965951 0.0283416 0.0159001
28 0.7075548 0.1965951 0.0283416 0.0159001
20 0.4911280 0.2579241 0.0283416 0.0159001
28 0.6354125 0.1965951 0.0283416 0.0159001
16 0.3468434 0.2579241 0.0283416 0.0159001
29 0.7075548 0.3805820 0.0283416 0.0159001
15 0.3468434 0.4419110 0.0283416 0.0159001
22 0.4911280 0.4419110 0.0283416 0.0159001
25 0.7075548 0.4419110 0.0283416 0.0159001
19 0.6354125 0.2579241 0.0283416 0.0159001
11 0.6354125 0.4419110 0.0283416 0.0159001
15 0.7796970 0.3805820 0.0283416 0.0159001
16 0.4189857 0.2579241 0.0283416 0.0159001
28 0.3468434 0.3192530 0.0283416 0.0159001
13 0.7796970 0.3192530 0.0283416 0.0159001
11 0.7796970 0.2579241 0.0283416 0.0159001
1 0.7075548 0.3192530 0.0283416 0.0159001
24 0.6354125 0.3192530 0.0283416 0.0159001
10 0.4189857 0.3805820 0.0283416 0.0159001
