11 0.7619395 0.5782123 0.0285828 0.0173044
8 0.4709147 0.5782123 0.0285828 0.0173044
32 0.5443206 0.4784236 0.5261834 0.4429925
9 0.3254023 0.3290290 0.0285828 0.0173044
11 0.3981585 0.3290290 0.0285828 0.0173044
31 0.6164272 0.3290290 0.0285828 0.0173044
1 0.3981585 0.3907480 0.0285828 0.0161508
15 0.6164272 0.3907480 0.0285828 0.0161508
29 0.3254023 0.5159164 0.0285828 0.0173043
5 0.3981585 0.5159164 0.0285828 0.0173043
33 0.4709147 0.5153396 0.0675593 0.0622959
29 0.4709147 0.5159164 0.0285828 0.0173043
18 0.5436710 0.5159164 0.0285828 0.0173043
8 0.3254023 0.5782123 0.0285828 0.0173044
30 0.3981585 0.5782123 0.0285828 0.0173044
27 0.6164272 0.5159164 0.0285828 0.0173043
6 0.5436710 0.3907480 0.0285828 0.0161508
29 0.3254023 0.3907480 0.0285828 0.0161508
29 0.6891833 0.5159164 0.0285828 0.0173043
29 0.6891833 0.5782123 0.0285828 0.0173044
1 0.6891833 0.4536206 0.0285828 0.0173044
11 0.5436710 0.3290290 0.0285828 0.0173044
28 0.7619395 0.4536206 0.0285828 0.0173044
8 0.6164272 0.5782123 0.0285828 0.0173044
28 0.4709147 0.3907480 0.0285828 0.0161508
12 0.7619395 0.5159164 0.0285828 0.0173043
24 0.3981585 0.4536206 0.0285828 0.0173044
25 0.3254023 0.4536206 0.0285828 0.0173044
12 0.5436710 0.4536206 0.0285828 0.0173044
24 0.7619395 0.3290290 0.0285828 0.0173044
9 0.5436710 0.5782123 0.0285828 0.0173044
17 0.4709147 0.3290290 0.0285828 0.0173044
26 0.6164272 0.4536206 0.0285828 0.0173044
1 0.6891833 0.3907480 0.0285828 0.0161508
7 0.6891833 0.3290290 0.0285828 0.0173044
6 0.7619395 0.3907480 0.0285828 0.0161508
11 0.4709147 0.4536206 0.0285828 0.0173044
