28 0.3149915 0.4121281 0.0274864 0.0173118
25 0.3849570 0.2869060 0.0274865 0.0161577
32 0.3156162 0.3746192 0.5060008 0.4431826
18 0.1050949 0.2251605 0.0274865 0.0173118
14 0.1750604 0.2251605 0.0274865 0.0173118
33 0.1750604 0.2869060 0.0649680 0.0623225
5 0.1750604 0.2869060 0.0274865 0.0161577
10 0.2450260 0.2869060 0.0274865 0.0161577
5 0.4549226 0.2869060 0.0274865 0.0161577
11 0.5248882 0.2869060 0.0274865 0.0161577
19 0.2450260 0.3498056 0.0274865 0.0173118
13 0.3149915 0.3498056 0.0274864 0.0173118
2 0.3849570 0.4121281 0.0274865 0.0173118
24 0.5248882 0.4121281 0.0274865 0.0173118
12 0.4549226 0.3498056 0.0274865 0.0173118
24 0.3849570 0.2251605 0.0274865 0.0173118
21 0.1750604 0.3498056 0.0274865 0.0173118
11 0.5248882 0.4744507 0.0274865 0.0173118
31 0.4549226 0.4121281 0.0274865 0.0173118
7 0.2450260 0.4121281 0.0274865 0.0173118
16 0.3149915 0.2869060 0.0274864 0.0161577
12 0.3849570 0.4744507 0.0274865 0.0173118
12 0.1750604 0.4744507 0.0274865 0.0173118
9 0.5248882 0.2251605 0.0274865 0.0173118
6 0.1750604 0.4121281 0.0274865 0.0173118
19 0.3149915 0.2251605 0.0274864 0.0173118
26 0.2450260 0.4744507 0.0274865 0.0173118
28 0.5248882 0.3498056 0.0274865 0.0173118
16 0.4549226 0.4744507 0.0274865 0.0173118
18 0.1050949 0.2869060 0.0274865 0.0161577
22 0.1050949 0.4121281 0.0274865 0.0173118
20 0.2450260 0.2251605 0.0274865 0.0173118
11 0.1050949 0.4744507 0.0274865 0.0173118
27 0.4549226 0.2251605 0.0274865 0.0173118
29 0.3149915 0.4744507 0.0274864 0.0173118
3 0.1050949 0.3498056 0.0274865 0.0173118
10 0.3849570 0.3498056 0.0274865 0.0173118
