1 0.4281495 0.4441139 0.0285914 0.0150237
14 0.4281495 0.5020626 0.0285914 0.0150237
32 0.2780445 0.4720151 0.5263421 0.4120801
7 0.1370369 0.3282163 0.0285914 0.0150237
8 0.2098150 0.3282163 0.0285914 0.0150237
20 0.2825932 0.3282163 0.0285914 0.0150237
18 0.5009277 0.3282163 0.0285914 0.0150237
5 0.3553714 0.3861651 0.0285914 0.0150237
12 0.0642587 0.4441139 0.0285914 0.0150237
25 0.5009277 0.4441139 0.0285914 0.0150237
27 0.1370369 0.5020626 0.0285914 0.0150237
29 0.2098150 0.5600115 0.0285914 0.0150237
33 0.2825932 0.5600115 0.0675797 0.0579488
4 0.2825932 0.5600115 0.0285914 0.0150237
5 0.5009277 0.5020626 0.0285914 0.0150237
29 0.2098150 0.5020626 0.0285914 0.0150237
3 0.2825932 0.3861651 0.0285914 0.0150237
23 0.0642587 0.3282163 0.0285914 0.0150237
16 0.1370369 0.3861651 0.0285914 0.0150237
20 0.5009277 0.5600115 0.0285914 0.0150237
17 0.2825932 0.4441139 0.0285914 0.0150237
4 0.0642587 0.3861651 0.0285914 0.0150237
16 0.2098150 0.4441139 0.0285914 0.0150237
15 0.3553714 0.4441139 0.0285914 0.0150237
20 0.4281495 0.5600115 0.0285914 0.0150237
14 0.2825932 0.5020626 0.0285914 0.0150237
31 0.5009277 0.3861651 0.0285914 0.0150237
23 0.4281495 0.3861651 0.0285914 0.0150237
19 0.3553714 0.3282163 0.0285914 0.0150237
25 0.1370369 0.4441139 0.0285914 0.0150237
17 0.4281495 0.3282163 0.0285914 0.0150237
27 0.2098150 0.3861651 0.0285914 0.0150237
3 0.3553714 0.5020626 0.0285914 0.0150237
4 0.3553714 0.5600115 0.0285914 0.0150237
31 0.0642587 0.5020626 0.0285914 0.0150237
21 0.1370369 0.5600115 0.0285914 0.0150237
17 0.0642587 0.5600115 0.0285914 0.0150237
