26 0.0715380 0.4362826 0.0280594 0.0152165
8 0.4286572 0.4949745 0.0280594 0.0152164
32 0.2813455 0.4645417 0.5165474 0.4173648
25 0.1429618 0.3188988 0.0280594 0.0152164
30 0.2858095 0.3188988 0.0280594 0.0152164
15 0.3572333 0.3188988 0.0280594 0.0152164
11 0.1429618 0.3775907 0.0280594 0.0152164
2 0.4286572 0.3775907 0.0280594 0.0152164
8 0.1429618 0.4362826 0.0280594 0.0152165
14 0.2858095 0.4362826 0.0280594 0.0152165
27 0.4286572 0.4362826 0.0280594 0.0152165
9 0.0715380 0.4949745 0.0280594 0.0152164
21 0.2143856 0.4949745 0.0280594 0.0152164
12 0.5000810 0.4949745 0.0280594 0.0152164
33 0.3572333 0.5536664 0.0663221 0.0586919
7 0.3572333 0.5536665 0.0280594 0.0152164
24 0.5000810 0.5536665 0.0280594 0.0152164
23 0.0715380 0.6123584 0.0280594 0.0152164
5 0.2143856 0.6123584 0.0280594 0.0152164
10 0.3572333 0.6123584 0.0280594 0.0152164
31 0.5000810 0.6123584 0.0280594 0.0152164
31 0.2143856 0.5536665 0.0280594 0.0152164
27 0.3572333 0.4362826 0.0280594 0.0152165
30 0.2143856 0.3188988 0.0280594 0.0152164
16 0.4286572 0.3188988 0.0280594 0.0152164
18 0.2858095 0.6123584 0.0280594 0.0152164
8 0.0715380 0.3188988 0.0280594 0.0152164
10 0.0715380 0.3775907 0.0280594 0.0152164
24 0.4286572 0.6123584 0.0280594 0.0152164
22 0.1429618 0.4949745 0.0280594 0.0152164
16 0.3572333 0.3775907 0.0280594 0.0152164
7 0.5000810 0.3775907 0.0280594 0.0152164
26 0.5000810 0.3188988 0.0280594 0.0152164
16 0.2858095 0.4949745 0.0280594 0.0152164
17 0.2858095 0.5536665 0.0280594 0.0152164
18 0.2858095 0.3775907 0.0280594 0.0152164
18 0.1429618 0.6123584 0.0280594 0.0152164
22 0.1429618 0.5536665 0.0280594 0.0152164
9 0.4286572 0.5536665 0.0280594 0.0152164
11 0.2143856 0.4362826 0.0280594 0.0152165
11 0.2143856 0.3775907 0.0280594 0.0152164
27 0.5000810 0.4362826 0.0280594 0.0152165
22 0.0715380 0.5536665 0.0280594 0.0152164
31 0.3572333 0.4949745 0.0280594 0.0152164
