6 0.2384967 0.4795482 0.0277322 0.0158531
21 0.3090876 0.6018434 0.0277321 0.0158531
32 0.3752667 0.5089896 0.5105239 0.4348275
26 0.2384967 0.3572529 0.0277322 0.0158531
15 0.3090876 0.3572529 0.0277321 0.0158531
23 0.3796786 0.3572529 0.0277322 0.0158531
30 0.4502696 0.3572529 0.0277322 0.0158531
33 0.3090877 0.4184006 0.0655487 0.0611476
31 0.3090876 0.4184006 0.0277321 0.0158531
31 0.5914515 0.4184006 0.0277322 0.0158531
2 0.3090876 0.4795482 0.0277321 0.0158531
9 0.3796786 0.4795482 0.0277322 0.0158531
13 0.5914515 0.4795482 0.0277322 0.0158531
4 0.3090876 0.5406958 0.0277321 0.0158531
24 0.5208605 0.3572529 0.0277322 0.0158531
28 0.4502696 0.4795482 0.0277322 0.0158531
21 0.4502696 0.4184006 0.0277322 0.0158531
19 0.4502696 0.5406958 0.0277322 0.0158531
4 0.5208605 0.5406958 0.0277322 0.0158531
29 0.1679057 0.3572529 0.0277322 0.0158531
18 0.3796786 0.6018434 0.0277322 0.0158531
14 0.2384967 0.6018434 0.0277322 0.0158531
27 0.5914515 0.6018434 0.0277322 0.0158531
12 0.5208605 0.4795482 0.0277322 0.0158531
25 0.1679057 0.6018434 0.0277322 0.0158531
30 0.2384967 0.5406958 0.0277322 0.0158531
13 0.4502696 0.6018434 0.0277322 0.0158531
31 0.5208605 0.6018434 0.0277322 0.0158531
15 0.3796786 0.5406958 0.0277322 0.0158531
2 0.2384967 0.4184006 0.0277322 0.0158531
17 0.3796786 0.4184006 0.0277322 0.0158531
10 0.5208605 0.4184006 0.0277322 0.0158531
14 0.1679057 0.4795482 0.0277322 0.0158531
16 0.1679057 0.4184006 0.0277322 0.0158531
4 0.5914515 0.3572529 0.0277322 0.0158531
1 0.1679057 0.5406958 0.0277322 0.0158531
22 0.5914515 0.5406958 0.0277322 0.0158531
