4 0.4717105 0.4346332 0.0284156 0.0154214
14 0.3993800 0.4346332 0.0284156 0.0154214
32 0.3225287 0.5227556 0.5231051 0.4229873
31 0.1823882 0.3751507 0.0284156 0.0154214
21 0.1823882 0.4346332 0.0284156 0.0154214
33 0.3993800 0.4941158 0.0671641 0.0594826
10 0.3993800 0.4941159 0.0284156 0.0154214
7 0.1100576 0.5535984 0.0284156 0.0154214
24 0.5440411 0.5535984 0.0284156 0.0154214
3 0.1100576 0.6130811 0.0284156 0.0154214
25 0.1823882 0.6130811 0.0284156 0.0154214
17 0.2547188 0.6130811 0.0284156 0.0154214
4 0.3270494 0.6130811 0.0284156 0.0154214
19 0.4717105 0.6130811 0.0284156 0.0154214
7 0.3270494 0.4346332 0.0284156 0.0154214
15 0.1100576 0.4941159 0.0284156 0.0154214
26 0.4717105 0.3751507 0.0284156 0.0154214
31 0.5440411 0.4941159 0.0284156 0.0154214
24 0.5440411 0.6130811 0.0284156 0.0154214
20 0.2547188 0.5535984 0.0284156 0.0154214
5 0.4717105 0.5535984 0.0284156 0.0154214
3 0.5440411 0.4346332 0.0284156 0.0154214
12 0.3993800 0.6130811 0.0284156 0.0154214
18 0.3993800 0.5535984 0.0284156 0.0154214
13 0.1100576 0.3751507 0.0284156 0.0154214
18 0.3270494 0.4941159 0.0284156 0.0154214
7 0.5440411 0.3751507 0.0284156 0.0154214
31 0.2547188 0.4346332 0.0284156 0.0154214
2 0.2547188 0.3751507 0.0284156 0.0154214
28 0.4717105 0.4941159 0.0284156 0.0154214
19 0.3270494 0.3751507 0.0284156 0.0154214
15 0.1100576 0.4346332 0.0284156 0.0154214
19 0.1823882 0.4941159 0.0284156 0.0154214
1 0.1823882 0.5535984 0.0284156 0.0154214
8 0.2547188 0.4941159 0.0284156 0.0154214
13 0.3270494 0.5535984 0.0284156 0.0154214
25 0.3993800 0.3751507 0.0284156 0.0154214
