19 0.2131266 0.7675428 0.0269986 0.0148138
17 0.4880219 0.5389866 0.0269986 0.0148138
32 0.2824640 0.6194045 0.4970205 0.4063221
12 0.0756790 0.4823766 0.0269986 0.0158720
7 0.2131266 0.4823766 0.0269986 0.0158720
2 0.4192980 0.4823766 0.0269986 0.0158720
19 0.0756790 0.5389866 0.0269986 0.0148138
23 0.2131266 0.5389866 0.0269986 0.0148138
9 0.1444028 0.5966547 0.0269986 0.0158719
17 0.2131266 0.5966547 0.0269986 0.0158719
22 0.3505742 0.5966547 0.0269986 0.0158719
8 0.4192980 0.5966547 0.0269986 0.0158719
25 0.2131266 0.6537937 0.0269986 0.0158720
33 0.2818504 0.6532647 0.0638150 0.0571391
25 0.2818504 0.6537937 0.0269986 0.0158720
28 0.4192980 0.6537937 0.0269986 0.0158720
21 0.2131266 0.7109328 0.0269986 0.0158720
20 0.3505742 0.7109328 0.0269986 0.0158720
27 0.4880219 0.7109328 0.0269986 0.0158720
24 0.1444028 0.7675428 0.0269986 0.0148138
3 0.2818504 0.7675428 0.0269986 0.0148138
21 0.4880219 0.6537937 0.0269986 0.0158720
28 0.1444028 0.4823766 0.0269986 0.0158720
11 0.2818504 0.5966547 0.0269986 0.0158719
23 0.4880219 0.5966547 0.0269986 0.0158719
18 0.3505742 0.7675428 0.0269986 0.0148138
28 0.4880219 0.7675428 0.0269986 0.0148138
30 0.0756790 0.6537937 0.0269986 0.0158720
7 0.1444028 0.7109328 0.0269986 0.0158720
9 0.0756790 0.7675428 0.0269986 0.0148138
6 0.1444028 0.6537937 0.0269986 0.0158720
19 0.0756790 0.7109328 0.0269986 0.0158720
31 0.3505742 0.4823766 0.0269986 0.0158720
26 0.1444028 0.5389866 0.0269986 0.0148138
16 0.4192980 0.5389866 0.0269986 0.0148138
1 0.3505742 0.5389866 0.0269986 0.0148138
13 0.3505742 0.6537937 0.0269986 0.0158720
8 0.2818504 0.7109328 0.0269986 0.0158720
27 0.4192980 0.7109328 0.0269986 0.0158720
12 0.0756790 0.5966547 0.0269986 0.0158719
27 0.2818504 0.5389866 0.0269986 0.0148138
19 0.4880219 0.4823766 0.0269986 0.0158720
3 0.4192980 0.7675428 0.0269986 0.0148138
20 0.2818504 0.4823766 0.0269986 0.0158720
