19 0.2068472 0.2966053 0.0272888 0.0164378
8 0.4846970 0.4149573 0.0272888 0.0164378
32 0.4158548 0.4385181 0.5023624 0.4208073
12 0.4152346 0.2966053 0.0272888 0.0164378
22 0.5541595 0.2966053 0.0272889 0.0164378
4 0.4846970 0.3552334 0.0272888 0.0153419
33 0.6236219 0.3552334 0.0645008 0.0591760
4 0.6236219 0.3552334 0.0272888 0.0153419
26 0.3457721 0.4149573 0.0272888 0.0164378
9 0.3457721 0.4741333 0.0272888 0.0164378
21 0.5541595 0.4741333 0.0272889 0.0164378
28 0.2763096 0.5333094 0.0272888 0.0164378
25 0.4152346 0.5333094 0.0272888 0.0164378
6 0.4846970 0.5333094 0.0272888 0.0164378
30 0.2763096 0.4149573 0.0272888 0.0164378
4 0.2068472 0.5333094 0.0272888 0.0164378
3 0.6236219 0.4741333 0.0272888 0.0164378
18 0.4152346 0.3552334 0.0272888 0.0153419
21 0.4846970 0.2966053 0.0272888 0.0164378
30 0.4846970 0.4741333 0.0272888 0.0164378
5 0.4152346 0.4149573 0.0272888 0.0164378
8 0.2763096 0.3552334 0.0272888 0.0153419
16 0.5541595 0.3552334 0.0272889 0.0153419
18 0.6236219 0.4149573 0.0272888 0.0164378
22 0.2763096 0.2966053 0.0272888 0.0164378
26 0.3457721 0.3552334 0.0272888 0.0153419
31 0.2068472 0.3552334 0.0272888 0.0153419
13 0.2763096 0.4741333 0.0272888 0.0164378
21 0.6236219 0.5333094 0.0272888 0.0164378
4 0.4152346 0.4741333 0.0272888 0.0164378
3 0.2068472 0.4741333 0.0272888 0.0164378
31 0.3457721 0.5333094 0.0272888 0.0164378
17 0.5541595 0.4149573 0.0272889 0.0164378
23 0.6236219 0.2966053 0.0272888 0.0164378
27 0.5541595 0.5333094 0.0272889 0.0164378
26 0.3457721 0.2966053 0.0272888 0.0164378
9 0.2068472 0.4149573 0.0272888 0.0164378
