14 0.6042451 0.3719053 0.0265364 0.0154012
19 0.4691508 0.3125008 0.0265364 0.0154012
32 0.5324762 0.4599119 0.4885106 0.4224318
21 0.4016036 0.3125008 0.0265364 0.0154012
16 0.5366979 0.3125008 0.0265364 0.0154012
14 0.7393393 0.3125008 0.0265363 0.0154012
5 0.6717921 0.3719053 0.0265363 0.0154012
33 0.7393393 0.3719053 0.0627224 0.0594045
15 0.7393393 0.3719053 0.0265363 0.0154012
30 0.3340565 0.4313098 0.0265364 0.0154011
17 0.6042451 0.4313098 0.0265364 0.0154011
29 0.7393393 0.4907143 0.0265363 0.0154011
1 0.4016036 0.5501187 0.0265364 0.0154012
20 0.7393393 0.5501187 0.0265363 0.0154012
24 0.3340565 0.3719053 0.0265364 0.0154012
20 0.4016036 0.4907143 0.0265364 0.0154011
14 0.5366979 0.4907143 0.0265364 0.0154011
27 0.6717921 0.4313098 0.0265363 0.0154011
1 0.4691508 0.3719053 0.0265364 0.0154012
28 0.6042451 0.3125008 0.0265364 0.0154012
15 0.3340565 0.5501187 0.0265364 0.0154012
3 0.4691508 0.4313098 0.0265364 0.0154011
18 0.3340565 0.3125008 0.0265364 0.0154012
26 0.6042451 0.5501187 0.0265364 0.0154012
23 0.4016036 0.3719053 0.0265364 0.0154012
13 0.5366979 0.5501187 0.0265364 0.0154012
14 0.6717921 0.4907143 0.0265363 0.0154011
5 0.5366979 0.4313098 0.0265364 0.0154011
30 0.6042451 0.4907143 0.0265364 0.0154011
7 0.5366979 0.3719053 0.0265364 0.0154012
7 0.4016036 0.4313098 0.0265364 0.0154011
25 0.6717921 0.5501187 0.0265363 0.0154012
27 0.4691508 0.4907143 0.0265364 0.0154011
30 0.7393393 0.4313098 0.0265363 0.0154011
28 0.3340565 0.4907143 0.0265364 0.0154011
2 0.4691508 0.5501187 0.0265364 0.0154012
13 0.6717921 0.3125008 0.0265363 0.0154012
