3 0.7586205 0.3913032 0.0286440 0.0172558
25 0.4669726 0.5155451 0.0286440 0.0172558
32 0.6134475 0.5402784 0.5273098 0.4417487
33 0.3940606 0.3907280 0.0677040 0.0621209
25 0.3940606 0.3913032 0.0286440 0.0172558
21 0.4669726 0.3913032 0.0286440 0.0172558
1 0.6127965 0.3913032 0.0286440 0.0172558
3 0.8315324 0.3913032 0.0286440 0.0172558
31 0.7586205 0.4528490 0.0286440 0.0161054
26 0.5398845 0.5155451 0.0286440 0.0172558
23 0.6127965 0.5155451 0.0286440 0.0172558
10 0.7586205 0.5155451 0.0286440 0.0172558
25 0.6127965 0.5776660 0.0286440 0.0172558
5 0.6857085 0.5776660 0.0286440 0.0172558
6 0.6127965 0.6397869 0.0286440 0.0172558
9 0.8315324 0.6397869 0.0286440 0.0172558
28 0.4669726 0.7013326 0.0286440 0.0161055
20 0.5398845 0.7013326 0.0286440 0.0161055
19 0.6127965 0.7013326 0.0286440 0.0161055
30 0.6857085 0.7013326 0.0286440 0.0161055
29 0.8315324 0.7013326 0.0286440 0.0161055
26 0.4669726 0.6397869 0.0286440 0.0172558
22 0.3940606 0.5155451 0.0286440 0.0172558
23 0.3940606 0.7013326 0.0286440 0.0161055
13 0.3940606 0.6397869 0.0286440 0.0172558
28 0.5398845 0.4528490 0.0286440 0.0161054
31 0.7586205 0.6397869 0.0286440 0.0172558
14 0.6857085 0.5155451 0.0286440 0.0172558
2 0.4669726 0.4528490 0.0286440 0.0161054
5 0.4669726 0.5776660 0.0286440 0.0172558
18 0.5398845 0.3913032 0.0286440 0.0172558
24 0.8315324 0.4528490 0.0286440 0.0161054
5 0.3940606 0.5776660 0.0286440 0.0172558
10 0.6857085 0.6397869 0.0286440 0.0172558
17 0.8315324 0.5776660 0.0286440 0.0172558
25 0.6857085 0.3913032 0.0286440 0.0172558
31 0.5398845 0.5776660 0.0286440 0.0172558
25 0.6127965 0.4528490 0.0286440 0.0161054
31 0.7586205 0.7013326 0.0286440 0.0161055
30 0.8315324 0.5155451 0.0286440 0.0172558
30 0.5398845 0.6397869 0.0286440 0.0172558
27 0.3940606 0.4528490 0.0286440 0.0161054
12 0.6857085 0.4528490 0.0286440 0.0161054
6 0.7586205 0.5776660 0.0286440 0.0172558
