28 0.1094388 0.4507953 0.0286380 0.0160020
14 0.4010260 0.4507953 0.0286380 0.0160020
32 0.3235732 0.3570695 0.5272000 0.4389113
22 0.1823356 0.2039077 0.0286380 0.0160020
11 0.3281292 0.2039077 0.0286380 0.0160020
13 0.4739227 0.2039077 0.0286380 0.0160020
17 0.5468195 0.2039077 0.0286380 0.0160020
8 0.4010260 0.3273515 0.0286380 0.0160020
33 0.1823356 0.3890734 0.0676899 0.0617219
9 0.1823356 0.3890735 0.0286380 0.0160020
9 0.3281292 0.3890735 0.0286380 0.0160020
26 0.4739227 0.3890735 0.0286380 0.0160020
25 0.5468195 0.3890735 0.0286380 0.0160020
23 0.2552324 0.4507953 0.0286380 0.0160020
20 0.1094388 0.2039077 0.0286380 0.0160020
25 0.4010260 0.2656296 0.0286380 0.0160020
7 0.4739227 0.3273515 0.0286380 0.0160020
24 0.2552324 0.2039077 0.0286380 0.0160020
13 0.2552324 0.3890735 0.0286380 0.0160020
5 0.1094388 0.3890735 0.0286380 0.0160020
29 0.4010260 0.2039077 0.0286380 0.0160020
13 0.3281292 0.2656296 0.0286380 0.0160020
28 0.1094388 0.2656296 0.0286380 0.0160020
25 0.1823356 0.2656296 0.0286380 0.0160020
14 0.5468195 0.4507953 0.0286380 0.0160020
29 0.5468195 0.3273515 0.0286380 0.0160020
6 0.3281292 0.3273515 0.0286380 0.0160020
29 0.1823356 0.3273515 0.0286380 0.0160020
23 0.2552324 0.3273515 0.0286380 0.0160020
1 0.3281292 0.4507953 0.0286380 0.0160020
15 0.2552324 0.2656296 0.0286380 0.0160020
28 0.1823356 0.4507953 0.0286380 0.0160020
28 0.5468195 0.2656296 0.0286380 0.0160020
20 0.4010260 0.3890735 0.0286380 0.0160020
4 0.4739227 0.4507953 0.0286380 0.0160020
14 0.4739227 0.2656296 0.0286380 0.0160020
2 0.1094388 0.3273515 0.0286380 0.0160020
