1 0.2562466 0.4027965 0.0267946 0.0148326
24 0.1198378 0.2311627 0.0267946 0.0148325
32 0.3201882 0.3731314 0.4932640 0.4068355
22 0.2562466 0.2311627 0.0267946 0.0148325
4 0.4608598 0.2311627 0.0267946 0.0148325
8 0.5290643 0.2311627 0.0267946 0.0148325
11 0.2562466 0.2883740 0.0267946 0.0148325
15 0.3244510 0.3455852 0.0267946 0.0148326
26 0.1880422 0.4027965 0.0267946 0.0148326
18 0.3244510 0.4027965 0.0267946 0.0148326
33 0.3244510 0.4600077 0.0633327 0.0572112
9 0.3244510 0.4600077 0.0267946 0.0148326
5 0.3926554 0.4600077 0.0267946 0.0148326
21 0.5290643 0.4600077 0.0267946 0.0148326
15 0.1880422 0.4600077 0.0267946 0.0148326
11 0.3926554 0.4027965 0.0267946 0.0148326
4 0.4608598 0.3455852 0.0267946 0.0148326
25 0.5290643 0.3455852 0.0267946 0.0148326
22 0.1198378 0.3455852 0.0267946 0.0148326
15 0.1880422 0.3455852 0.0267946 0.0148326
17 0.2562466 0.4600077 0.0267946 0.0148326
24 0.5290643 0.4027965 0.0267946 0.0148326
8 0.3926554 0.3455852 0.0267946 0.0148326
28 0.4608598 0.4027965 0.0267946 0.0148326
4 0.5290643 0.2883740 0.0267946 0.0148325
9 0.1198378 0.2883740 0.0267946 0.0148325
4 0.1198378 0.4027965 0.0267946 0.0148326
4 0.3926554 0.2311627 0.0267946 0.0148325
16 0.1198378 0.4600077 0.0267946 0.0148326
10 0.3244510 0.2311627 0.0267946 0.0148325
21 0.4608598 0.2883740 0.0267946 0.0148325
21 0.3244510 0.2883740 0.0267946 0.0148325
15 0.4608598 0.4600077 0.0267946 0.0148326
2 0.1880422 0.2883740 0.0267946 0.0148325
20 0.2562466 0.3455852 0.0267946 0.0148326
7 0.3926554 0.2883740 0.0267946 0.0148325
7 0.1880422 0.2311627 0.0267946 0.0148325
