21 0.3961488 0.4834135 0.0265004 0.0152839
25 0.5985156 0.6013180 0.0265004 0.0152839
32 0.4593885 0.5117979 0.4878484 0.4192162
22 0.3286932 0.3655089 0.0265004 0.0152839
1 0.2612377 0.4244612 0.0265004 0.0152839
4 0.3961488 0.4244612 0.0265004 0.0152839
21 0.4636044 0.4244612 0.0265004 0.0152839
16 0.5310600 0.4244612 0.0265004 0.0152839
26 0.5985156 0.4244612 0.0265004 0.0152839
33 0.5310600 0.4834135 0.0626373 0.0589523
11 0.5310600 0.4834135 0.0265004 0.0152839
5 0.6659712 0.4834135 0.0265005 0.0152839
8 0.2612377 0.5423657 0.0265004 0.0152839
20 0.3961488 0.5423657 0.0265004 0.0152839
25 0.4636044 0.5423657 0.0265004 0.0152839
7 0.6659712 0.5423657 0.0265005 0.0152839
6 0.2612377 0.6013180 0.0265004 0.0152839
30 0.3961488 0.6013180 0.0265004 0.0152839
12 0.6659712 0.6013180 0.0265005 0.0152839
14 0.3286932 0.6602703 0.0265004 0.0152839
11 0.5310600 0.6602703 0.0265004 0.0152839
1 0.3286932 0.4244612 0.0265004 0.0152839
9 0.4636044 0.6013180 0.0265004 0.0152839
30 0.6659712 0.4244612 0.0265005 0.0152839
14 0.2612377 0.3655089 0.0265004 0.0152839
7 0.4636044 0.3655089 0.0265004 0.0152839
14 0.6659712 0.3655089 0.0265005 0.0152839
31 0.5985156 0.5423657 0.0265004 0.0152839
17 0.5310600 0.6013180 0.0265004 0.0152839
1 0.3286932 0.5423657 0.0265004 0.0152839
7 0.3961488 0.3655089 0.0265004 0.0152839
11 0.3961488 0.6602703 0.0265004 0.0152839
15 0.3286932 0.6013180 0.0265004 0.0152839
20 0.4636044 0.4834135 0.0265004 0.0152839
19 0.4636044 0.6602703 0.0265004 0.0152839
6 0.5985156 0.3655089 0.0265004 0.0152839
14 0.5985156 0.4834135 0.0265004 0.0152839
1 0.5310600 0.3655089 0.0265004 0.0152839
5 0.5310600 0.5423657 0.0265004 0.0152839
4 0.5985156 0.6602703 0.0265004 0.0152839
17 0.6659712 0.6602703 0.0265005 0.0152839
11 0.3286932 0.4834135 0.0265004 0.0152839
22 0.2612377 0.6602703 0.0265004 0.0152839
12 0.2612377 0.4834135 0.0265004 0.0152839
