30 0.5252451 0.4734822 0.0281295 0.0149221
16 0.3820404 0.4734822 0.0281295 0.0149221
32 0.3059628 0.3860817 0.5178387 0.4092902
25 0.0956308 0.2432565 0.0281295 0.0149220
29 0.2388356 0.2432565 0.0281295 0.0149220
33 0.3820403 0.2432565 0.0664879 0.0575564
13 0.3820404 0.2432565 0.0281295 0.0149220
7 0.4536427 0.2432565 0.0281295 0.0149220
24 0.4536427 0.3008129 0.0281295 0.0149220
20 0.0956308 0.3583693 0.0281295 0.0149220
17 0.4536427 0.3583693 0.0281295 0.0149220
14 0.0956308 0.4159258 0.0281295 0.0149221
18 0.1672332 0.4159258 0.0281295 0.0149221
22 0.3104380 0.4159258 0.0281295 0.0149221
19 0.5252451 0.4159258 0.0281295 0.0149221
13 0.4536427 0.4734822 0.0281295 0.0149221
10 0.0956308 0.5310386 0.0281295 0.0149221
3 0.3104380 0.5310386 0.0281295 0.0149221
16 0.3820404 0.5310386 0.0281295 0.0149221
26 0.4536427 0.5310386 0.0281295 0.0149221
30 0.5252451 0.5310386 0.0281295 0.0149221
31 0.3820404 0.4159258 0.0281295 0.0149221
8 0.3104380 0.3008129 0.0281295 0.0149220
2 0.1672332 0.4734822 0.0281295 0.0149221
22 0.1672332 0.2432565 0.0281295 0.0149220
5 0.2388356 0.4159258 0.0281295 0.0149221
21 0.5252451 0.3008129 0.0281295 0.0149220
27 0.2388356 0.3008129 0.0281295 0.0149220
17 0.5252451 0.2432565 0.0281295 0.0149220
29 0.2388356 0.4734822 0.0281295 0.0149221
27 0.2388356 0.3583693 0.0281295 0.0149220
24 0.0956308 0.4734822 0.0281295 0.0149221
7 0.2388356 0.5310386 0.0281295 0.0149221
7 0.3104380 0.3583693 0.0281295 0.0149220
20 0.4536427 0.4159258 0.0281295 0.0149221
31 0.3104380 0.2432565 0.0281295 0.0149220
3 0.1672332 0.3583693 0.0281295 0.0149220
6 0.1672332 0.5310386 0.0281295 0.0149221
25 0.5252451 0.3583693 0.0281295 0.0149220
11 0.3104380 0.4734822 0.0281295 0.0149221
11 0.3820404 0.3583693 0.0281295 0.0149220
31 0.0956308 0.3008129 0.0281295 0.0149220
2 0.1672332 0.3008129 0.0281295 0.0149220
31 0.3820404 0.3008129 0.0281295 0.0149220
