6 0.6354831 0.3309368 0.0283407 0.0160894
2 0.5633434 0.3309368 0.0283406 0.0160894
32 0.6309743 0.4849352 0.5217253 0.4413088
24 0.4190637 0.3309368 0.0283406 0.0160894
33 0.4912035 0.3309368 0.0669870 0.0620591
14 0.4912035 0.3309368 0.0283406 0.0160894
26 0.8519025 0.3309368 0.0283407 0.0160894
30 0.4190637 0.3929959 0.0283406 0.0160894
4 0.7797627 0.3929959 0.0283407 0.0160894
5 0.7076229 0.4550549 0.0283406 0.0160894
11 0.4190637 0.5171140 0.0283406 0.0160893
18 0.4190637 0.5791730 0.0283406 0.0160893
12 0.5633434 0.5791730 0.0283406 0.0160893
7 0.7797627 0.5791730 0.0283407 0.0160893
18 0.8519025 0.5791730 0.0283407 0.0160893
25 0.5633434 0.3929959 0.0283406 0.0160894
30 0.7076229 0.3929959 0.0283406 0.0160894
20 0.4912035 0.5171140 0.0283406 0.0160893
31 0.7076229 0.3309368 0.0283406 0.0160894
20 0.7076229 0.5171140 0.0283406 0.0160893
26 0.8519025 0.5171140 0.0283407 0.0160893
19 0.6354831 0.3929959 0.0283407 0.0160894
16 0.6354831 0.5791730 0.0283407 0.0160893
27 0.4912035 0.5791730 0.0283406 0.0160893
23 0.5633434 0.4550549 0.0283406 0.0160894
25 0.7797627 0.4550549 0.0283407 0.0160894
5 0.4912035 0.4550549 0.0283406 0.0160894
24 0.4190637 0.4550549 0.0283406 0.0160894
17 0.7797627 0.3309368 0.0283407 0.0160894
30 0.4912035 0.3929959 0.0283406 0.0160894
7 0.8519025 0.4550549 0.0283407 0.0160894
14 0.7797627 0.5171140 0.0283407 0.0160893
16 0.6354831 0.5171140 0.0283407 0.0160893
25 0.5633434 0.5171140 0.0283406 0.0160893
14 0.8519025 0.3929959 0.0283407 0.0160894
31 0.7076229 0.5791730 0.0283406 0.0160893
6 0.6354831 0.4550549 0.0283407 0.0160894
