29 0.6112163 0.3907713 0.0267342 0.0153440
23 0.4070640 0.3907713 0.0267342 0.0153440
32 0.5389124 0.5376351 0.4921527 0.4208633
33 0.5431655 0.3907713 0.0631900 0.0591839
20 0.5431655 0.3907713 0.0267342 0.0153440
18 0.7473178 0.3907713 0.0267342 0.0153440
17 0.7473178 0.4499552 0.0267342 0.0153440
29 0.5431655 0.5091391 0.0267342 0.0153440
1 0.3390133 0.5683230 0.0267342 0.0153440
20 0.4070640 0.5683230 0.0267342 0.0153440
11 0.6112163 0.5683230 0.0267342 0.0153440
6 0.6792670 0.5683230 0.0267342 0.0153440
2 0.5431655 0.6275070 0.0267342 0.0153440
26 0.6792670 0.6275070 0.0267342 0.0153440
5 0.7473178 0.5683230 0.0267342 0.0153440
17 0.4751147 0.6275070 0.0267342 0.0153440
16 0.7473178 0.6275070 0.0267342 0.0153440
7 0.3390133 0.4499552 0.0267342 0.0153440
28 0.4751147 0.4499552 0.0267342 0.0153440
7 0.6792670 0.3907713 0.0267342 0.0153440
5 0.6792670 0.4499552 0.0267342 0.0153440
19 0.5431655 0.4499552 0.0267342 0.0153440
31 0.6112163 0.6275070 0.0267342 0.0153440
2 0.3390133 0.3907713 0.0267342 0.0153440
6 0.4751147 0.5091391 0.0267342 0.0153440
7 0.4070640 0.5091391 0.0267342 0.0153440
21 0.4751147 0.3907713 0.0267342 0.0153440
6 0.3390133 0.6275070 0.0267342 0.0153440
7 0.7473178 0.5091391 0.0267342 0.0153440
20 0.4070640 0.4499552 0.0267342 0.0153440
21 0.4751147 0.5683230 0.0267342 0.0153440
30 0.6112163 0.4499552 0.0267342 0.0153440
15 0.6112163 0.5091391 0.0267342 0.0153440
26 0.3390133 0.5091391 0.0267342 0.0153440
19 0.6792670 0.5091391 0.0267342 0.0153440
15 0.4070640 0.6275070 0.0267342 0.0153440
6 0.5431655 0.5683230 0.0267342 0.0153440
