31 0.3040586 0.4801423 0.0287300 0.0168063
2 0.2309278 0.5406451 0.0287299 0.0168064
32 0.3047115 0.4437286 0.5288921 0.4302419
31 0.2309278 0.2986340 0.0287299 0.0168063
5 0.3040586 0.2986340 0.0287300 0.0168063
33 0.4503201 0.2980738 0.0679071 0.0605028
31 0.4503201 0.2986340 0.0287299 0.0168063
3 0.2309278 0.3585766 0.0287299 0.0156859
9 0.0846663 0.4196395 0.0287299 0.0168063
6 0.3040586 0.4196395 0.0287300 0.0168063
23 0.4503201 0.4196395 0.0287299 0.0168063
18 0.3771893 0.4801423 0.0287299 0.0168063
28 0.0846663 0.5406451 0.0287299 0.0168064
24 0.1577971 0.5406451 0.0287300 0.0168064
5 0.5234509 0.5406451 0.0287299 0.0168064
12 0.1577971 0.3585766 0.0287300 0.0156859
11 0.3040586 0.3585766 0.0287300 0.0156859
21 0.5234509 0.3585766 0.0287299 0.0156859
19 0.2309278 0.4801423 0.0287299 0.0168063
10 0.5234509 0.4196395 0.0287299 0.0168063
22 0.4503201 0.5406451 0.0287299 0.0168064
6 0.0846663 0.4801423 0.0287299 0.0168063
6 0.2309278 0.4196395 0.0287299 0.0168063
26 0.4503201 0.3585766 0.0287299 0.0156859
26 0.4503201 0.4801423 0.0287299 0.0168063
13 0.3040586 0.5406451 0.0287300 0.0168064
29 0.5234509 0.4801423 0.0287299 0.0168063
17 0.5234509 0.2986340 0.0287299 0.0168063
11 0.1577971 0.4196395 0.0287300 0.0168063
18 0.1577971 0.2986340 0.0287300 0.0168063
4 0.3771893 0.3585766 0.0287299 0.0156859
30 0.0846663 0.2986340 0.0287299 0.0168063
11 0.3771893 0.2986340 0.0287299 0.0168063
8 0.1577971 0.4801423 0.0287300 0.0168063
23 0.3771893 0.5406451 0.0287299 0.0168064
11 0.0846663 0.3585766 0.0287299 0.0156859
3 0.3771893 0.4196395 0.0287299 0.0168063
