17 0.2714964 0.6024962 0.0283117 0.0165807
27 0.4156285 0.7218763 0.0283117 0.0165805
32 0.2721399 0.6262617 0.5211921 0.4244626
17 0.2714964 0.4831161 0.0283117 0.0165806
7 0.3435625 0.4831161 0.0283117 0.0165806
25 0.0552982 0.5422535 0.0283117 0.0154752
28 0.1273643 0.5422535 0.0283117 0.0154752
33 0.0552982 0.6019435 0.0669185 0.0596899
11 0.0552982 0.6024962 0.0283117 0.0165807
27 0.1994304 0.6024962 0.0283117 0.0165807
11 0.0552982 0.6621862 0.0283117 0.0165805
24 0.1273643 0.6621862 0.0283117 0.0165805
14 0.1994304 0.6621862 0.0283117 0.0165805
19 0.3435625 0.6621862 0.0283117 0.0165805
31 0.1994304 0.7218763 0.0283117 0.0165805
8 0.2714964 0.7218763 0.0283117 0.0165805
12 0.3435625 0.7218763 0.0283117 0.0165805
23 0.0552982 0.7810137 0.0283117 0.0154751
13 0.2714964 0.7810137 0.0283117 0.0154751
5 0.3435625 0.7810137 0.0283117 0.0154751
20 0.4156285 0.7810137 0.0283117 0.0154751
13 0.1273643 0.6024962 0.0283117 0.0165807
18 0.0552982 0.7218763 0.0283117 0.0165805
26 0.1273643 0.7218763 0.0283117 0.0165805
18 0.4156285 0.6621862 0.0283117 0.0165805
26 0.4156285 0.6024962 0.0283117 0.0165807
16 0.4156285 0.4831161 0.0283117 0.0165806
30 0.4876946 0.5422535 0.0283117 0.0154752
4 0.3435625 0.5422535 0.0283117 0.0154752
28 0.4156285 0.5422535 0.0283117 0.0154752
30 0.1273643 0.4831161 0.0283117 0.0165806
30 0.1994304 0.5422535 0.0283117 0.0154752
18 0.4876946 0.4831161 0.0283117 0.0165806
31 0.4876946 0.6621862 0.0283117 0.0165805
22 0.2714964 0.5422535 0.0283117 0.0154752
21 0.2714964 0.6621862 0.0283117 0.0165805
7 0.1273643 0.7810137 0.0283117 0.0154751
12 0.4876946 0.7218763 0.0283117 0.0165805
2 0.1994304 0.4831161 0.0283117 0.0165806
30 0.4876946 0.6024962 0.0283117 0.0165807
3 0.4876946 0.7810137 0.0283117 0.0154751
31 0.1994304 0.7810137 0.0283117 0.0154751
26 0.0552982 0.4831161 0.0283117 0.0165806
16 0.3435625 0.6024962 0.0283117 0.0165807
