3 0.3793827 0.4701992 0.0288450 0.0148695
13 0.6730771 0.4128451 0.0288450 0.0148696
32 0.5216409 0.3831059 0.5310101 0.4078513
33 0.6730771 0.2407828 0.0681790 0.0573541
19 0.6730771 0.2407828 0.0288450 0.0148696
24 0.3793827 0.2981369 0.0288450 0.0148696
15 0.5262299 0.2981369 0.0288450 0.0148696
30 0.5996535 0.3554910 0.0288450 0.0148696
7 0.3793827 0.4128451 0.0288450 0.0148696
25 0.5262299 0.4128451 0.0288450 0.0148696
26 0.7465007 0.4128451 0.0288450 0.0148696
22 0.3059591 0.4701992 0.0288450 0.0148695
5 0.4528063 0.4701992 0.0288450 0.0148695
19 0.5996535 0.4701992 0.0288450 0.0148695
11 0.6730771 0.2981369 0.0288450 0.0148696
6 0.4528063 0.4128451 0.0288450 0.0148696
21 0.5262299 0.4701992 0.0288450 0.0148695
19 0.3059591 0.3554910 0.0288450 0.0148696
7 0.5996535 0.2407828 0.0288450 0.0148696
9 0.7465007 0.3554910 0.0288450 0.0148696
3 0.3059591 0.2981369 0.0288450 0.0148696
19 0.7465007 0.4701992 0.0288450 0.0148695
2 0.4528063 0.3554910 0.0288450 0.0148696
7 0.3793827 0.2407828 0.0288450 0.0148696
25 0.6730771 0.3554910 0.0288450 0.0148696
17 0.5262299 0.2407828 0.0288450 0.0148696
9 0.7465007 0.2981369 0.0288450 0.0148696
9 0.3059591 0.4128451 0.0288450 0.0148696
30 0.6730771 0.4701992 0.0288450 0.0148695
12 0.3793827 0.3554910 0.0288450 0.0148696
13 0.5996535 0.2981369 0.0288450 0.0148696
5 0.3059591 0.2407828 0.0288450 0.0148696
12 0.5996535 0.4128451 0.0288450 0.0148696
12 0.4528063 0.2981369 0.0288450 0.0148696
24 0.5262299 0.3554910 0.0288450 0.0148696
31 0.7465007 0.2407828 0.0288450 0.0148696
2 0.4528063 0.2407828 0.0288450 0.0148696
