18 0.6427328 0.5501599 0.0262116 0.0159347
1 0.4425716 0.6121912 0.0262116 0.0170728
32 0.6433286 0.6366621 0.4825316 0.4370638
9 0.6427328 0.4892669 0.0262116 0.0170728
17 0.5092920 0.5501599 0.0262116 0.0159347
6 0.7761737 0.5501599 0.0262116 0.0159347
12 0.8428941 0.5501599 0.0262116 0.0159347
18 0.8428941 0.6121912 0.0262116 0.0170728
3 0.5760124 0.6736532 0.0262116 0.0170728
33 0.7761737 0.6730841 0.0619547 0.0614621
10 0.7761737 0.6736532 0.0262116 0.0170728
15 0.4425716 0.7351153 0.0262116 0.0170728
25 0.5760124 0.7351153 0.0262116 0.0170728
31 0.7761737 0.7351153 0.0262116 0.0170728
1 0.7094533 0.6121912 0.0262116 0.0170728
22 0.4425716 0.5501599 0.0262116 0.0159347
19 0.7094533 0.7351153 0.0262116 0.0170728
3 0.8428941 0.4892669 0.0262116 0.0170728
18 0.7094533 0.4892669 0.0262116 0.0170728
6 0.5760124 0.6121912 0.0262116 0.0170728
15 0.6427328 0.7351153 0.0262116 0.0170728
31 0.5092920 0.4892669 0.0262116 0.0170728
20 0.5092920 0.6736532 0.0262116 0.0170728
19 0.6427328 0.6121912 0.0262116 0.0170728
8 0.4425716 0.6736532 0.0262116 0.0170728
21 0.5760124 0.4892669 0.0262116 0.0170728
31 0.7094533 0.5501599 0.0262116 0.0159347
15 0.4425716 0.4892669 0.0262116 0.0170728
3 0.8428941 0.6736532 0.0262116 0.0170728
23 0.7761737 0.4892669 0.0262116 0.0170728
10 0.5760124 0.5501599 0.0262116 0.0159347
2 0.5092920 0.6121912 0.0262116 0.0170728
11 0.5092920 0.7351153 0.0262116 0.0170728
3 0.7761737 0.6121912 0.0262116 0.0170728
9 0.7094533 0.6736532 0.0262116 0.0170728
7 0.8428941 0.7351153 0.0262116 0.0170728
29 0.6427328 0.6736532 0.0262116 0.0170728
