1 0.6989267 0.5467746 0.0266946 0.0148227
3 0.5630265 0.3752553 0.0266947 0.0148226
32 0.5587796 0.4599562 0.4914249 0.4065642
13 0.4271262 0.3180822 0.0266947 0.0148226
19 0.4271262 0.4324284 0.0266947 0.0148227
26 0.5630265 0.4324284 0.0266947 0.0148227
4 0.6309766 0.4324284 0.0266947 0.0148227
33 0.4271263 0.4896015 0.0630965 0.0571731
11 0.4271262 0.4896015 0.0266947 0.0148227
7 0.4950764 0.4896015 0.0266946 0.0148227
5 0.4271262 0.5467746 0.0266947 0.0148227
27 0.6309766 0.5467746 0.0266947 0.0148227
22 0.7668768 0.5467746 0.0266946 0.0148227
29 0.6309766 0.4896015 0.0266947 0.0148227
21 0.3591761 0.5467746 0.0266947 0.0148227
5 0.4950764 0.3180822 0.0266946 0.0148226
25 0.4950764 0.5467746 0.0266946 0.0148227
20 0.4950764 0.3752553 0.0266946 0.0148226
18 0.5630265 0.4896015 0.0266947 0.0148227
30 0.3591761 0.3180822 0.0266947 0.0148226
3 0.7668768 0.3752553 0.0266946 0.0148226
30 0.6989267 0.3752553 0.0266946 0.0148226
2 0.3591761 0.4324284 0.0266947 0.0148227
1 0.3591761 0.3752553 0.0266947 0.0148226
24 0.7668768 0.3180822 0.0266946 0.0148226
10 0.6989267 0.3180822 0.0266946 0.0148226
1 0.4271262 0.3752553 0.0266947 0.0148226
22 0.7668768 0.4896015 0.0266946 0.0148227
2 0.5630265 0.5467746 0.0266947 0.0148227
15 0.5630265 0.3180822 0.0266947 0.0148226
15 0.6989267 0.4896015 0.0266946 0.0148227
22 0.3591761 0.4896015 0.0266947 0.0148227
21 0.4950764 0.4324284 0.0266946 0.0148227
12 0.7668768 0.4324284 0.0266946 0.0148227
12 0.6309766 0.3180822 0.0266947 0.0148226
2 0.6309766 0.3752553 0.0266947 0.0148226
21 0.6989267 0.4324284 0.0266946 0.0148227
