24 0.4045744 0.5808923 0.0271730 0.0150187
22 0.6812445 0.5229628 0.0271729 0.0150188
32 0.4694189 0.5508548 0.5002295 0.4119434
18 0.2662393 0.4071037 0.0271729 0.0150188
21 0.6812445 0.4071037 0.0271729 0.0150188
7 0.2662393 0.4650333 0.0271729 0.0150188
9 0.4045744 0.4650333 0.0271730 0.0150188
29 0.2662393 0.5229628 0.0271729 0.0150188
12 0.5429094 0.5229628 0.0271730 0.0150188
33 0.2662393 0.5808923 0.0642270 0.0579296
1 0.2662393 0.5808923 0.0271729 0.0150187
6 0.6120770 0.5808923 0.0271730 0.0150187
30 0.6120770 0.6388219 0.0271730 0.0150188
18 0.6120770 0.4071037 0.0271730 0.0150188
29 0.4045744 0.6388219 0.0271730 0.0150188
7 0.5429094 0.4071037 0.0271730 0.0150188
29 0.4737419 0.5229628 0.0271729 0.0150188
25 0.5429094 0.4650333 0.0271730 0.0150188
6 0.4737419 0.4071037 0.0271729 0.0150188
3 0.6120770 0.4650333 0.0271730 0.0150188
10 0.2662393 0.6388219 0.0271729 0.0150188
8 0.6812445 0.6388219 0.0271729 0.0150188
24 0.6120770 0.5229628 0.0271730 0.0150188
29 0.5429094 0.6388219 0.0271730 0.0150188
17 0.6812445 0.5808923 0.0271729 0.0150187
25 0.4737419 0.4650333 0.0271729 0.0150188
22 0.3354068 0.5808923 0.0271730 0.0150187
27 0.5429094 0.5808923 0.0271730 0.0150187
6 0.6812445 0.4650333 0.0271729 0.0150188
17 0.4737419 0.5808923 0.0271729 0.0150187
18 0.4737419 0.6388219 0.0271729 0.0150188
9 0.4045744 0.4071037 0.0271730 0.0150188
6 0.4045744 0.5229628 0.0271730 0.0150188
10 0.3354068 0.6388219 0.0271730 0.0150188
25 0.3354068 0.4071037 0.0271730 0.0150188
17 0.3354068 0.4650333 0.0271730 0.0150188
21 0.3354068 0.5229628 0.0271730 0.0150188
