23 0.7726232 0.3320032 0.0285048 0.0156136
28 0.7726232 0.2115558 0.0285048 0.0156135
32 0.5504154 0.3609998 0.5247474 0.4282575
8 0.3372772 0.2717795 0.0285048 0.0156136
25 0.4823926 0.2717795 0.0285048 0.0156136
12 0.7726232 0.2717795 0.0285048 0.0156136
3 0.4098349 0.3320032 0.0285048 0.0156136
18 0.4823926 0.3320032 0.0285048 0.0156136
5 0.6275079 0.3320032 0.0285048 0.0156136
14 0.3372772 0.3922269 0.0285048 0.0156135
24 0.5549503 0.3922269 0.0285048 0.0156135
29 0.7000656 0.3922269 0.0285049 0.0156135
16 0.4098349 0.4524506 0.0285048 0.0156135
31 0.5549503 0.4524506 0.0285048 0.0156135
28 0.6275079 0.4524506 0.0285048 0.0156135
20 0.7726232 0.4524506 0.0285048 0.0156135
33 0.3372772 0.5126743 0.0673750 0.0602237
24 0.3372772 0.5126743 0.0285048 0.0156135
11 0.6275079 0.5126743 0.0285048 0.0156135
21 0.7726232 0.5126743 0.0285048 0.0156135
28 0.3372772 0.2115558 0.0285048 0.0156135
17 0.7000656 0.5126743 0.0285049 0.0156135
1 0.6275079 0.2115558 0.0285048 0.0156135
27 0.3372772 0.4524506 0.0285048 0.0156135
19 0.5549503 0.2115558 0.0285048 0.0156135
3 0.5549503 0.2717795 0.0285048 0.0156136
7 0.4098349 0.2115558 0.0285048 0.0156135
7 0.7000656 0.4524506 0.0285049 0.0156135
28 0.4823926 0.2115558 0.0285048 0.0156135
16 0.4823926 0.5126743 0.0285048 0.0156135
30 0.5549503 0.5126743 0.0285048 0.0156135
1 0.4098349 0.5126743 0.0285048 0.0156135
29 0.7726232 0.3922269 0.0285048 0.0156135
30 0.6275079 0.3922269 0.0285048 0.0156135
20 0.7000656 0.2115558 0.0285049 0.0156135
24 0.3372772 0.3320032 0.0285048 0.0156136
3 0.4098349 0.2717795 0.0285048 0.0156136
26 0.7000656 0.3320032 0.0285049 0.0156136
23 0.6275079 0.2717795 0.0285048 0.0156136
30 0.7000656 0.2717795 0.0285049 0.0156136
1 0.4098349 0.3922269 0.0285048 0.0156135
4 0.4823926 0.3922269 0.0285048 0.0156135
1 0.4823926 0.4524506 0.0285048 0.0156135
21 0.5549503 0.3320032 0.0285048 0.0156136
