22 0.3872484 0.3250362 0.0261869 0.0158272
14 0.3205909 0.5087451 0.0261869 0.0169577
32 0.3878436 0.4109554 0.4820764 0.4341183
25 0.1872760 0.2645536 0.0261869 0.0169577
11 0.2539334 0.2645536 0.0261869 0.0169577
7 0.3205909 0.2645536 0.0261869 0.0169577
3 0.3872484 0.2645536 0.0261869 0.0169577
4 0.4539059 0.2645536 0.0261869 0.0169577
30 0.1872760 0.3250362 0.0261869 0.0158272
13 0.2539334 0.3866493 0.0261869 0.0169578
5 0.3872484 0.3866493 0.0261869 0.0169578
31 0.5205634 0.3866493 0.0261869 0.0169578
15 0.3872484 0.4476972 0.0261869 0.0169577
2 0.4539059 0.4476972 0.0261869 0.0169577
29 0.5872208 0.4476972 0.0261869 0.0169577
23 0.1872760 0.5087451 0.0261869 0.0169577
19 0.2539334 0.5692278 0.0261869 0.0158272
33 0.3872484 0.5692277 0.0618962 0.0610478
2 0.3872484 0.5692278 0.0261869 0.0158272
27 0.5205634 0.5692278 0.0261869 0.0158272
6 0.4539059 0.5692278 0.0261869 0.0158272
22 0.4539059 0.3866493 0.0261869 0.0169578
29 0.5872208 0.2645536 0.0261869 0.0169577
27 0.5205634 0.5087451 0.0261869 0.0169577
6 0.3205909 0.4476972 0.0261869 0.0169577
20 0.5872208 0.5087451 0.0261869 0.0169577
5 0.3205909 0.3250362 0.0261869 0.0158272
11 0.1872760 0.5692278 0.0261869 0.0158272
31 0.5205634 0.4476972 0.0261869 0.0169577
29 0.3205909 0.5692278 0.0261869 0.0158272
16 0.4539059 0.5087451 0.0261869 0.0169577
25 0.2539334 0.3250362 0.0261869 0.0158272
20 0.1872760 0.3866493 0.0261869 0.0169578
31 0.5872208 0.3866493 0.0261869 0.0169578
15 0.2539334 0.5087451 0.0261869 0.0169577
21 0.5205634 0.2645536 0.0261869 0.0169577
3 0.5205634 0.3250362 0.0261869 0.0158272
22 0.4539059 0.3250362 0.0261869 0.0158272
4 0.3205909 0.3866493 0.0261869 0.0169578
5 0.3872484 0.5087451 0.0261869 0.0169577
15 0.1872760 0.4476972 0.0261869 0.0169577
24 0.5872208 0.3250362 0.0261869 0.0158272
1 0.2539334 0.4476972 0.0261869 0.0169577
21 0.5872208 0.5692278 0.0261869 0.0158272
