25 0.7783263 0.6510956 0.0287231 0.0148980
11 0.3396454 0.5936317 0.0287231 0.0148980
32 0.5544162 0.5063718 0.5287670 0.4086319
7 0.4127589 0.3637763 0.0287231 0.0148980
19 0.4858723 0.3637763 0.0287231 0.0148980
3 0.7052127 0.3637763 0.0287231 0.0148980
21 0.3396454 0.4212402 0.0287231 0.0148980
9 0.4858723 0.4212402 0.0287231 0.0148980
13 0.5589858 0.4212402 0.0287231 0.0148980
23 0.7052127 0.4212402 0.0287231 0.0148980
33 0.3396454 0.4787040 0.0678911 0.0574638
24 0.3396454 0.4787040 0.0287231 0.0148980
31 0.4127589 0.4787040 0.0287231 0.0148980
22 0.6320993 0.4787040 0.0287231 0.0148980
12 0.3396454 0.5361679 0.0287231 0.0148980
17 0.4127589 0.5361679 0.0287231 0.0148980
25 0.6320993 0.5361679 0.0287231 0.0148980
14 0.5589858 0.5936317 0.0287231 0.0148980
20 0.3396454 0.6510956 0.0287231 0.0148980
24 0.6320993 0.6510956 0.0287231 0.0148980
12 0.4858723 0.6510956 0.0287231 0.0148980
12 0.7052127 0.5936317 0.0287231 0.0148980
30 0.4858723 0.5936317 0.0287231 0.0148980
18 0.7052127 0.4787040 0.0287231 0.0148980
8 0.7783263 0.4212402 0.0287231 0.0148980
17 0.7783263 0.3637763 0.0287231 0.0148980
4 0.7783263 0.5361679 0.0287231 0.0148980
30 0.7052127 0.5361679 0.0287231 0.0148980
20 0.6320993 0.5936317 0.0287231 0.0148980
15 0.6320993 0.4212402 0.0287231 0.0148980
28 0.6320993 0.3637763 0.0287231 0.0148980
11 0.7052127 0.6510956 0.0287231 0.0148980
26 0.4858723 0.4787040 0.0287231 0.0148980
29 0.4127589 0.5936317 0.0287231 0.0148980
17 0.4127589 0.4212402 0.0287231 0.0148980
4 0.5589858 0.6510956 0.0287231 0.0148980
15 0.5589858 0.5361679 0.0287231 0.0148980
6 0.5589858 0.4787040 0.0287231 0.0148980
17 0.7783263 0.5936317 0.0287231 0.0148980
13 0.4127589 0.6510956 0.0287231 0.0148980
26 0.5589858 0.3637763 0.0287231 0.0148980
17 0.4858723 0.5361679 0.0287231 0.0148980
16 0.7783263 0.4787040 0.0287231 0.0148980
11 0.3396454 0.3637763 0.0287231 0.0148980
