14 0.6314165 0.3003518 0.0274195 0.0156338
10 0.4220314 0.3003518 0.0274195 0.0156338
32 0.5622446 0.3852210 0.5047677 0.4288129
12 0.4220314 0.2406083 0.0274195 0.0167505
16 0.4918264 0.3003518 0.0274195 0.0156338
22 0.7710066 0.3003518 0.0274195 0.0156338
11 0.4220314 0.3612120 0.0274195 0.0167505
31 0.4918264 0.3612120 0.0274195 0.0167505
8 0.3522363 0.4215138 0.0274195 0.0167505
6 0.7710066 0.4215138 0.0274195 0.0167505
33 0.3522363 0.4812573 0.0648097 0.0603018
2 0.3522363 0.4818156 0.0274195 0.0167505
14 0.7012115 0.4818156 0.0274194 0.0167505
15 0.3522363 0.3003518 0.0274195 0.0156338
14 0.5616215 0.4818156 0.0274195 0.0167505
1 0.3522363 0.2406083 0.0274195 0.0167505
17 0.7012115 0.4215138 0.0274194 0.0167505
9 0.6314165 0.3612120 0.0274195 0.0167505
19 0.7012115 0.2406083 0.0274194 0.0167505
27 0.5616215 0.3003518 0.0274195 0.0156338
29 0.6314165 0.4215138 0.0274195 0.0167505
14 0.7710066 0.4818156 0.0274195 0.0167505
20 0.5616215 0.4215138 0.0274195 0.0167505
9 0.5616215 0.2406083 0.0274195 0.0167505
25 0.7710066 0.2406083 0.0274195 0.0167505
1 0.5616215 0.3612120 0.0274195 0.0167505
12 0.4918264 0.4215138 0.0274195 0.0167505
7 0.4220314 0.4818156 0.0274195 0.0167505
5 0.7012115 0.3612120 0.0274194 0.0167505
22 0.6314165 0.4818156 0.0274195 0.0167505
9 0.4918264 0.4818156 0.0274195 0.0167505
30 0.4918264 0.2406083 0.0274195 0.0167505
3 0.7710066 0.3612120 0.0274195 0.0167505
27 0.6314165 0.2406083 0.0274195 0.0167505
22 0.7012115 0.3003518 0.0274194 0.0156338
25 0.4220314 0.4215138 0.0274195 0.0167505
24 0.3522363 0.3612120 0.0274195 0.0167505
