25 0.2628078 0.4731572 0.0265157 0.0150363
12 0.4652911 0.5311543 0.0265157 0.0150363
32 0.4610727 0.5590788 0.4881293 0.4124238
27 0.3977966 0.4151601 0.0265157 0.0150363
18 0.5327855 0.4151601 0.0265157 0.0150363
7 0.6002799 0.4151601 0.0265157 0.0150363
12 0.6677743 0.4151601 0.0265157 0.0150363
11 0.3303022 0.4731572 0.0265157 0.0150363
26 0.3977966 0.4731572 0.0265157 0.0150363
5 0.5327855 0.4731572 0.0265157 0.0150363
29 0.6677743 0.4731572 0.0265157 0.0150363
4 0.2628078 0.5311543 0.0265157 0.0150363
33 0.3303023 0.5311543 0.0626734 0.0579971
12 0.3303022 0.5311543 0.0265157 0.0150363
21 0.6677743 0.5311543 0.0265157 0.0150363
15 0.3977966 0.5891513 0.0265157 0.0150363
2 0.4652911 0.5891513 0.0265157 0.0150363
20 0.2628078 0.6471484 0.0265157 0.0150363
6 0.3977966 0.6471484 0.0265157 0.0150363
30 0.2628078 0.7051455 0.0265157 0.0150363
7 0.2628078 0.4151601 0.0265157 0.0150363
5 0.4652911 0.4731572 0.0265157 0.0150363
3 0.3303022 0.6471484 0.0265157 0.0150363
18 0.5327855 0.5891513 0.0265157 0.0150363
14 0.4652911 0.6471484 0.0265157 0.0150363
29 0.3977966 0.5311543 0.0265157 0.0150363
24 0.4652911 0.7051455 0.0265157 0.0150363
1 0.6002799 0.5891513 0.0265157 0.0150363
29 0.6677743 0.5891513 0.0265157 0.0150363
10 0.4652911 0.4151601 0.0265157 0.0150363
9 0.5327855 0.7051455 0.0265157 0.0150363
5 0.3303022 0.7051455 0.0265157 0.0150363
13 0.6002799 0.6471484 0.0265157 0.0150363
13 0.6677743 0.6471484 0.0265157 0.0150363
5 0.2628078 0.5891513 0.0265157 0.0150363
16 0.5327855 0.5311543 0.0265157 0.0150363
17 0.5327855 0.6471484 0.0265157 0.0150363
22 0.3977966 0.7051455 0.0265157 0.0150363
18 0.6002799 0.5311543 0.0265157 0.0150363
21 0.3303022 0.4151601 0.0265157 0.0150363
16 0.6677743 0.7051455 0.0265157 0.0150363
24 0.6002799 0.4731572 0.0265157 0.0150363
16 0.6002799 0.7051455 0.0265157 0.0150363
24 0.3303022 0.5891513 0.0265157 0.0150363
