15 0.3787496 0.1962202 0.0278731 0.0160195
3 0.5915987 0.3197993 0.0278731 0.0160195
32 0.3743153 0.3495498 0.5131184 0.4393924
12 0.1659005 0.1962202 0.0278731 0.0160195
14 0.5915987 0.1962202 0.0278731 0.0160195
21 0.2368502 0.2580097 0.0278731 0.0160195
30 0.3077999 0.2580097 0.0278731 0.0160195
27 0.1659005 0.3197993 0.0278731 0.0160195
26 0.2368502 0.3197993 0.0278731 0.0160195
33 0.2368502 0.3815889 0.0658819 0.0617896
5 0.2368502 0.3815888 0.0278731 0.0160195
25 0.2368502 0.4433784 0.0278731 0.0160195
20 0.3787496 0.4433784 0.0278731 0.0160195
20 0.3787496 0.3197993 0.0278731 0.0160195
19 0.5915987 0.3815888 0.0278731 0.0160195
24 0.5206490 0.3815888 0.0278731 0.0160195
12 0.4496993 0.3197993 0.0278731 0.0160195
7 0.4496993 0.2580097 0.0278731 0.0160195
15 0.1659005 0.3815888 0.0278731 0.0160195
11 0.4496993 0.1962202 0.0278731 0.0160195
13 0.3787496 0.3815888 0.0278731 0.0160195
10 0.5206490 0.1962202 0.0278731 0.0160195
8 0.4496993 0.4433784 0.0278731 0.0160195
9 0.3077999 0.4433784 0.0278731 0.0160195
25 0.4496993 0.3815888 0.0278731 0.0160195
4 0.1659005 0.4433784 0.0278731 0.0160195
20 0.5206490 0.3197993 0.0278731 0.0160195
15 0.5915987 0.4433784 0.0278731 0.0160195
8 0.5206490 0.2580097 0.0278731 0.0160195
21 0.2368502 0.1962202 0.0278731 0.0160195
24 0.3787496 0.2580097 0.0278731 0.0160195
29 0.3077999 0.3815888 0.0278731 0.0160195
19 0.5206490 0.4433784 0.0278731 0.0160195
19 0.3077999 0.3197993 0.0278731 0.0160195
25 0.3077999 0.1962202 0.0278731 0.0160195
10 0.5915987 0.2580097 0.0278731 0.0160195
20 0.1659005 0.2580097 0.0278731 0.0160195
