27 0.4421288 0.3306837 0.0265148 0.0158016
4 0.2396524 0.2087857 0.0265148 0.0158016
32 0.3029263 0.3600295 0.4881127 0.4334152
2 0.4421288 0.2087857 0.0265148 0.0158016
4 0.1721603 0.2697347 0.0265148 0.0158016
23 0.2396524 0.2697347 0.0265148 0.0158016
19 0.3746367 0.2697347 0.0265147 0.0158016
29 0.5096209 0.2697347 0.0265147 0.0158016
6 0.2396524 0.3306837 0.0265148 0.0158016
20 0.3071445 0.3306837 0.0265148 0.0158016
11 0.1046682 0.3916328 0.0265148 0.0158016
8 0.1721603 0.3916328 0.0265148 0.0158016
10 0.2396524 0.3916328 0.0265148 0.0158016
22 0.3071445 0.3916328 0.0265148 0.0158016
13 0.3746367 0.3916328 0.0265147 0.0158016
33 0.5096209 0.3916327 0.0626713 0.0609490
1 0.5096209 0.3916328 0.0265147 0.0158016
27 0.3746367 0.4525817 0.0265147 0.0158016
24 0.1721603 0.5135307 0.0265148 0.0158016
21 0.2396524 0.5135307 0.0265148 0.0158016
5 0.2396524 0.4525817 0.0265148 0.0158016
30 0.3071445 0.2697347 0.0265148 0.0158016
14 0.5096209 0.5135307 0.0265147 0.0158016
19 0.1721603 0.3306837 0.0265148 0.0158016
4 0.5096209 0.3306837 0.0265147 0.0158016
24 0.5096209 0.4525817 0.0265147 0.0158016
29 0.4421288 0.3916328 0.0265148 0.0158016
13 0.1046682 0.2087857 0.0265148 0.0158016
28 0.1046682 0.3306837 0.0265148 0.0158016
6 0.4421288 0.2697347 0.0265148 0.0158016
18 0.3071445 0.5135307 0.0265148 0.0158016
30 0.3746367 0.5135307 0.0265147 0.0158016
27 0.3071445 0.4525817 0.0265148 0.0158016
30 0.3071445 0.2087857 0.0265148 0.0158016
17 0.4421288 0.5135307 0.0265148 0.0158016
11 0.1721603 0.2087857 0.0265148 0.0158016
11 0.1046682 0.5135307 0.0265148 0.0158016
27 0.1046682 0.2697347 0.0265148 0.0158016
25 0.5096209 0.2087857 0.0265147 0.0158016
9 0.4421288 0.4525817 0.0265148 0.0158016
21 0.1046682 0.4525817 0.0265148 0.0158016
2 0.3746367 0.3306837 0.0265147 0.0158016
30 0.3746367 0.2087857 0.0265147 0.0158016
24 0.1721603 0.4525817 0.0265148 0.0158016
