13 0.5669970 0.5133364 0.0280161 0.0153977
18 0.3530559 0.4539454 0.0280161 0.0153977
32 0.5625399 0.3637592 0.5157508 0.4223354
14 0.5669970 0.2163818 0.0280161 0.0153976
16 0.7809381 0.2163818 0.0280161 0.0153976
19 0.4243696 0.2757727 0.0280161 0.0153976
21 0.6383107 0.2757727 0.0280161 0.0153976
27 0.7809381 0.2757727 0.0280161 0.0153976
2 0.6383107 0.3351636 0.0280161 0.0153976
22 0.7096243 0.3351636 0.0280161 0.0153976
33 0.4243696 0.3945545 0.0662199 0.0593909
23 0.4243696 0.3945545 0.0280161 0.0153976
5 0.4956833 0.3945545 0.0280161 0.0153976
17 0.7809381 0.3945545 0.0280161 0.0153976
30 0.4243696 0.4539454 0.0280161 0.0153977
26 0.5669970 0.4539454 0.0280161 0.0153977
31 0.7096243 0.4539454 0.0280161 0.0153977
4 0.7809381 0.4539454 0.0280161 0.0153977
15 0.4243696 0.5133364 0.0280161 0.0153977
13 0.7809381 0.5133364 0.0280161 0.0153977
25 0.7096243 0.2163818 0.0280161 0.0153976
19 0.6383107 0.5133364 0.0280161 0.0153977
31 0.4956833 0.2757727 0.0280161 0.0153976
7 0.3530559 0.2163818 0.0280161 0.0153976
28 0.4956833 0.3351636 0.0280161 0.0153976
13 0.6383107 0.4539454 0.0280161 0.0153977
26 0.6383107 0.3945545 0.0280161 0.0153976
17 0.4956833 0.2163818 0.0280161 0.0153976
20 0.3530559 0.2757727 0.0280161 0.0153976
9 0.4243696 0.2163818 0.0280161 0.0153976
16 0.5669970 0.3945545 0.0280161 0.0153976
13 0.7096243 0.5133364 0.0280161 0.0153977
25 0.5669970 0.3351636 0.0280161 0.0153976
18 0.5669970 0.2757727 0.0280161 0.0153976
30 0.3530559 0.3945545 0.0280161 0.0153976
1 0.7809381 0.3351636 0.0280161 0.0153976
7 0.3530559 0.5133364 0.0280161 0.0153977
19 0.4956833 0.4539454 0.0280161 0.0153977
29 0.7096243 0.2757727 0.0280161 0.0153976
29 0.4243696 0.3351636 0.0280161 0.0153976
30 0.6383107 0.2163818 0.0280161 0.0153976
9 0.4956833 0.5133364 0.0280161 0.0153977
3 0.7096243 0.3945545 0.0280161 0.0153976
24 0.3530559 0.3351636 0.0280161 0.0153976
