12 0.1199233 0.6596750 0.0283836 0.0156845
12 0.4089198 0.4781830 0.0283836 0.0156845
32 0.3321551 0.6283061 0.5225160 0.4302033
23 0.1199233 0.4781830 0.0283836 0.0156845
30 0.2644215 0.4781830 0.0283836 0.0156845
12 0.3366706 0.4781830 0.0283836 0.0156845
7 0.4811689 0.4781830 0.0283836 0.0156845
22 0.1199233 0.5386804 0.0283836 0.0156845
18 0.4089198 0.5386804 0.0283836 0.0156845
33 0.4089198 0.5991777 0.0670885 0.0604973
8 0.4089198 0.5991777 0.0283836 0.0156845
3 0.1921724 0.6596750 0.0283836 0.0156845
14 0.1199233 0.7201724 0.0283836 0.0156845
4 0.2644215 0.7201724 0.0283836 0.0156845
17 0.3366706 0.7201724 0.0283836 0.0156845
9 0.4811689 0.7201724 0.0283836 0.0156845
19 0.5534180 0.7201724 0.0283836 0.0156845
31 0.1199233 0.7806698 0.0283836 0.0156845
27 0.2644215 0.7806698 0.0283836 0.0156845
8 0.5534180 0.7806698 0.0283836 0.0156845
6 0.1921724 0.5991777 0.0283836 0.0156845
1 0.4811689 0.7806698 0.0283836 0.0156845
13 0.5534180 0.5991777 0.0283836 0.0156845
29 0.1921724 0.5386804 0.0283836 0.0156845
5 0.4811689 0.5386804 0.0283836 0.0156845
28 0.4089198 0.7806698 0.0283836 0.0156845
22 0.1921724 0.4781830 0.0283836 0.0156845
14 0.2644215 0.5991777 0.0283836 0.0156845
14 0.4811689 0.6596750 0.0283836 0.0156845
3 0.3366706 0.7806698 0.0283836 0.0156845
24 0.2644215 0.6596750 0.0283836 0.0156845
18 0.3366706 0.6596750 0.0283836 0.0156845
24 0.2644215 0.5386804 0.0283836 0.0156845
5 0.1921724 0.7806698 0.0283836 0.0156845
24 0.4089198 0.7201724 0.0283836 0.0156845
22 0.3366706 0.5991777 0.0283836 0.0156845
20 0.3366706 0.5386804 0.0283836 0.0156845
25 0.1199233 0.5991777 0.0283836 0.0156845
20 0.5534180 0.6596750 0.0283836 0.0156845
7 0.4089198 0.6596750 0.0283836 0.0156845
24 0.4811689 0.5991777 0.0283836 0.0156845
10 0.5534180 0.4781830 0.0283836 0.0156845
25 0.1921724 0.7201724 0.0283836 0.0156845
1 0.5534180 0.5386804 0.0283836 0.0156845
