7 0.2915415 0.5044814 0.0271250 0.0160627
27 0.4986779 0.3805691 0.0271250 0.0160627
32 0.3562716 0.4723560 0.4993467 0.4405773
28 0.3605869 0.3186128 0.0271250 0.0160627
5 0.4296324 0.3186128 0.0271250 0.0160627
29 0.2915415 0.3805691 0.0271250 0.0160627
24 0.4296324 0.3805691 0.0271250 0.0160627
6 0.2224960 0.4425252 0.0271250 0.0160627
14 0.2915415 0.4425252 0.0271250 0.0160627
3 0.3605869 0.4425252 0.0271250 0.0160627
33 0.4296324 0.5044814 0.0641137 0.0619562
20 0.4296324 0.5044814 0.0271250 0.0160627
4 0.3605869 0.5664376 0.0271250 0.0160627
26 0.5677233 0.5664376 0.0271250 0.0160627
16 0.3605869 0.3805691 0.0271250 0.0160627
25 0.3605869 0.5044814 0.0271250 0.0160627
15 0.2224960 0.3186128 0.0271250 0.0160627
16 0.1534505 0.3805691 0.0271250 0.0160627
31 0.4986779 0.3186128 0.0271250 0.0160627
28 0.4986779 0.5664376 0.0271250 0.0160627
14 0.2224960 0.3805691 0.0271250 0.0160627
27 0.1534505 0.4425252 0.0271250 0.0160627
4 0.1534505 0.3186128 0.0271250 0.0160627
6 0.4296324 0.4425252 0.0271250 0.0160627
30 0.5677233 0.4425252 0.0271250 0.0160627
23 0.2224960 0.5664376 0.0271250 0.0160627
28 0.4986779 0.4425252 0.0271250 0.0160627
27 0.2915415 0.3186128 0.0271250 0.0160627
19 0.1534505 0.5664376 0.0271250 0.0160627
31 0.2915415 0.5664376 0.0271250 0.0160627
16 0.5677233 0.3186128 0.0271250 0.0160627
16 0.4296324 0.5664376 0.0271250 0.0160627
31 0.5677233 0.5044814 0.0271250 0.0160627
21 0.5677233 0.3805691 0.0271250 0.0160627
27 0.1534505 0.5044814 0.0271250 0.0160627
24 0.4986779 0.5044814 0.0271250 0.0160627
28 0.2224960 0.5044814 0.0271250 0.0160627
