24 0.4191951 0.7267963 0.0267025 0.0153352
23 0.6910750 0.5493463 0.0267025 0.0153352
32 0.6188569 0.5778259 0.4915686 0.4206219
6 0.4191951 0.4310464 0.0267025 0.0153352
33 0.6231050 0.4310464 0.0631150 0.0591500
11 0.6231050 0.4310464 0.0267025 0.0153352
31 0.6910750 0.4310464 0.0267025 0.0153352
19 0.8270149 0.4310464 0.0267025 0.0153352
12 0.4191951 0.4901964 0.0267025 0.0153352
18 0.4871651 0.4901964 0.0267025 0.0153352
2 0.5551351 0.4901964 0.0267025 0.0153352
29 0.6910750 0.4901964 0.0267025 0.0153352
28 0.4191951 0.5493463 0.0267025 0.0153352
9 0.4871651 0.5493463 0.0267025 0.0153352
15 0.6231050 0.6084963 0.0267025 0.0153352
21 0.6910750 0.6084963 0.0267025 0.0153352
13 0.7590450 0.6084963 0.0267025 0.0153352
23 0.6231050 0.7267963 0.0267025 0.0153352
4 0.6910750 0.7267963 0.0267025 0.0153352
7 0.7590450 0.7267963 0.0267025 0.0153352
7 0.5551351 0.6084963 0.0267025 0.0153352
29 0.8270149 0.4901964 0.0267025 0.0153352
25 0.4871651 0.4310464 0.0267025 0.0153352
5 0.4191951 0.6676463 0.0267025 0.0153352
26 0.8270149 0.7267963 0.0267025 0.0153352
19 0.6910750 0.6676463 0.0267025 0.0153352
6 0.7590450 0.5493463 0.0267025 0.0153352
20 0.7590450 0.4901964 0.0267025 0.0153352
24 0.7590450 0.4310464 0.0267025 0.0153352
7 0.5551351 0.6676463 0.0267025 0.0153352
10 0.5551351 0.5493463 0.0267025 0.0153352
21 0.6231050 0.5493463 0.0267025 0.0153352
21 0.5551351 0.4310464 0.0267025 0.0153352
14 0.6231050 0.4901964 0.0267025 0.0153352
13 0.8270149 0.5493463 0.0267025 0.0153352
20 0.8270149 0.6676463 0.0267025 0.0153352
7 0.4871651 0.7267963 0.0267025 0.0153352
8 0.4871651 0.6084963 0.0267025 0.0153352
9 0.4871651 0.6676463 0.0267025 0.0153352
11 0.5551351 0.7267963 0.0267025 0.0153352
1 0.7590450 0.6676463 0.0267025 0.0153352
25 0.8270149 0.6084963 0.0267025 0.0153352
1 0.4191951 0.6084963 0.0267025 0.0153352
25 0.6231050 0.6676463 0.0267025 0.0153352
