21 0.4696872 0.5640378 0.0275289 0.0155549
19 0.3996136 0.6840321 0.0275289 0.0155548
32 0.3251605 0.5929253 0.5067818 0.4266464
6 0.1193195 0.4440435 0.0275289 0.0155548
15 0.4696872 0.4440435 0.0275289 0.0155548
33 0.1193195 0.5040407 0.0650683 0.0599972
13 0.1193195 0.5040407 0.0275289 0.0155548
21 0.1893931 0.5040407 0.0275289 0.0155548
17 0.4696872 0.5040407 0.0275289 0.0155548
11 0.2594666 0.5640378 0.0275289 0.0155549
3 0.3996136 0.5640378 0.0275289 0.0155549
4 0.4696872 0.6240350 0.0275289 0.0155548
30 0.4696872 0.6840321 0.0275289 0.0155548
28 0.3295401 0.5040407 0.0275289 0.0155548
21 0.1893931 0.6840321 0.0275289 0.0155548
10 0.5397607 0.5640378 0.0275289 0.0155549
26 0.1893931 0.6240350 0.0275289 0.0155548
23 0.5397607 0.6840321 0.0275289 0.0155548
6 0.5397607 0.4440435 0.0275289 0.0155548
26 0.2594666 0.4440435 0.0275289 0.0155548
18 0.1193195 0.6240350 0.0275289 0.0155548
29 0.1893931 0.5640378 0.0275289 0.0155549
16 0.1193195 0.5640378 0.0275289 0.0155549
20 0.1893931 0.4440435 0.0275289 0.0155548
15 0.5397607 0.5040407 0.0275289 0.0155548
4 0.3996136 0.5040407 0.0275289 0.0155548
26 0.5397607 0.6240350 0.0275289 0.0155548
6 0.3295401 0.6840321 0.0275289 0.0155548
26 0.1193195 0.6840321 0.0275289 0.0155548
12 0.2594666 0.6840321 0.0275289 0.0155548
20 0.3996136 0.4440435 0.0275289 0.0155548
7 0.2594666 0.6240350 0.0275289 0.0155548
2 0.3295401 0.6240350 0.0275289 0.0155548
21 0.3996136 0.6240350 0.0275289 0.0155548
21 0.3295401 0.4440435 0.0275289 0.0155548
10 0.2594666 0.5040407 0.0275289 0.0155548
1 0.3295401 0.5640378 0.0275289 0.0155549
