24 0.1290912 0.4191689 0.0283432 0.0161382
7 0.4898227 0.3569213 0.0283432 0.0161382
32 0.3410210 0.4491400 0.5217724 0.4426495
10 0.2012375 0.2946737 0.0283432 0.0161383
11 0.2733838 0.2946737 0.0283432 0.0161383
26 0.5619690 0.2946737 0.0283432 0.0161383
14 0.3455301 0.3569213 0.0283432 0.0161382
16 0.5619690 0.3569213 0.0283432 0.0161382
4 0.2012375 0.4191689 0.0283432 0.0161382
33 0.5619690 0.4191689 0.0669930 0.0622476
16 0.5619690 0.4191689 0.0283432 0.0161382
13 0.1290912 0.4814165 0.0283432 0.0161382
28 0.2012375 0.4814165 0.0283432 0.0161382
1 0.4898227 0.4814165 0.0283432 0.0161382
7 0.2733838 0.5436641 0.0283432 0.0161382
31 0.4898227 0.5436641 0.0283432 0.0161382
5 0.1290912 0.6059117 0.0283432 0.0161382
12 0.2012375 0.6059117 0.0283432 0.0161382
8 0.2733838 0.6059117 0.0283432 0.0161382
23 0.3455301 0.6059117 0.0283432 0.0161382
15 0.4898227 0.4191689 0.0283432 0.0161382
17 0.4176764 0.5436641 0.0283432 0.0161382
1 0.4176764 0.3569213 0.0283432 0.0161382
29 0.3455301 0.2946737 0.0283432 0.0161383
24 0.2733838 0.4814165 0.0283432 0.0161382
4 0.4898227 0.2946737 0.0283432 0.0161383
1 0.3455301 0.4191689 0.0283432 0.0161382
30 0.1290912 0.3569213 0.0283432 0.0161382
14 0.1290912 0.5436641 0.0283432 0.0161382
9 0.5619690 0.5436641 0.0283432 0.0161382
1 0.4176764 0.6059117 0.0283432 0.0161382
30 0.2733838 0.4191689 0.0283432 0.0161382
3 0.4176764 0.4814165 0.0283432 0.0161382
7 0.4176764 0.4191689 0.0283432 0.0161382
23 0.1290912 0.2946737 0.0283432 0.0161383
24 0.2012375 0.5436641 0.0283432 0.0161382
12 0.4176764 0.2946737 0.0283432 0.0161383
27 0.2733838 0.3569213 0.0283432 0.0161382
16 0.5619690 0.4814165 0.0283432 0.0161382
14 0.4898227 0.6059117 0.0283432 0.0161382
16 0.3455301 0.4814165 0.0283432 0.0161382
6 0.2012375 0.3569213 0.0283432 0.0161382
6 0.3455301 0.5436641 0.0283432 0.0161382
3 0.5619690 0.6059117 0.0283432 0.0161382
