13 0.2663956 0.5311733 0.0286050 0.0158327
3 0.4120213 0.4701041 0.0286050 0.0158327
32 0.4802832 0.4384386 0.5265928 0.4342698
6 0.4120213 0.2868965 0.0286050 0.0158328
19 0.6304597 0.2868965 0.0286050 0.0158328
5 0.4848341 0.3479657 0.0286050 0.0158328
13 0.5576469 0.3479657 0.0286050 0.0158328
33 0.2663956 0.4090349 0.0676119 0.0610692
1 0.2663956 0.4090349 0.0286050 0.0158327
29 0.5576469 0.4090349 0.0286050 0.0158327
11 0.7032726 0.4090349 0.0286050 0.0158327
26 0.2663956 0.4701041 0.0286050 0.0158327
22 0.3392084 0.4701041 0.0286050 0.0158327
20 0.3392084 0.5311733 0.0286050 0.0158327
9 0.6304597 0.5311733 0.0286050 0.0158327
21 0.7032726 0.5311733 0.0286050 0.0158327
18 0.3392084 0.5922424 0.0286050 0.0158327
7 0.4848341 0.5922424 0.0286050 0.0158327
3 0.5576469 0.5922424 0.0286050 0.0158327
31 0.7032726 0.5922424 0.0286050 0.0158327
21 0.7032726 0.2868965 0.0286050 0.0158328
25 0.6304597 0.4701041 0.0286050 0.0158327
6 0.4848341 0.4090349 0.0286050 0.0158327
2 0.7032726 0.3479657 0.0286050 0.0158328
2 0.7032726 0.4701041 0.0286050 0.0158327
31 0.3392084 0.2868965 0.0286050 0.0158328
21 0.4120213 0.3479657 0.0286050 0.0158328
17 0.6304597 0.3479657 0.0286050 0.0158328
14 0.5576469 0.5311733 0.0286050 0.0158327
18 0.3392084 0.4090349 0.0286050 0.0158327
1 0.5576469 0.4701041 0.0286050 0.0158327
20 0.3392084 0.3479657 0.0286050 0.0158328
21 0.2663956 0.5922424 0.0286050 0.0158327
16 0.4120213 0.4090349 0.0286050 0.0158327
31 0.4848341 0.4701041 0.0286050 0.0158327
1 0.6304597 0.4090349 0.0286050 0.0158327
25 0.4120213 0.5922424 0.0286050 0.0158327
6 0.6304597 0.5922424 0.0286050 0.0158327
23 0.2663956 0.3479657 0.0286050 0.0158328
23 0.5576469 0.2868965 0.0286050 0.0158328
1 0.4848341 0.2868965 0.0286050 0.0158328
6 0.4120213 0.5311733 0.0286050 0.0158327
30 0.4848341 0.5311733 0.0286050 0.0158327
14 0.2663956 0.2868965 0.0286050 0.0158328
