23 0.3478912 0.3992662 0.0263999 0.0158303
4 0.6166903 0.2771469 0.0263999 0.0158303
32 0.4108910 0.4286653 0.4859985 0.4342019
17 0.2134916 0.2771469 0.0263999 0.0158303
2 0.2806914 0.2771469 0.0263999 0.0158303
25 0.3478912 0.2771469 0.0263999 0.0158303
20 0.4822908 0.2771469 0.0263999 0.0158303
28 0.2806914 0.3382066 0.0263999 0.0158303
23 0.3478912 0.3382066 0.0263999 0.0158303
7 0.4822908 0.3992662 0.0263999 0.0158303
3 0.2806914 0.4603258 0.0263999 0.0158303
9 0.3478912 0.4603258 0.0263999 0.0158303
10 0.2134916 0.5213855 0.0263999 0.0158303
16 0.4150910 0.5213855 0.0263999 0.0158303
30 0.2806914 0.5824451 0.0263999 0.0158303
13 0.3478912 0.5824451 0.0263999 0.0158303
21 0.4150910 0.5824451 0.0263999 0.0158303
33 0.5494905 0.5824451 0.0623998 0.0610596
4 0.5494905 0.5824451 0.0263999 0.0158303
22 0.6166903 0.5824451 0.0263999 0.0158303
26 0.4150910 0.3382066 0.0263999 0.0158303
26 0.5494905 0.4603258 0.0263999 0.0158303
24 0.4150910 0.4603258 0.0263999 0.0158303
16 0.5494905 0.2771469 0.0263999 0.0158303
29 0.4150910 0.3992662 0.0263999 0.0158303
18 0.6166903 0.3992662 0.0263999 0.0158303
24 0.3478912 0.5213855 0.0263999 0.0158303
21 0.6166903 0.4603258 0.0263999 0.0158303
30 0.2806914 0.3992662 0.0263999 0.0158303
24 0.5494905 0.3382066 0.0263999 0.0158303
24 0.2134916 0.4603258 0.0263999 0.0158303
24 0.4822908 0.5213855 0.0263999 0.0158303
21 0.5494905 0.3992662 0.0263999 0.0158303
5 0.2806914 0.5213855 0.0263999 0.0158303
24 0.2134916 0.5824451 0.0263999 0.0158303
29 0.4150910 0.2771469 0.0263999 0.0158303
1 0.5494905 0.5213855 0.0263999 0.0158303
18 0.6166903 0.3382066 0.0263999 0.0158303
5 0.4822908 0.5824451 0.0263999 0.0158303
21 0.2134916 0.3992662 0.0263999 0.0158303
18 0.2134916 0.3382066 0.0263999 0.0158303
26 0.4822908 0.4603258 0.0263999 0.0158303
30 0.6166903 0.5213855 0.0263999 0.0158303
23 0.4822908 0.3382066 0.0263999 0.0158303
