6 0.6287067 0.6643448 0.0277044 0.0164531
9 0.4876665 0.5458822 0.0277043 0.0164532
32 0.5588162 0.5694651 0.5100116 0.4212000
24 0.3466262 0.4274197 0.0277043 0.0164531
8 0.7697469 0.4274197 0.0277043 0.0164531
23 0.4171463 0.4861026 0.0277043 0.0153563
2 0.5581866 0.4861026 0.0277043 0.0153563
10 0.6287067 0.4861026 0.0277044 0.0153563
20 0.6992268 0.4861026 0.0277044 0.0153563
14 0.4171463 0.5458822 0.0277043 0.0164532
33 0.7697469 0.5453338 0.0654829 0.0592312
29 0.7697469 0.5458822 0.0277043 0.0164532
30 0.4171463 0.6051135 0.0277043 0.0164531
11 0.4171463 0.6643448 0.0277043 0.0164531
3 0.7697469 0.6643448 0.0277043 0.0164531
28 0.3466262 0.7230275 0.0277043 0.0153563
19 0.4171463 0.7230275 0.0277043 0.0153563
26 0.6287067 0.7230275 0.0277044 0.0153563
27 0.6992268 0.7230275 0.0277044 0.0153563
18 0.7697469 0.7230275 0.0277043 0.0153563
7 0.5581866 0.5458822 0.0277043 0.0164532
29 0.7697469 0.4861026 0.0277043 0.0153563
27 0.5581866 0.6643448 0.0277043 0.0164531
1 0.3466262 0.6051135 0.0277043 0.0164531
17 0.4171463 0.4274197 0.0277043 0.0164531
28 0.6992268 0.4274197 0.0277044 0.0164531
30 0.4876665 0.6051135 0.0277043 0.0164531
26 0.4876665 0.4274197 0.0277043 0.0164531
23 0.4876665 0.7230275 0.0277043 0.0153563
27 0.6287067 0.4274197 0.0277044 0.0164531
5 0.6992268 0.6051135 0.0277044 0.0164531
1 0.4876665 0.6643448 0.0277043 0.0164531
2 0.6287067 0.6051135 0.0277044 0.0164531
18 0.7697469 0.6051135 0.0277043 0.0164531
30 0.6992268 0.6643448 0.0277044 0.0164531
26 0.4876665 0.4861026 0.0277043 0.0153563
6 0.5581866 0.7230275 0.0277043 0.0153563
6 0.3466262 0.4861026 0.0277043 0.0153563
4 0.5581866 0.6051135 0.0277043 0.0164531
15 0.3466262 0.5458822 0.0277043 0.0164532
29 0.6287067 0.5458822 0.0277044 0.0164532
21 0.6992268 0.5458822 0.0277044 0.0164532
19 0.5581866 0.4274197 0.0277043 0.0164531
13 0.3466262 0.6643448 0.0277043 0.0164531
