26 0.4942744 0.5471005 0.0266240 0.0157492
13 0.2231934 0.5471005 0.0266240 0.0157492
32 0.4222685 0.4548552 0.4901240 0.4319778
11 0.2231934 0.3041130 0.0266240 0.0157492
24 0.2909637 0.3041130 0.0266240 0.0157492
10 0.3587339 0.3041130 0.0266240 0.0157492
23 0.4942744 0.3041130 0.0266240 0.0157492
26 0.5620446 0.3041130 0.0266240 0.0157492
14 0.2909637 0.3648598 0.0266240 0.0157492
5 0.4265041 0.3648598 0.0266240 0.0157492
7 0.2909637 0.4256067 0.0266240 0.0157492
8 0.3587339 0.4256067 0.0266240 0.0157492
12 0.4265041 0.4256067 0.0266240 0.0157492
3 0.2231934 0.4863536 0.0266240 0.0157492
6 0.2909637 0.4863536 0.0266240 0.0157492
27 0.4265041 0.4863536 0.0266240 0.0157492
18 0.6298148 0.4863536 0.0266240 0.0157492
20 0.3587339 0.5471005 0.0266240 0.0157492
33 0.2231934 0.6078474 0.0629295 0.0607469
13 0.2231934 0.6078474 0.0266240 0.0157492
31 0.6298148 0.4256067 0.0266240 0.0157492
25 0.6298148 0.6078474 0.0266240 0.0157492
14 0.5620446 0.6078474 0.0266240 0.0157492
27 0.5620446 0.4256067 0.0266240 0.0157492
14 0.2231934 0.3648598 0.0266240 0.0157492
25 0.6298148 0.3041130 0.0266240 0.0157492
15 0.6298148 0.3648598 0.0266240 0.0157492
1 0.6298148 0.5471005 0.0266240 0.0157492
26 0.4942744 0.6078474 0.0266240 0.0157492
14 0.5620446 0.5471005 0.0266240 0.0157492
2 0.4942744 0.4256067 0.0266240 0.0157492
27 0.3587339 0.6078474 0.0266240 0.0157492
7 0.2909637 0.5471005 0.0266240 0.0157492
28 0.2231934 0.4256067 0.0266240 0.0157492
7 0.2909637 0.6078474 0.0266240 0.0157492
9 0.5620446 0.3648598 0.0266240 0.0157492
27 0.4265041 0.6078474 0.0266240 0.0157492
5 0.3587339 0.3648598 0.0266240 0.0157492
5 0.4265041 0.5471005 0.0266240 0.0157492
10 0.3587339 0.4863536 0.0266240 0.0157492
20 0.4265041 0.3041130 0.0266240 0.0157492
5 0.4942744 0.4863536 0.0266240 0.0157492
6 0.5620446 0.4863536 0.0266240 0.0157492
24 0.4942744 0.3648598 0.0266240 0.0157492
