22 0.3337913 0.6500342 0.0268570 0.0155637
31 0.5388807 0.7100655 0.0268570 0.0155637
32 0.5346080 0.6189069 0.4944120 0.4268891
20 0.7439700 0.4699404 0.0268569 0.0155637
10 0.4705175 0.5299717 0.0268569 0.0155637
19 0.5388807 0.5299717 0.0268570 0.0155637
25 0.6072438 0.5299717 0.0268570 0.0155637
1 0.6756070 0.5299717 0.0268569 0.0155637
4 0.4705175 0.5900030 0.0268569 0.0155636
28 0.5388807 0.5900030 0.0268570 0.0155636
33 0.6072438 0.5900030 0.0634801 0.0600313
29 0.6072438 0.5900030 0.0268570 0.0155636
26 0.7439700 0.5900030 0.0268569 0.0155636
16 0.4705175 0.6500342 0.0268569 0.0155637
6 0.6756070 0.6500342 0.0268569 0.0155637
23 0.3337913 0.7100655 0.0268570 0.0155637
15 0.4705175 0.7100655 0.0268569 0.0155637
9 0.3337913 0.7700968 0.0268570 0.0155636
11 0.4021544 0.7700968 0.0268570 0.0155636
13 0.6756070 0.7700968 0.0268569 0.0155636
12 0.4021544 0.4699404 0.0268570 0.0155637
24 0.6072438 0.7100655 0.0268570 0.0155637
24 0.6756070 0.4699404 0.0268569 0.0155637
3 0.4021544 0.7100655 0.0268570 0.0155637
4 0.4705175 0.4699404 0.0268569 0.0155637
3 0.3337913 0.5900030 0.0268570 0.0155636
2 0.6072438 0.4699404 0.0268570 0.0155637
4 0.4021544 0.5900030 0.0268570 0.0155636
12 0.6072438 0.6500342 0.0268570 0.0155637
20 0.4021544 0.5299717 0.0268570 0.0155637
6 0.7439700 0.6500342 0.0268569 0.0155637
8 0.7439700 0.5299717 0.0268569 0.0155637
10 0.6756070 0.7100655 0.0268569 0.0155637
4 0.7439700 0.7100655 0.0268569 0.0155637
20 0.5388807 0.4699404 0.0268570 0.0155637
20 0.5388807 0.6500342 0.0268570 0.0155637
22 0.5388807 0.7700968 0.0268570 0.0155636
10 0.6072438 0.7700968 0.0268570 0.0155636
1 0.3337913 0.5299717 0.0268570 0.0155637
1 0.7439700 0.7700968 0.0268569 0.0155636
23 0.4705175 0.7700968 0.0268569 0.0155636
25 0.4021544 0.6500342 0.0268570 0.0155637
3 0.6756070 0.5900030 0.0268569 0.0155636
3 0.3337913 0.4699404 0.0268570 0.0155637
