24 0.5760603 0.2519535 0.0263564 0.0162876
24 0.7102382 0.1891298 0.0263564 0.0162876
32 0.5047782 0.3450256 0.4851970 0.4467461
20 0.3747933 0.1891298 0.0263564 0.0162876
6 0.4418823 0.3147772 0.0263564 0.0162876
10 0.5089713 0.3147772 0.0263564 0.0162876
7 0.6431492 0.3147772 0.0263564 0.0162876
27 0.7102382 0.3147772 0.0263564 0.0162876
5 0.3077043 0.3776009 0.0263564 0.0162876
9 0.5760603 0.3776009 0.0263564 0.0162876
33 0.3747933 0.4404246 0.0622969 0.0628237
30 0.3747933 0.4404246 0.0263564 0.0162876
17 0.7102382 0.4404246 0.0263564 0.0162876
14 0.5089713 0.3776009 0.0263564 0.0162876
13 0.3077043 0.4404246 0.0263564 0.0162876
4 0.7102382 0.3776009 0.0263564 0.0162876
8 0.3747933 0.3776009 0.0263564 0.0162876
26 0.5760603 0.1891298 0.0263564 0.0162876
15 0.6431492 0.3776009 0.0263564 0.0162876
11 0.3747933 0.3147772 0.0263564 0.0162876
28 0.3077043 0.3147772 0.0263564 0.0162876
13 0.3077043 0.2519535 0.0263564 0.0162876
5 0.4418823 0.2519535 0.0263564 0.0162876
11 0.5089713 0.4404246 0.0263564 0.0162876
22 0.6431492 0.4404246 0.0263564 0.0162876
2 0.6431492 0.1891298 0.0263564 0.0162876
28 0.4418823 0.4404246 0.0263564 0.0162876
7 0.5760603 0.3147772 0.0263564 0.0162876
9 0.5089713 0.2519535 0.0263564 0.0162876
18 0.5089713 0.1891298 0.0263564 0.0162876
19 0.6431492 0.2519535 0.0263564 0.0162876
7 0.3747933 0.2519535 0.0263564 0.0162876
7 0.3077043 0.1891298 0.0263564 0.0162876
16 0.7102382 0.2519535 0.0263564 0.0162876
5 0.4418823 0.3776009 0.0263564 0.0162876
28 0.5760603 0.4404246 0.0263564 0.0162876
26 0.4418823 0.1891298 0.0263564 0.0162876
