14 0.7207925 0.3194678 0.0276927 0.0155558
15 0.7207925 0.2594669 0.0276927 0.0155558
32 0.6458963 0.3483571 0.5097976 0.4266733
19 0.4388303 0.1994660 0.0276927 0.0155558
21 0.7207925 0.1994660 0.0276927 0.0155558
18 0.4388303 0.2594669 0.0276927 0.0155558
22 0.6503019 0.2594669 0.0276927 0.0155558
17 0.6503019 0.3194678 0.0276927 0.0155558
27 0.7912830 0.3194678 0.0276927 0.0155558
13 0.5798114 0.3794688 0.0276927 0.0155558
31 0.6503019 0.3794688 0.0276927 0.0155558
28 0.8617735 0.3794688 0.0276927 0.0155558
4 0.4388303 0.4394697 0.0276927 0.0155558
2 0.5093208 0.4394697 0.0276927 0.0155558
33 0.7207925 0.4394697 0.0654555 0.0600009
7 0.7207925 0.4394697 0.0276927 0.0155558
15 0.7912830 0.4394697 0.0276927 0.0155558
29 0.8617735 0.4394697 0.0276927 0.0155558
3 0.4388303 0.4994706 0.0276927 0.0155558
26 0.7207925 0.4994706 0.0276927 0.0155558
24 0.6503019 0.4994706 0.0276927 0.0155558
24 0.5798114 0.2594669 0.0276927 0.0155558
29 0.6503019 0.1994660 0.0276927 0.0155558
13 0.5093208 0.1994660 0.0276927 0.0155558
6 0.5798114 0.1994660 0.0276927 0.0155558
6 0.5093208 0.4994706 0.0276927 0.0155558
4 0.7912830 0.1994660 0.0276927 0.0155558
13 0.8617735 0.4994706 0.0276927 0.0155558
18 0.8617735 0.2594669 0.0276927 0.0155558
23 0.8617735 0.1994660 0.0276927 0.0155558
2 0.5093208 0.3194678 0.0276927 0.0155558
9 0.5093208 0.3794688 0.0276927 0.0155558
21 0.7912830 0.2594669 0.0276927 0.0155558
1 0.5798114 0.4394697 0.0276927 0.0155558
10 0.8617735 0.3194678 0.0276927 0.0155558
6 0.7912830 0.4994706 0.0276927 0.0155558
22 0.4388303 0.3794688 0.0276927 0.0155558
27 0.5798114 0.4994706 0.0276927 0.0155558
4 0.7207925 0.3794688 0.0276927 0.0155558
6 0.6503019 0.4394697 0.0276927 0.0155558
21 0.5798114 0.3194678 0.0276927 0.0155558
2 0.4388303 0.3194678 0.0276927 0.0155558
2 0.5093208 0.2594669 0.0276927 0.0155558
15 0.7912830 0.3794688 0.0276927 0.0155558
