4 0.4600593 0.4570181 0.0285783 0.0162160
25 0.6055488 0.4570181 0.0285783 0.0162160
32 0.6010022 0.4245861 0.5261004 0.4447809
4 0.4600593 0.2693761 0.0285783 0.0162160
7 0.8237830 0.2693761 0.0285783 0.0162160
33 0.3873145 0.3319234 0.0675487 0.0625473
21 0.3873145 0.3319234 0.0285783 0.0162160
30 0.5328040 0.3319234 0.0285783 0.0162160
31 0.8237830 0.3944708 0.0285783 0.0162160
12 0.3873145 0.4570181 0.0285783 0.0162160
13 0.4600593 0.5195654 0.0285783 0.0162160
6 0.7510383 0.5195654 0.0285783 0.0162160
26 0.8237830 0.5195654 0.0285783 0.0162160
31 0.5328040 0.3944708 0.0285783 0.0162160
2 0.7510383 0.4570181 0.0285783 0.0162160
11 0.6055488 0.3944708 0.0285783 0.0162160
31 0.5328040 0.5195654 0.0285783 0.0162160
27 0.5328040 0.2693761 0.0285783 0.0162160
1 0.6782935 0.3319234 0.0285783 0.0162160
3 0.7510383 0.3944708 0.0285783 0.0162160
13 0.5328040 0.4570181 0.0285783 0.0162160
9 0.6782935 0.4570181 0.0285783 0.0162160
18 0.6782935 0.3944708 0.0285783 0.0162160
30 0.3873145 0.3944708 0.0285783 0.0162160
1 0.7510383 0.2693761 0.0285783 0.0162160
31 0.6055488 0.3319234 0.0285783 0.0162160
29 0.6782935 0.2693761 0.0285783 0.0162160
6 0.7510383 0.3319234 0.0285783 0.0162160
20 0.8237830 0.3319234 0.0285783 0.0162160
5 0.6055488 0.2693761 0.0285783 0.0162160
8 0.3873145 0.2693761 0.0285783 0.0162160
29 0.4600593 0.3319234 0.0285783 0.0162160
31 0.8237830 0.4570181 0.0285783 0.0162160
5 0.6055488 0.5195654 0.0285783 0.0162160
14 0.6782935 0.5195654 0.0285783 0.0162160
13 0.3873145 0.5195654 0.0285783 0.0162160
3 0.4600593 0.3944708 0.0285783 0.0162160
