24 0.4707544 0.4827934 0.0285139 0.0166567
21 0.1078493 0.4827934 0.0285140 0.0166567
32 0.3262404 0.6265963 0.5249162 0.4264118
30 0.3255924 0.4827934 0.0285140 0.0166567
33 0.1078493 0.5422024 0.0673967 0.0599641
17 0.1078493 0.5422024 0.0285140 0.0155463
13 0.3981734 0.5422024 0.0285140 0.0155463
14 0.4707544 0.5422024 0.0285139 0.0155463
17 0.2530114 0.6027218 0.0285140 0.0166566
24 0.3981734 0.6027218 0.0285140 0.0166566
3 0.2530114 0.6626859 0.0285140 0.0166568
4 0.3255924 0.6626859 0.0285140 0.0166568
25 0.3981734 0.7226501 0.0285140 0.0166568
8 0.5433354 0.7226501 0.0285140 0.0166568
29 0.1078493 0.6027218 0.0285140 0.0166566
6 0.1078493 0.6626859 0.0285140 0.0166568
19 0.5433354 0.6027218 0.0285140 0.0166566
21 0.2530114 0.4827934 0.0285140 0.0166567
8 0.3255924 0.6027218 0.0285140 0.0166566
21 0.4707544 0.7226501 0.0285139 0.0166568
12 0.5433354 0.6626859 0.0285140 0.0166568
12 0.1804304 0.7226501 0.0285140 0.0166568
31 0.5433354 0.4827934 0.0285140 0.0166567
4 0.1804304 0.6626859 0.0285140 0.0166568
5 0.3255924 0.5422024 0.0285140 0.0155463
14 0.4707544 0.6027218 0.0285139 0.0166566
29 0.4707544 0.6626859 0.0285139 0.0166568
12 0.5433354 0.5422024 0.0285140 0.0155463
29 0.1804304 0.6027218 0.0285140 0.0166566
7 0.1804304 0.5422024 0.0285140 0.0155463
1 0.1804304 0.4827934 0.0285140 0.0166567
5 0.3981734 0.6626859 0.0285140 0.0166568
1 0.2530114 0.5422024 0.0285140 0.0155463
27 0.3981734 0.4827934 0.0285140 0.0166567
6 0.2530114 0.7226501 0.0285140 0.0166568
13 0.1078493 0.7226501 0.0285140 0.0166568
18 0.3255924 0.7226501 0.0285140 0.0166568
