16 0.2862196 0.3056997 0.0283910 0.0156274
26 0.3584877 0.3056997 0.0283910 0.0156274
32 0.4262390 0.3949994 0.5226530 0.4286385
19 0.2139515 0.2454224 0.0283910 0.0156274
20 0.2862196 0.2454224 0.0283910 0.0156274
33 0.4307557 0.2454224 0.0671061 0.0602773
24 0.4307557 0.2454224 0.0283910 0.0156274
8 0.2862196 0.3659770 0.0283910 0.0156274
22 0.4307557 0.3659770 0.0283910 0.0156274
21 0.5752919 0.3659770 0.0283910 0.0156274
14 0.2862196 0.4262543 0.0283910 0.0156274
2 0.5030238 0.4262543 0.0283910 0.0156274
24 0.5752919 0.4262543 0.0283910 0.0156274
23 0.4307557 0.4865316 0.0283910 0.0156274
6 0.5752919 0.4865316 0.0283910 0.0156274
11 0.2139515 0.5468089 0.0283910 0.0156274
31 0.2862196 0.5468089 0.0283910 0.0156274
28 0.3584877 0.5468089 0.0283910 0.0156274
1 0.4307557 0.5468089 0.0283910 0.0156274
9 0.5030238 0.5468089 0.0283910 0.0156274
5 0.2139515 0.3659770 0.0283910 0.0156274
4 0.4307557 0.4262543 0.0283910 0.0156274
17 0.6475600 0.4865316 0.0283910 0.0156274
1 0.3584877 0.4262543 0.0283910 0.0156274
6 0.5752919 0.2454224 0.0283910 0.0156274
16 0.4307557 0.3056997 0.0283910 0.0156274
13 0.2862196 0.4865316 0.0283910 0.0156274
29 0.5752919 0.5468089 0.0283910 0.0156274
10 0.2139515 0.4262543 0.0283910 0.0156274
24 0.3584877 0.2454224 0.0283910 0.0156274
18 0.5752919 0.3056997 0.0283910 0.0156274
24 0.3584877 0.4865316 0.0283910 0.0156274
19 0.6475600 0.2454224 0.0283910 0.0156274
23 0.6475600 0.3659770 0.0283910 0.0156274
13 0.6475600 0.5468089 0.0283910 0.0156274
12 0.5030238 0.2454224 0.0283910 0.0156274
21 0.5030238 0.4865316 0.0283910 0.0156274
15 0.6475600 0.4262543 0.0283910 0.0156274
28 0.2139515 0.4865316 0.0283910 0.0156274
22 0.6475600 0.3056997 0.0283910 0.0156274
9 0.5030238 0.3659770 0.0283910 0.0156274
13 0.3584877 0.3659770 0.0283910 0.0156274
25 0.2139515 0.3056997 0.0283910 0.0156274
12 0.5030238 0.3056997 0.0283910 0.0156274
