28 0.2255962 0.3970925 0.0271446 0.0168805
28 0.4328823 0.4572997 0.0271446 0.0157552
32 0.2953085 0.5428277 0.4997076 0.4321415
19 0.1565008 0.3970925 0.0271446 0.0168805
6 0.2946916 0.3970925 0.0271446 0.0168805
14 0.0874055 0.5186323 0.0271446 0.0168806
12 0.0874055 0.5794021 0.0271446 0.0168805
26 0.3637869 0.5794021 0.0271446 0.0168805
27 0.5019777 0.5794021 0.0271446 0.0168805
33 0.1565008 0.6396094 0.0641600 0.0607699
18 0.1565008 0.6401721 0.0271446 0.0168806
31 0.2255962 0.6401721 0.0271446 0.0168806
22 0.3637869 0.6401721 0.0271446 0.0168806
6 0.5019777 0.4572997 0.0271446 0.0157552
16 0.0874055 0.4572997 0.0271446 0.0157552
4 0.5019777 0.5186323 0.0271446 0.0168806
19 0.4328823 0.6401721 0.0271446 0.0168806
15 0.2946916 0.4572997 0.0271446 0.0157552
28 0.2946916 0.5794021 0.0271446 0.0168805
11 0.1565008 0.4572997 0.0271446 0.0157552
26 0.4328823 0.5794021 0.0271446 0.0168805
28 0.2255962 0.5794021 0.0271446 0.0168805
29 0.4328823 0.5186323 0.0271446 0.0168806
24 0.4328823 0.3970925 0.0271446 0.0168805
23 0.3637869 0.3970925 0.0271446 0.0168805
22 0.3637869 0.5186323 0.0271446 0.0168806
24 0.0874055 0.3970925 0.0271446 0.0168805
29 0.5019777 0.3970925 0.0271446 0.0168805
31 0.2946916 0.5186323 0.0271446 0.0168806
25 0.5019777 0.6401721 0.0271446 0.0168806
12 0.1565008 0.5794021 0.0271446 0.0168805
15 0.1565008 0.5186323 0.0271446 0.0168806
9 0.3637869 0.4572997 0.0271446 0.0157552
9 0.2946916 0.6401721 0.0271446 0.0168806
21 0.2255962 0.4572997 0.0271446 0.0157552
19 0.0874055 0.6401721 0.0271446 0.0168806
5 0.2255962 0.5186323 0.0271446 0.0168806
