25 0.5770253 0.5210302 0.0276931 0.0162791
6 0.6475168 0.5210302 0.0276931 0.0162791
32 0.6431110 0.3628911 0.5098042 0.4465106
23 0.4360424 0.2070775 0.0276931 0.0162790
12 0.5065339 0.2070775 0.0276931 0.0162790
24 0.7884997 0.2070775 0.0276930 0.0162790
9 0.8589911 0.2070775 0.0276931 0.0162790
14 0.5065339 0.2698680 0.0276931 0.0162790
27 0.5770253 0.2698680 0.0276931 0.0162790
2 0.7884997 0.2698680 0.0276930 0.0162790
3 0.5770253 0.3326586 0.0276931 0.0162790
8 0.6475168 0.3326586 0.0276931 0.0162790
11 0.5770253 0.3954492 0.0276931 0.0162790
17 0.7180082 0.3954492 0.0276930 0.0162790
25 0.5065339 0.4582397 0.0276931 0.0162790
33 0.6475168 0.4582397 0.0654563 0.0627905
3 0.6475168 0.4582397 0.0276931 0.0162790
28 0.7180082 0.4582397 0.0276930 0.0162790
16 0.5065339 0.5210302 0.0276931 0.0162791
10 0.7884997 0.5210302 0.0276930 0.0162791
14 0.7884997 0.3326586 0.0276930 0.0162790
13 0.7180082 0.5210302 0.0276930 0.0162791
21 0.8589911 0.5210302 0.0276931 0.0162791
20 0.5770253 0.4582397 0.0276931 0.0162790
25 0.7180082 0.3326586 0.0276930 0.0162790
27 0.8589911 0.4582397 0.0276931 0.0162790
19 0.7180082 0.2070775 0.0276930 0.0162790
5 0.4360424 0.3954492 0.0276931 0.0162790
15 0.5065339 0.3954492 0.0276931 0.0162790
14 0.4360424 0.2698680 0.0276931 0.0162790
26 0.5770253 0.2070775 0.0276931 0.0162790
23 0.6475168 0.2070775 0.0276931 0.0162790
5 0.8589911 0.3954492 0.0276931 0.0162790
4 0.4360424 0.4582397 0.0276931 0.0162790
5 0.4360424 0.5210302 0.0276931 0.0162791
23 0.4360424 0.3326586 0.0276931 0.0162790
24 0.7884997 0.3954492 0.0276930 0.0162790
15 0.6475168 0.2698680 0.0276931 0.0162790
25 0.8589911 0.2698680 0.0276931 0.0162790
24 0.7884997 0.4582397 0.0276930 0.0162790
13 0.6475168 0.3954492 0.0276931 0.0162790
20 0.8589911 0.3326586 0.0276931 0.0162790
4 0.7180082 0.2698680 0.0276930 0.0162790
13 0.5065339 0.3326586 0.0276931 0.0162790
