24 0.1311110 0.5307125 0.0281888 0.0155589
18 0.1311110 0.2306467 0.0281888 0.0155590
32 0.3418866 0.3795682 0.5189308 0.4267602
27 0.2028644 0.2306467 0.0281888 0.0155590
2 0.3463712 0.2306467 0.0281888 0.0155590
18 0.4181245 0.2306467 0.0281888 0.0155590
1 0.1311110 0.2906599 0.0281888 0.0155590
12 0.2746178 0.2906599 0.0281888 0.0155590
33 0.3463712 0.2906599 0.0666282 0.0600132
19 0.3463712 0.2906599 0.0281888 0.0155590
5 0.2028644 0.3506730 0.0281888 0.0155589
21 0.4898780 0.3506730 0.0281889 0.0155589
8 0.5616314 0.3506730 0.0281889 0.0155589
3 0.1311110 0.4106862 0.0281888 0.0155589
14 0.2028644 0.4106862 0.0281888 0.0155589
30 0.2746178 0.4106862 0.0281888 0.0155589
13 0.3463712 0.4106862 0.0281888 0.0155589
20 0.5616314 0.4706993 0.0281889 0.0155589
26 0.4181245 0.5307125 0.0281888 0.0155589
31 0.5616314 0.5307125 0.0281889 0.0155589
23 0.3463712 0.4706993 0.0281888 0.0155589
6 0.4898780 0.4106862 0.0281889 0.0155589
31 0.4181245 0.2906599 0.0281888 0.0155590
15 0.4181245 0.4106862 0.0281888 0.0155589
23 0.2746178 0.5307125 0.0281888 0.0155589
31 0.2746178 0.4706993 0.0281888 0.0155589
26 0.4898780 0.5307125 0.0281889 0.0155589
27 0.4898780 0.4706993 0.0281889 0.0155589
24 0.3463712 0.3506730 0.0281888 0.0155589
15 0.4898780 0.2906599 0.0281889 0.0155590
25 0.3463712 0.5307125 0.0281888 0.0155589
16 0.4181245 0.4706993 0.0281888 0.0155589
25 0.5616314 0.2906599 0.0281889 0.0155590
5 0.2028644 0.5307125 0.0281888 0.0155589
7 0.2746178 0.2306467 0.0281888 0.0155590
1 0.5616314 0.4106862 0.0281889 0.0155589
29 0.4898780 0.2306467 0.0281889 0.0155590
20 0.2028644 0.2906599 0.0281888 0.0155590
30 0.5616314 0.2306467 0.0281889 0.0155590
2 0.1311110 0.3506730 0.0281888 0.0155589
17 0.2746178 0.3506730 0.0281888 0.0155589
31 0.4181245 0.3506730 0.0281888 0.0155589
31 0.2028644 0.4706993 0.0281888 0.0155589
30 0.1311110 0.4706993 0.0281888 0.0155589
