1 0.5101403 0.4342560 0.0261758 0.0167674
19 0.7100281 0.4342560 0.0261758 0.0167674
32 0.5107353 0.3375641 0.4818723 0.4292452
7 0.4435111 0.1928056 0.0261758 0.0167674
4 0.5101403 0.1928056 0.0261758 0.0167674
1 0.7100281 0.1928056 0.0261758 0.0167674
9 0.3768819 0.2526093 0.0261758 0.0156496
24 0.4435111 0.2526093 0.0261758 0.0156496
29 0.5101403 0.2526093 0.0261758 0.0156496
33 0.7100281 0.2526093 0.0618700 0.0603626
16 0.7100281 0.2526093 0.0261758 0.0156496
21 0.3768819 0.3738934 0.0261758 0.0167674
30 0.4435111 0.3738934 0.0261758 0.0167674
12 0.3768819 0.1928056 0.0261758 0.0167674
8 0.7100281 0.3738934 0.0261758 0.0167674
24 0.4435111 0.3135308 0.0261758 0.0167674
2 0.5101403 0.3738934 0.0261758 0.0167674
15 0.3102526 0.4342560 0.0261758 0.0167674
7 0.5767696 0.3738934 0.0261758 0.0167674
4 0.6433989 0.1928056 0.0261758 0.0167674
29 0.3102526 0.3135308 0.0261758 0.0167674
12 0.4435111 0.4342560 0.0261758 0.0167674
5 0.3102526 0.1928056 0.0261758 0.0167674
26 0.3102526 0.3738934 0.0261758 0.0167674
19 0.6433989 0.3738934 0.0261758 0.0167674
31 0.5101403 0.3135308 0.0261758 0.0167674
15 0.7100281 0.3135308 0.0261758 0.0167674
2 0.5767696 0.4342560 0.0261758 0.0167674
9 0.6433989 0.4342560 0.0261758 0.0167674
7 0.3768819 0.4342560 0.0261758 0.0167674
21 0.5767696 0.1928056 0.0261758 0.0167674
23 0.3102526 0.2526093 0.0261758 0.0156496
18 0.5767696 0.3135308 0.0261758 0.0167674
4 0.6433989 0.3135308 0.0261758 0.0167674
24 0.3768819 0.3135308 0.0261758 0.0167674
11 0.6433989 0.2526093 0.0261758 0.0156496
9 0.5767696 0.2526093 0.0261758 0.0156496
