18 0.2947765 0.6121874 0.0279168 0.0151253
8 0.2947765 0.4371665 0.0279168 0.0151253
32 0.2903351 0.4652563 0.5139235 0.4148644
28 0.3658375 0.3204859 0.0279169 0.0151253
10 0.4368985 0.3204859 0.0279168 0.0151253
9 0.2947765 0.3788262 0.0279168 0.0151253
2 0.4368985 0.3788262 0.0279168 0.0151253
11 0.5079595 0.3788262 0.0279168 0.0151253
23 0.0815934 0.4371665 0.0279168 0.0151253
13 0.4368985 0.4371665 0.0279168 0.0151253
27 0.0815934 0.4955068 0.0279168 0.0151253
25 0.1526544 0.4955068 0.0279168 0.0151253
5 0.3658375 0.4955068 0.0279169 0.0151253
3 0.1526544 0.5538471 0.0279168 0.0151253
33 0.2237154 0.5538471 0.0659852 0.0583403
27 0.2237154 0.5538471 0.0279168 0.0151253
15 0.3658375 0.5538471 0.0279169 0.0151253
19 0.5079595 0.5538471 0.0279168 0.0151253
6 0.2237154 0.6121874 0.0279168 0.0151253
14 0.4368985 0.6121874 0.0279168 0.0151253
16 0.3658375 0.6121874 0.0279169 0.0151253
4 0.0815934 0.6121874 0.0279168 0.0151253
24 0.1526544 0.4371665 0.0279168 0.0151253
29 0.0815934 0.5538471 0.0279168 0.0151253
3 0.2947765 0.5538471 0.0279168 0.0151253
23 0.5079595 0.3204859 0.0279168 0.0151253
25 0.1526544 0.3204859 0.0279168 0.0151253
27 0.5079595 0.4955068 0.0279168 0.0151253
15 0.2237154 0.4371665 0.0279168 0.0151253
3 0.1526544 0.6121874 0.0279168 0.0151253
29 0.2947765 0.4955068 0.0279168 0.0151253
19 0.0815934 0.3788262 0.0279168 0.0151253
19 0.3658375 0.4371665 0.0279169 0.0151253
4 0.2237154 0.4955068 0.0279168 0.0151253
12 0.5079595 0.4371665 0.0279168 0.0151253
31 0.2947765 0.3204859 0.0279168 0.0151253
7 0.1526544 0.3788262 0.0279168 0.0151253
6 0.0815934 0.3204859 0.0279168 0.0151253
2 0.4368985 0.5538471 0.0279168 0.0151253
8 0.3658375 0.3788262 0.0279169 0.0151253
16 0.5079595 0.6121874 0.0279168 0.0151253
4 0.4368985 0.4955068 0.0279168 0.0151253
31 0.2237154 0.3204859 0.0279168 0.0151253
7 0.2237154 0.3788262 0.0279168 0.0151253
