11 0.7909227 0.7324893 0.0282993 0.0161931
24 0.3587143 0.7324893 0.0282994 0.0161931
32 0.5754617 0.5705588 0.5209655 0.4441520
2 0.5027837 0.4207732 0.0282994 0.0173497
11 0.7188879 0.4207732 0.0282993 0.0173497
13 0.7909227 0.4207732 0.0282993 0.0173497
30 0.7188879 0.4826537 0.0282993 0.0161930
29 0.5027837 0.5456910 0.0282994 0.0173497
10 0.5748185 0.5456910 0.0282994 0.0173497
33 0.4307490 0.6075715 0.0668894 0.0624589
31 0.4307490 0.6081498 0.0282993 0.0173497
12 0.5027837 0.6081498 0.0282994 0.0173497
28 0.7188879 0.6081498 0.0282993 0.0173497
23 0.3587143 0.6706087 0.0282994 0.0173497
27 0.5027837 0.6706087 0.0282994 0.0173497
15 0.6468532 0.6706087 0.0282993 0.0173497
3 0.7188879 0.6706087 0.0282993 0.0173497
17 0.7909227 0.6706087 0.0282993 0.0173497
8 0.5027837 0.7324893 0.0282994 0.0161931
18 0.7188879 0.7324893 0.0282993 0.0161931
17 0.4307490 0.5456910 0.0282993 0.0173497
7 0.5748185 0.4826537 0.0282994 0.0161930
16 0.4307490 0.4826537 0.0282993 0.0161930
13 0.4307490 0.7324893 0.0282993 0.0161931
27 0.6468532 0.4826537 0.0282993 0.0161930
28 0.3587143 0.6081498 0.0282994 0.0173497
28 0.6468532 0.4207732 0.0282993 0.0173497
11 0.5748185 0.7324893 0.0282994 0.0161931
5 0.4307490 0.6706087 0.0282993 0.0173497
18 0.5748185 0.6081498 0.0282994 0.0173497
20 0.7188879 0.5456910 0.0282993 0.0173497
12 0.6468532 0.7324893 0.0282993 0.0161931
20 0.6468532 0.6081498 0.0282993 0.0173497
24 0.7909227 0.4826537 0.0282993 0.0161930
9 0.5027837 0.4826537 0.0282994 0.0161930
27 0.7909227 0.6081498 0.0282993 0.0173497
26 0.3587143 0.4207732 0.0282994 0.0173497
15 0.4307490 0.4207732 0.0282993 0.0173497
25 0.3587143 0.5456910 0.0282994 0.0173497
2 0.5748185 0.4207732 0.0282994 0.0173497
28 0.3587143 0.4826537 0.0282994 0.0161930
17 0.6468532 0.5456910 0.0282993 0.0173497
15 0.5748185 0.6706087 0.0282994 0.0173497
28 0.7909227 0.5456910 0.0282993 0.0173497
