24 0.2066665 0.2356066 0.0275713 0.0158414
3 0.4873925 0.4189146 0.0275713 0.0158414
32 0.2724616 0.3872317 0.5075626 0.4345077
33 0.1364850 0.2356066 0.0651685 0.0611026
12 0.1364850 0.2356066 0.0275713 0.0158414
10 0.2768480 0.2356066 0.0275713 0.0158414
26 0.3470295 0.2356066 0.0275713 0.0158414
5 0.3470295 0.2967093 0.0275713 0.0158414
27 0.4172110 0.2967093 0.0275713 0.0158414
1 0.4873925 0.2967093 0.0275713 0.0158414
25 0.2768480 0.3578119 0.0275713 0.0158414
8 0.3470295 0.4189146 0.0275713 0.0158414
28 0.1364850 0.4800172 0.0275713 0.0158414
15 0.0663035 0.2967093 0.0275713 0.0158414
7 0.3470295 0.3578119 0.0275713 0.0158414
7 0.2066665 0.4189146 0.0275713 0.0158414
9 0.4172110 0.3578119 0.0275713 0.0158414
11 0.4172110 0.2356066 0.0275713 0.0158414
7 0.1364850 0.3578119 0.0275713 0.0158414
23 0.4873925 0.3578119 0.0275713 0.0158414
4 0.2066665 0.2967093 0.0275713 0.0158414
9 0.2768480 0.2967093 0.0275713 0.0158414
4 0.2066665 0.3578119 0.0275713 0.0158414
7 0.4873925 0.4800172 0.0275713 0.0158414
18 0.2768480 0.4800172 0.0275713 0.0158414
1 0.3470295 0.4800172 0.0275713 0.0158414
23 0.0663035 0.4189146 0.0275713 0.0158414
13 0.1364850 0.2967093 0.0275713 0.0158414
24 0.4172110 0.4800172 0.0275713 0.0158414
26 0.0663035 0.3578119 0.0275713 0.0158414
2 0.2066665 0.4800172 0.0275713 0.0158414
21 0.0663035 0.2356066 0.0275713 0.0158414
2 0.4172110 0.4189146 0.0275713 0.0158414
29 0.2768480 0.4189146 0.0275713 0.0158414
6 0.1364850 0.4189146 0.0275713 0.0158414
13 0.4873925 0.2356066 0.0275713 0.0158414
3 0.0663035 0.4800172 0.0275713 0.0158414
