15 0.6732524 0.4136819 0.0282700 0.0154901
29 0.7452122 0.2941869 0.0282700 0.0154901
32 0.5248351 0.3827018 0.5204241 0.4248712
33 0.3134529 0.2344394 0.0668199 0.0597475
27 0.3134529 0.2344394 0.0282700 0.0154901
21 0.5293326 0.2344394 0.0282700 0.0154901
26 0.6012925 0.2344394 0.0282700 0.0154901
1 0.6732524 0.2344394 0.0282700 0.0154901
30 0.3854128 0.2941869 0.0282700 0.0154901
29 0.5293326 0.2941869 0.0282700 0.0154901
27 0.6732524 0.2941869 0.0282700 0.0154901
5 0.3134529 0.3539344 0.0282700 0.0154901
15 0.4573727 0.3539344 0.0282700 0.0154901
22 0.6732524 0.3539344 0.0282700 0.0154901
10 0.7452122 0.3539344 0.0282700 0.0154901
24 0.4573727 0.4136819 0.0282700 0.0154901
9 0.5293326 0.4136819 0.0282700 0.0154901
31 0.7452122 0.4136819 0.0282700 0.0154901
28 0.3134529 0.5331769 0.0282700 0.0154900
23 0.7452122 0.5331769 0.0282700 0.0154900
24 0.4573727 0.4734295 0.0282700 0.0154901
16 0.6012925 0.4136819 0.0282700 0.0154901
10 0.3854128 0.5331769 0.0282700 0.0154900
15 0.6732524 0.5331769 0.0282700 0.0154900
5 0.3854128 0.3539344 0.0282700 0.0154901
14 0.6012925 0.4734295 0.0282700 0.0154901
6 0.6732524 0.4734295 0.0282700 0.0154901
7 0.5293326 0.3539344 0.0282700 0.0154901
14 0.6012925 0.2941869 0.0282700 0.0154901
24 0.5293326 0.5331769 0.0282700 0.0154900
21 0.5293326 0.4734295 0.0282700 0.0154901
29 0.6012925 0.3539344 0.0282700 0.0154901
4 0.4573727 0.2344394 0.0282700 0.0154901
9 0.4573727 0.5331769 0.0282700 0.0154900
13 0.3854128 0.4136819 0.0282700 0.0154901
27 0.3854128 0.2344394 0.0282700 0.0154901
6 0.3134529 0.2941869 0.0282700 0.0154901
19 0.3854128 0.4734295 0.0282700 0.0154901
11 0.7452122 0.2344394 0.0282700 0.0154901
11 0.6012925 0.5331769 0.0282700 0.0154900
6 0.4573727 0.2941869 0.0282700 0.0154901
15 0.3134529 0.4734295 0.0282700 0.0154901
9 0.3134529 0.4136819 0.0282700 0.0154901
9 0.7452122 0.4734295 0.0282700 0.0154901
