18 0.3187109 0.4960983 0.0281344 0.0149166
15 0.5335550 0.2659568 0.0281343 0.0149166
32 0.3858497 0.4087298 0.5179277 0.4091404
10 0.1754815 0.3234922 0.0281343 0.0149166
17 0.2470962 0.3234922 0.0281343 0.0149166
33 0.3187109 0.3234922 0.0664994 0.0575354
17 0.3187109 0.3234922 0.0281344 0.0149166
23 0.6051698 0.3234922 0.0281343 0.0149166
16 0.2470962 0.3810276 0.0281343 0.0149166
19 0.3187109 0.4385629 0.0281344 0.0149165
21 0.3903256 0.4385629 0.0281343 0.0149165
28 0.4619403 0.4385629 0.0281343 0.0149165
6 0.3903256 0.4960983 0.0281343 0.0149166
3 0.1754815 0.2659568 0.0281343 0.0149166
19 0.3903256 0.3810276 0.0281343 0.0149166
22 0.2470962 0.4385629 0.0281343 0.0149165
10 0.3187109 0.3810276 0.0281344 0.0149166
25 0.1754815 0.4960983 0.0281343 0.0149166
31 0.5335550 0.4960983 0.0281343 0.0149166
1 0.6051698 0.2659568 0.0281343 0.0149166
21 0.5335550 0.3234922 0.0281343 0.0149166
24 0.4619403 0.2659568 0.0281343 0.0149166
27 0.3187109 0.2659568 0.0281344 0.0149166
22 0.1754815 0.4385629 0.0281343 0.0149165
18 0.4619403 0.3234922 0.0281343 0.0149166
2 0.1754815 0.3810276 0.0281343 0.0149166
3 0.2470962 0.2659568 0.0281343 0.0149166
26 0.6051698 0.4960983 0.0281343 0.0149166
14 0.6051698 0.4385629 0.0281343 0.0149165
19 0.6051698 0.3810276 0.0281343 0.0149166
28 0.5335550 0.4385629 0.0281343 0.0149165
29 0.2470962 0.4960983 0.0281343 0.0149166
25 0.3903256 0.3234922 0.0281343 0.0149166
7 0.4619403 0.3810276 0.0281343 0.0149166
3 0.4619403 0.4960983 0.0281343 0.0149166
8 0.5335550 0.3810276 0.0281343 0.0149166
20 0.3903256 0.2659568 0.0281343 0.0149166
