27 0.0682478 0.4066360 0.0261794 0.0165759
25 0.3348019 0.2867374 0.0261794 0.0154708
32 0.2687584 0.3707217 0.4819393 0.4243417
25 0.0682478 0.2276168 0.0261794 0.0165759
18 0.2681634 0.2276168 0.0261794 0.0165759
33 0.4680789 0.2270643 0.0618786 0.0596731
22 0.4680789 0.2276168 0.0261794 0.0165759
1 0.0682478 0.2867374 0.0261794 0.0154708
5 0.2015249 0.2867374 0.0261794 0.0154708
19 0.2015249 0.3469629 0.0261794 0.0165759
28 0.2681634 0.4066360 0.0261794 0.0165759
14 0.4014404 0.4066360 0.0261794 0.0165759
16 0.0682478 0.4663090 0.0261794 0.0165759
9 0.1348863 0.4663090 0.0261794 0.0165759
4 0.2015249 0.4663090 0.0261794 0.0165759
7 0.3348019 0.4663090 0.0261794 0.0165759
13 0.4680789 0.4663090 0.0261794 0.0165759
27 0.0682478 0.5254296 0.0261794 0.0154708
26 0.2015249 0.5254296 0.0261794 0.0154708
20 0.3348019 0.5254296 0.0261794 0.0154708
10 0.1348863 0.4066360 0.0261794 0.0165759
12 0.2681634 0.3469629 0.0261794 0.0165759
4 0.2681634 0.5254296 0.0261794 0.0154708
8 0.4014404 0.4663090 0.0261794 0.0165759
30 0.2015249 0.2276168 0.0261794 0.0165759
25 0.4014404 0.3469629 0.0261794 0.0165759
12 0.4014404 0.2867374 0.0261794 0.0154708
28 0.1348863 0.5254296 0.0261794 0.0154708
23 0.1348863 0.3469629 0.0261794 0.0165759
30 0.1348863 0.2867374 0.0261794 0.0154708
6 0.0682478 0.3469629 0.0261794 0.0165759
14 0.3348019 0.3469629 0.0261794 0.0165759
1 0.2681634 0.2867374 0.0261794 0.0154708
27 0.4680789 0.5254296 0.0261794 0.0154708
10 0.4680789 0.4066360 0.0261794 0.0165759
11 0.4680789 0.3469629 0.0261794 0.0165759
1 0.2015249 0.4066360 0.0261794 0.0165759
22 0.4680789 0.2867374 0.0261794 0.0154708
7 0.3348019 0.4066360 0.0261794 0.0165759
15 0.4014404 0.2276168 0.0261794 0.0165759
28 0.4014404 0.5254296 0.0261794 0.0154708
12 0.2681634 0.4663090 0.0261794 0.0165759
26 0.1348863 0.2276168 0.0261794 0.0165759
21 0.3348019 0.2276168 0.0261794 0.0165759
