29 0.7036133 0.6997523 0.0270165 0.0153796
30 0.5660748 0.7590735 0.0270165 0.0153796
32 0.6305460 0.6096722 0.4973493 0.4218387
18 0.7723826 0.5217891 0.0270164 0.0153795
33 0.8411519 0.5217892 0.0638571 0.0593211
29 0.8411519 0.5217891 0.0270166 0.0153795
19 0.4973055 0.5811102 0.0270165 0.0153795
16 0.6348440 0.5811102 0.0270165 0.0153795
6 0.7723826 0.5811102 0.0270164 0.0153795
15 0.4973055 0.6404313 0.0270165 0.0153795
17 0.5660748 0.6404313 0.0270165 0.0153795
5 0.6348440 0.6404313 0.0270165 0.0153795
4 0.7723826 0.6404313 0.0270164 0.0153795
27 0.8411519 0.6404313 0.0270166 0.0153795
20 0.4285361 0.6997523 0.0270165 0.0153796
11 0.4973055 0.6997523 0.0270165 0.0153796
2 0.6348440 0.6997523 0.0270165 0.0153796
30 0.7723826 0.6997523 0.0270164 0.0153796
3 0.4973055 0.7590735 0.0270165 0.0153796
7 0.8411519 0.7590735 0.0270166 0.0153796
17 0.7036133 0.6404313 0.0270165 0.0153795
4 0.6348440 0.5217891 0.0270165 0.0153795
25 0.7036133 0.5217891 0.0270165 0.0153795
27 0.7723826 0.7590735 0.0270164 0.0153796
31 0.8411519 0.5811102 0.0270166 0.0153795
11 0.5660748 0.5811102 0.0270165 0.0153795
26 0.5660748 0.6997523 0.0270165 0.0153796
10 0.5660748 0.5217891 0.0270165 0.0153795
11 0.7036133 0.4624681 0.0270165 0.0153795
7 0.5660748 0.4624681 0.0270165 0.0153795
12 0.7036133 0.5811102 0.0270165 0.0153795
5 0.4973055 0.5217891 0.0270165 0.0153795
13 0.4973055 0.4624681 0.0270165 0.0153795
9 0.4285361 0.5811102 0.0270165 0.0153795
18 0.4285361 0.5217891 0.0270165 0.0153795
31 0.6348440 0.4624681 0.0270165 0.0153795
16 0.4285361 0.6404313 0.0270165 0.0153795
10 0.7723826 0.4624681 0.0270164 0.0153795
8 0.8411519 0.4624681 0.0270166 0.0153795
16 0.4285361 0.4624681 0.0270165 0.0153795
17 0.8411519 0.6997523 0.0270166 0.0153796
12 0.4285361 0.7590735 0.0270165 0.0153796
26 0.6348440 0.7590735 0.0270165 0.0153796
6 0.7036133 0.7590735 0.0270165 0.0153796
