14 0.2674056 0.4115522 0.0274142 0.0149723
28 0.0580609 0.2960510 0.0274142 0.0149724
32 0.2630443 0.4393580 0.5046704 0.4106709
22 0.4069688 0.2960510 0.0274142 0.0149724
12 0.4767504 0.2960510 0.0274142 0.0149724
17 0.0580609 0.3538016 0.0274142 0.0149724
20 0.3371872 0.3538016 0.0274142 0.0149724
2 0.4767504 0.3538016 0.0274142 0.0149724
6 0.0580609 0.4115522 0.0274142 0.0149723
29 0.4069688 0.4115522 0.0274142 0.0149723
33 0.1278425 0.5270534 0.0647972 0.0577506
24 0.1278425 0.5270534 0.0274142 0.0149723
10 0.4069688 0.5270534 0.0274142 0.0149723
4 0.4069688 0.4693028 0.0274142 0.0149723
28 0.1976241 0.2960510 0.0274142 0.0149724
31 0.4767504 0.4115522 0.0274142 0.0149723
12 0.1278425 0.4115522 0.0274142 0.0149723
21 0.1976241 0.3538016 0.0274142 0.0149724
28 0.2674056 0.5270534 0.0274142 0.0149723
15 0.1278425 0.4693028 0.0274142 0.0149723
22 0.3371872 0.5270534 0.0274142 0.0149723
6 0.1278425 0.2960510 0.0274142 0.0149724
31 0.1976241 0.4115522 0.0274142 0.0149723
20 0.4767504 0.5270534 0.0274142 0.0149723
28 0.3371872 0.2960510 0.0274142 0.0149724
2 0.2674056 0.4693028 0.0274142 0.0149723
6 0.3371872 0.4115522 0.0274142 0.0149723
11 0.4767504 0.4693028 0.0274142 0.0149723
4 0.1976241 0.5270534 0.0274142 0.0149723
1 0.2674056 0.3538016 0.0274142 0.0149724
5 0.0580609 0.4693028 0.0274142 0.0149723
27 0.0580609 0.5270534 0.0274142 0.0149723
19 0.4069688 0.3538016 0.0274142 0.0149724
1 0.1976241 0.4693028 0.0274142 0.0149723
8 0.1278425 0.3538016 0.0274142 0.0149724
26 0.3371872 0.4693028 0.0274142 0.0149723
25 0.2674056 0.2960510 0.0274142 0.0149724
