25 0.6565811 0.2036760 0.0266387 0.0162971
25 0.4531583 0.2036760 0.0266387 0.0162971
32 0.5167279 0.3596623 0.4903941 0.4470056
20 0.3175432 0.2036760 0.0266387 0.0162971
19 0.3853508 0.3293963 0.0266387 0.0162971
13 0.4531583 0.3293963 0.0266387 0.0162971
30 0.7243887 0.3293963 0.0266386 0.0162971
9 0.3175432 0.3922565 0.0266387 0.0162971
4 0.3853508 0.3922565 0.0266387 0.0162971
15 0.4531583 0.3922565 0.0266387 0.0162971
27 0.5209659 0.3922565 0.0266387 0.0162971
17 0.6565811 0.3922565 0.0266387 0.0162971
1 0.7243887 0.3922565 0.0266386 0.0162971
2 0.4531583 0.4551166 0.0266387 0.0162971
11 0.3175432 0.5179768 0.0266387 0.0162971
23 0.3853508 0.5179768 0.0266387 0.0162971
33 0.4531583 0.5179768 0.0629642 0.0628601
21 0.4531583 0.5179768 0.0266387 0.0162971
14 0.5209659 0.5179768 0.0266387 0.0162971
29 0.7243887 0.5179768 0.0266386 0.0162971
19 0.5209659 0.2665362 0.0266387 0.0162971
3 0.7243887 0.2036760 0.0266386 0.0162971
28 0.5887735 0.2036760 0.0266386 0.0162971
30 0.3175432 0.4551166 0.0266387 0.0162971
25 0.3853508 0.2665362 0.0266387 0.0162971
26 0.3175432 0.3293963 0.0266387 0.0162971
13 0.5887735 0.4551166 0.0266386 0.0162971
19 0.3853508 0.4551166 0.0266387 0.0162971
16 0.5209659 0.3293963 0.0266387 0.0162971
3 0.5209659 0.2036760 0.0266387 0.0162971
18 0.7243887 0.2665362 0.0266386 0.0162971
11 0.5887735 0.3293963 0.0266386 0.0162971
18 0.6565811 0.4551166 0.0266387 0.0162971
15 0.6565811 0.2665362 0.0266387 0.0162971
24 0.6565811 0.3293963 0.0266387 0.0162971
21 0.5887735 0.5179768 0.0266386 0.0162971
5 0.5887735 0.3922565 0.0266386 0.0162971
30 0.5209659 0.4551166 0.0266387 0.0162971
27 0.7243887 0.4551166 0.0266386 0.0162971
4 0.6565811 0.5179768 0.0266387 0.0162971
27 0.3175432 0.2665362 0.0266387 0.0162971
11 0.4531583 0.2665362 0.0266387 0.0162971
17 0.3853508 0.2036760 0.0266387 0.0162971
28 0.5887735 0.2665362 0.0266386 0.0162971
