10 0.5339097 0.2276878 0.0272260 0.0160109
14 0.5339097 0.3512002 0.0272260 0.0160109
32 0.5295783 0.3809346 0.5012056 0.4391550
28 0.3953047 0.2276878 0.0272260 0.0160109
1 0.4646072 0.2276878 0.0272260 0.0160109
2 0.3953047 0.2894440 0.0272260 0.0160109
27 0.4646072 0.2894440 0.0272260 0.0160109
15 0.5339097 0.2894440 0.0272260 0.0160109
4 0.6725146 0.2894440 0.0272260 0.0160109
10 0.7418172 0.2894440 0.0272260 0.0160109
21 0.5339097 0.4129563 0.0272260 0.0160109
25 0.6032122 0.4129563 0.0272260 0.0160109
33 0.7418172 0.4129563 0.0643523 0.0617562
18 0.7418172 0.4129563 0.0272260 0.0160109
13 0.3260022 0.4747125 0.0272260 0.0160108
17 0.4646072 0.4747125 0.0272260 0.0160108
5 0.6032122 0.4747125 0.0272260 0.0160108
16 0.7418172 0.4747125 0.0272260 0.0160108
20 0.3260022 0.5364686 0.0272260 0.0160109
23 0.3953047 0.5364686 0.0272260 0.0160109
16 0.5339097 0.5364686 0.0272260 0.0160109
17 0.3260022 0.2894440 0.0272260 0.0160109
28 0.3953047 0.4747125 0.0272260 0.0160108
6 0.6032122 0.5364686 0.0272260 0.0160109
26 0.3260022 0.3512002 0.0272260 0.0160109
2 0.6725146 0.4747125 0.0272260 0.0160108
11 0.6725146 0.3512002 0.0272260 0.0160109
19 0.6032122 0.2276878 0.0272260 0.0160109
29 0.3953047 0.3512002 0.0272260 0.0160109
5 0.7418172 0.5364686 0.0272260 0.0160109
14 0.3953047 0.4129563 0.0272260 0.0160109
3 0.4646072 0.4129563 0.0272260 0.0160109
18 0.7418172 0.3512002 0.0272260 0.0160109
29 0.3260022 0.2276878 0.0272260 0.0160109
28 0.6725146 0.2276878 0.0272260 0.0160109
4 0.3260022 0.4129563 0.0272260 0.0160109
21 0.6032122 0.3512002 0.0272260 0.0160109
4 0.7418172 0.2276878 0.0272260 0.0160109
21 0.6032122 0.2894440 0.0272260 0.0160109
31 0.5339097 0.4747125 0.0272260 0.0160108
13 0.4646072 0.3512002 0.0272260 0.0160109
24 0.6725146 0.5364686 0.0272260 0.0160109
9 0.6725146 0.4129563 0.0272260 0.0160109
3 0.4646072 0.5364686 0.0272260 0.0160109
