3 0.7769714 0.4105115 0.0280428 0.0160221
24 0.7055898 0.4105115 0.0280429 0.0160221
32 0.6297466 0.3784673 0.5162428 0.4394635
14 0.5628263 0.2251128 0.0280428 0.0160221
28 0.6342080 0.2251128 0.0280428 0.0160221
1 0.7769714 0.2251128 0.0280428 0.0160221
2 0.8483532 0.2251128 0.0280428 0.0160221
27 0.6342080 0.3487119 0.0280428 0.0160221
5 0.4914445 0.4105115 0.0280428 0.0160221
17 0.4914445 0.4723110 0.0280428 0.0160221
33 0.5628263 0.4723110 0.0662830 0.0617995
12 0.5628263 0.4723110 0.0280428 0.0160221
19 0.7055898 0.4723110 0.0280429 0.0160221
3 0.5628263 0.4105115 0.0280428 0.0160221
25 0.4200628 0.3487119 0.0280428 0.0160221
14 0.7769714 0.3487119 0.0280428 0.0160221
14 0.7769714 0.2869124 0.0280428 0.0160221
15 0.6342080 0.2869124 0.0280428 0.0160221
26 0.4200628 0.2869124 0.0280428 0.0160221
6 0.8483532 0.4723110 0.0280428 0.0160221
17 0.7055898 0.2251128 0.0280429 0.0160221
16 0.4914445 0.3487119 0.0280428 0.0160221
28 0.7055898 0.3487119 0.0280429 0.0160221
27 0.6342080 0.4723110 0.0280428 0.0160221
31 0.4200628 0.4105115 0.0280428 0.0160221
27 0.4914445 0.2869124 0.0280428 0.0160221
26 0.8483532 0.3487119 0.0280428 0.0160221
5 0.5628263 0.2869124 0.0280428 0.0160221
4 0.4914445 0.2251128 0.0280428 0.0160221
5 0.8483532 0.2869124 0.0280428 0.0160221
26 0.4200628 0.2251128 0.0280428 0.0160221
24 0.7055898 0.2869124 0.0280429 0.0160221
19 0.7769714 0.4723110 0.0280428 0.0160221
23 0.4200628 0.4723110 0.0280428 0.0160221
30 0.6342080 0.4105115 0.0280428 0.0160221
1 0.8483532 0.4105115 0.0280428 0.0160221
5 0.5628263 0.3487119 0.0280428 0.0160221
