31 0.3795396 0.5929178 0.0272593 0.0153293
26 0.5183144 0.6520451 0.0272594 0.0153293
32 0.5139777 0.5622592 0.5018199 0.4204610
13 0.3101521 0.4155358 0.0272593 0.0153293
17 0.4489270 0.4155358 0.0272594 0.0153293
19 0.5183144 0.4155358 0.0272594 0.0153293
23 0.6570893 0.4155358 0.0272594 0.0153293
1 0.4489270 0.4746632 0.0272594 0.0153293
25 0.5183144 0.4746632 0.0272594 0.0153293
14 0.5877019 0.4746632 0.0272594 0.0153293
31 0.7264767 0.4746632 0.0272594 0.0153293
7 0.3795396 0.5337905 0.0272593 0.0153293
28 0.5183144 0.5337905 0.0272594 0.0153293
33 0.7264767 0.5337905 0.0644312 0.0591273
25 0.7264767 0.5337905 0.0272594 0.0153293
6 0.4489270 0.6520451 0.0272594 0.0153293
11 0.6570893 0.6520451 0.0272594 0.0153293
12 0.3101521 0.7111724 0.0272593 0.0153293
8 0.4489270 0.7111724 0.0272594 0.0153293
10 0.6570893 0.7111724 0.0272594 0.0153293
2 0.5877019 0.5337905 0.0272594 0.0153293
4 0.3795396 0.7111724 0.0272593 0.0153293
31 0.5877019 0.4155358 0.0272594 0.0153293
24 0.5877019 0.6520451 0.0272594 0.0153293
29 0.6570893 0.5929178 0.0272594 0.0153293
19 0.5183144 0.7111724 0.0272594 0.0153293
14 0.3101521 0.6520451 0.0272593 0.0153293
28 0.6570893 0.4746632 0.0272594 0.0153293
20 0.7264767 0.6520451 0.0272594 0.0153293
3 0.3795396 0.4155358 0.0272593 0.0153293
30 0.3795396 0.6520451 0.0272593 0.0153293
19 0.5877019 0.5929178 0.0272594 0.0153293
6 0.3101521 0.5929178 0.0272593 0.0153293
31 0.7264767 0.7111724 0.0272594 0.0153293
6 0.3101521 0.4746632 0.0272593 0.0153293
27 0.4489270 0.5929178 0.0272594 0.0153293
14 0.4489270 0.5337905 0.0272594 0.0153293
16 0.3101521 0.5337905 0.0272593 0.0153293
1 0.7264767 0.5929178 0.0272594 0.0153293
15 0.5877019 0.7111724 0.0272594 0.0153293
13 0.3795396 0.4746632 0.0272593 0.0153293
1 0.6570893 0.5337905 0.0272594 0.0153293
17 0.5183144 0.5929178 0.0272594 0.0153293
7 0.7264767 0.4155358 0.0272594 0.0153293
