8 0.2728599 0.2260289 0.0283333 0.0164241
25 0.4892232 0.4034090 0.0283333 0.0164241
32 0.4177460 0.3678235 0.5215902 0.4204565
20 0.4892232 0.2846081 0.0283333 0.0153291
29 0.6334653 0.2846081 0.0283332 0.0153291
10 0.4892232 0.3442823 0.0283333 0.0164241
26 0.5613443 0.3442823 0.0283333 0.0164241
22 0.2728599 0.4034090 0.0283333 0.0164241
15 0.2007388 0.4625357 0.0283333 0.0164241
33 0.2728599 0.4619882 0.0669696 0.0591267
4 0.2728599 0.4625357 0.0283333 0.0164241
14 0.3449810 0.4625357 0.0283333 0.0164241
30 0.5613443 0.4625357 0.0283333 0.0164241
3 0.3449810 0.2846081 0.0283333 0.0153291
25 0.6334653 0.2260289 0.0283332 0.0164241
17 0.4171021 0.2260289 0.0283333 0.0164241
24 0.4171021 0.3442823 0.0283333 0.0164241
22 0.4171021 0.4625357 0.0283333 0.0164241
26 0.4892232 0.4625357 0.0283333 0.0164241
29 0.6334653 0.3442823 0.0283332 0.0164241
11 0.2007388 0.4034090 0.0283333 0.0164241
29 0.4892232 0.2260289 0.0283333 0.0164241
2 0.4171021 0.2846081 0.0283333 0.0153291
6 0.2007388 0.3442823 0.0283333 0.0164241
10 0.3449810 0.3442823 0.0283333 0.0164241
16 0.5613443 0.4034090 0.0283333 0.0164241
3 0.2728599 0.2846081 0.0283333 0.0153291
19 0.4171021 0.4034090 0.0283333 0.0164241
3 0.5613443 0.2846081 0.0283333 0.0153291
27 0.2728599 0.3442823 0.0283333 0.0164241
31 0.5613443 0.2260289 0.0283333 0.0164241
1 0.6334653 0.4034090 0.0283332 0.0164241
22 0.3449810 0.2260289 0.0283333 0.0164241
6 0.2007388 0.2846081 0.0283333 0.0153291
28 0.2007388 0.2260289 0.0283333 0.0164241
22 0.6334653 0.4625357 0.0283332 0.0164241
14 0.3449810 0.4034090 0.0283333 0.0164241
