31 0.3788076 0.5093033 0.0286731 0.0149757
6 0.3788076 0.3937769 0.0286731 0.0149757
32 0.5932043 0.5371152 0.5278459 0.4107604
10 0.6707520 0.3937769 0.0286731 0.0149757
11 0.8167242 0.3937769 0.0286731 0.0149757
33 0.5247798 0.4515401 0.0677728 0.0577632
16 0.5247798 0.4515401 0.0286731 0.0149757
22 0.5247798 0.5093033 0.0286731 0.0149757
6 0.5247798 0.5670665 0.0286731 0.0149757
30 0.6707520 0.5670665 0.0286731 0.0149757
16 0.3788076 0.6248296 0.0286731 0.0149757
13 0.6707520 0.6248296 0.0286731 0.0149757
17 0.5977659 0.6248296 0.0286731 0.0149757
29 0.3788076 0.4515401 0.0286731 0.0149757
29 0.4517937 0.3937769 0.0286731 0.0149757
5 0.6707520 0.4515401 0.0286731 0.0149757
2 0.7437381 0.5670665 0.0286731 0.0149757
1 0.5977659 0.4515401 0.0286731 0.0149757
17 0.7437381 0.4515401 0.0286731 0.0149757
17 0.6707520 0.5093033 0.0286731 0.0149757
22 0.5977659 0.5093033 0.0286731 0.0149757
10 0.4517937 0.4515401 0.0286731 0.0149757
10 0.4517937 0.5093033 0.0286731 0.0149757
30 0.8167242 0.6248296 0.0286731 0.0149757
28 0.5977659 0.5670665 0.0286731 0.0149757
21 0.7437381 0.5093033 0.0286731 0.0149757
15 0.4517937 0.6248296 0.0286731 0.0149757
21 0.3788076 0.5670665 0.0286731 0.0149757
24 0.8167242 0.5670665 0.0286731 0.0149757
20 0.8167242 0.5093033 0.0286731 0.0149757
15 0.7437381 0.3937769 0.0286731 0.0149757
12 0.7437381 0.6248296 0.0286731 0.0149757
14 0.5977659 0.3937769 0.0286731 0.0149757
2 0.5247798 0.6248296 0.0286731 0.0149757
21 0.5247798 0.3937769 0.0286731 0.0149757
3 0.8167242 0.4515401 0.0286731 0.0149757
5 0.4517937 0.5670665 0.0286731 0.0149757
