20 0.1754834 0.6038703 0.0270267 0.0162225
1 0.5194598 0.4161525 0.0270267 0.0162225
32 0.3775695 0.5714252 0.4975372 0.4449605
16 0.3818692 0.4161525 0.0270267 0.0162225
5 0.4506645 0.4161525 0.0270267 0.0162225
18 0.1754834 0.4787251 0.0270267 0.0162225
33 0.5194598 0.4787251 0.0638813 0.0625725
15 0.5194598 0.4787251 0.0270267 0.0162225
29 0.1754834 0.5412977 0.0270267 0.0162225
14 0.3130740 0.5412977 0.0270267 0.0162225
7 0.3818692 0.6664429 0.0270267 0.0162225
24 0.5882551 0.6664429 0.0270267 0.0162225
16 0.2442787 0.6664429 0.0270267 0.0162225
25 0.5882551 0.4787251 0.0270267 0.0162225
3 0.5882551 0.6038703 0.0270267 0.0162225
23 0.2442787 0.5412977 0.0270267 0.0162225
25 0.5194598 0.5412977 0.0270267 0.0162225
5 0.2442787 0.6038703 0.0270267 0.0162225
25 0.5194598 0.6038703 0.0270267 0.0162225
24 0.1754834 0.4161525 0.0270267 0.0162225
17 0.3818692 0.4787251 0.0270267 0.0162225
20 0.5882551 0.4161525 0.0270267 0.0162225
29 0.3818692 0.6038703 0.0270267 0.0162225
2 0.5882551 0.5412977 0.0270267 0.0162225
27 0.1754834 0.6664429 0.0270267 0.0162225
16 0.3130740 0.4787251 0.0270267 0.0162225
28 0.3130740 0.6664429 0.0270267 0.0162225
2 0.4506645 0.4787251 0.0270267 0.0162225
31 0.5194598 0.6664429 0.0270267 0.0162225
18 0.4506645 0.5412977 0.0270267 0.0162225
1 0.2442787 0.4787251 0.0270267 0.0162225
28 0.2442787 0.4161525 0.0270267 0.0162225
1 0.3130740 0.6038703 0.0270267 0.0162225
13 0.3130740 0.4161525 0.0270267 0.0162225
17 0.4506645 0.6038703 0.0270267 0.0162225
5 0.4506645 0.6664429 0.0270267 0.0162225
21 0.3818692 0.5412977 0.0270267 0.0162225
