1 0.2953618 0.3889068 0.0270602 0.0156416
9 0.2264812 0.5095707 0.0270602 0.0156416
32 0.3599374 0.5386194 0.4981541 0.4290272
27 0.1576007 0.3889068 0.0270602 0.0156416
16 0.2264812 0.3889068 0.0270602 0.0156416
24 0.3642424 0.3889068 0.0270602 0.0156416
12 0.4331229 0.3889068 0.0270602 0.0156416
30 0.2953618 0.4492388 0.0270602 0.0156416
3 0.5708841 0.4492388 0.0270602 0.0156416
11 0.3642424 0.5095707 0.0270602 0.0156416
19 0.1576007 0.5699026 0.0270602 0.0156416
22 0.2264812 0.5699026 0.0270602 0.0156416
21 0.2953618 0.5699026 0.0270602 0.0156416
17 0.5708841 0.5699026 0.0270602 0.0156416
20 0.1576007 0.6302346 0.0270602 0.0156416
6 0.3642424 0.6302346 0.0270602 0.0156416
33 0.1576007 0.6905665 0.0639605 0.0603320
17 0.1576007 0.6905665 0.0270602 0.0156416
8 0.2953618 0.6905665 0.0270602 0.0156416
29 0.4331229 0.5699026 0.0270602 0.0156416
10 0.4331229 0.4492388 0.0270602 0.0156416
31 0.1576007 0.5095707 0.0270602 0.0156416
8 0.3642424 0.5699026 0.0270602 0.0156416
25 0.2264812 0.6302346 0.0270602 0.0156416
27 0.5020035 0.4492388 0.0270602 0.0156416
24 0.5020035 0.3889068 0.0270602 0.0156416
18 0.5020035 0.5699026 0.0270602 0.0156416
19 0.4331229 0.5095707 0.0270602 0.0156416
14 0.4331229 0.6905665 0.0270602 0.0156416
15 0.2264812 0.6905665 0.0270602 0.0156416
15 0.2953618 0.5095707 0.0270602 0.0156416
9 0.5708841 0.6905665 0.0270602 0.0156416
5 0.5708841 0.3889068 0.0270602 0.0156416
20 0.2264812 0.4492388 0.0270602 0.0156416
27 0.5020035 0.6905665 0.0270602 0.0156416
11 0.5708841 0.6302346 0.0270602 0.0156416
20 0.5020035 0.6302346 0.0270602 0.0156416
10 0.4331229 0.6302346 0.0270602 0.0156416
1 0.3642424 0.4492388 0.0270602 0.0156416
29 0.5020035 0.5095707 0.0270602 0.0156416
11 0.5708841 0.5095707 0.0270602 0.0156416
18 0.1576007 0.4492388 0.0270602 0.0156416
3 0.3642424 0.6905665 0.0270602 0.0156416
24 0.2953618 0.6302346 0.0270602 0.0156416
