12 0.1083490 0.2595387 0.0264748 0.0153699
10 0.3779102 0.2595387 0.0264748 0.0153699
32 0.3063081 0.3473667 0.4873763 0.4215741
6 0.1083490 0.2002549 0.0264748 0.0153699
11 0.2431297 0.2002549 0.0264748 0.0153699
13 0.3779102 0.2002549 0.0264748 0.0153699
16 0.4453006 0.2595387 0.0264748 0.0153699
4 0.5126909 0.2595387 0.0264748 0.0153699
33 0.1083490 0.3188226 0.0625767 0.0592839
16 0.1083490 0.3188226 0.0264748 0.0153699
9 0.1757393 0.3188226 0.0264748 0.0153699
15 0.2431297 0.3188226 0.0264748 0.0153699
14 0.3105199 0.3188226 0.0264748 0.0153699
28 0.4453006 0.3188226 0.0264748 0.0153699
1 0.1083490 0.3781064 0.0264748 0.0153699
21 0.5126909 0.4373903 0.0264748 0.0153699
26 0.3779102 0.4966741 0.0264748 0.0153699
19 0.4453006 0.4966741 0.0264748 0.0153699
31 0.5126909 0.4966741 0.0264748 0.0153699
20 0.4453006 0.3781064 0.0264748 0.0153699
28 0.3105199 0.3781064 0.0264748 0.0153699
16 0.2431297 0.4373903 0.0264748 0.0153699
10 0.1757393 0.4373903 0.0264748 0.0153699
15 0.3779102 0.3188226 0.0264748 0.0153699
1 0.1757393 0.4966741 0.0264748 0.0153699
8 0.4453006 0.2002549 0.0264748 0.0153699
15 0.1757393 0.2595387 0.0264748 0.0153699
17 0.1757393 0.3781064 0.0264748 0.0153699
28 0.3105199 0.2595387 0.0264748 0.0153699
10 0.3105199 0.4373903 0.0264748 0.0153699
25 0.1083490 0.4373903 0.0264748 0.0153699
22 0.2431297 0.3781064 0.0264748 0.0153699
27 0.5126909 0.3188226 0.0264748 0.0153699
26 0.2431297 0.4966741 0.0264748 0.0153699
26 0.3779102 0.3781064 0.0264748 0.0153699
8 0.1083490 0.4966741 0.0264748 0.0153699
15 0.1757393 0.2002549 0.0264748 0.0153699
2 0.3105199 0.2002549 0.0264748 0.0153699
30 0.5126909 0.3781064 0.0264748 0.0153699
28 0.3105199 0.4966741 0.0264748 0.0153699
30 0.5126909 0.2002549 0.0264748 0.0153699
12 0.2431297 0.2595387 0.0264748 0.0153699
8 0.3779102 0.4373903 0.0264748 0.0153699
2 0.4453006 0.4373903 0.0264748 0.0153699
