30 0.4886387 0.4467021 0.0262499 0.0161355
17 0.2213667 0.5089390 0.0262499 0.0161355
32 0.4176446 0.4144312 0.4832373 0.4425732
23 0.2213667 0.2599915 0.0262499 0.0161355
11 0.2213667 0.3222284 0.0262499 0.0161355
19 0.2881847 0.3222284 0.0262499 0.0161355
8 0.4218207 0.3222284 0.0262499 0.0161355
15 0.3550027 0.3844652 0.0262499 0.0161355
33 0.3550027 0.4467021 0.0620453 0.0622368
3 0.3550027 0.4467021 0.0262499 0.0161355
6 0.4218207 0.4467021 0.0262499 0.0161355
25 0.2881847 0.5089390 0.0262499 0.0161355
26 0.6222747 0.4467021 0.0262499 0.0161355
29 0.4218207 0.2599915 0.0262499 0.0161355
26 0.5554567 0.5089390 0.0262499 0.0161355
9 0.2881847 0.2599915 0.0262499 0.0161355
1 0.6222747 0.3222284 0.0262499 0.0161355
30 0.2213667 0.4467021 0.0262499 0.0161355
3 0.4218207 0.5089390 0.0262499 0.0161355
28 0.2213667 0.3844652 0.0262499 0.0161355
17 0.4886387 0.3844652 0.0262499 0.0161355
13 0.6222747 0.3844652 0.0262499 0.0161355
31 0.4886387 0.3222284 0.0262499 0.0161355
24 0.5554567 0.3222284 0.0262499 0.0161355
17 0.4218207 0.3844652 0.0262499 0.0161355
2 0.5554567 0.4467021 0.0262499 0.0161355
13 0.6222747 0.5089390 0.0262499 0.0161355
5 0.6222747 0.2599915 0.0262499 0.0161355
23 0.3550027 0.2599915 0.0262499 0.0161355
4 0.5554567 0.3844652 0.0262499 0.0161355
12 0.2881847 0.3844652 0.0262499 0.0161355
14 0.5554567 0.2599915 0.0262499 0.0161355
17 0.2881847 0.4467021 0.0262499 0.0161355
22 0.4886387 0.2599915 0.0262499 0.0161355
12 0.4886387 0.5089390 0.0262499 0.0161355
14 0.3550027 0.5089390 0.0262499 0.0161355
12 0.3550027 0.3222284 0.0262499 0.0161355
