1 0.4794544 0.4269510 0.0267951 0.0148535
24 0.6158661 0.3701895 0.0267951 0.0159144
32 0.4800634 0.5075840 0.4932741 0.4074092
4 0.3430428 0.4269510 0.0267952 0.0148535
33 0.5476603 0.4269510 0.0633340 0.0572919
22 0.5476602 0.4269510 0.0267952 0.0148535
29 0.6158661 0.4269510 0.0267951 0.0148535
26 0.4794544 0.4847734 0.0267951 0.0159144
24 0.6840718 0.4847734 0.0267951 0.0159144
14 0.5476602 0.5420653 0.0267952 0.0159144
25 0.6840718 0.5420653 0.0267951 0.0159144
11 0.6158661 0.5993572 0.0267951 0.0159144
13 0.4112486 0.4269510 0.0267952 0.0148535
5 0.4794544 0.5420653 0.0267951 0.0159144
29 0.4112486 0.5993572 0.0267952 0.0159144
14 0.3430428 0.3701895 0.0267952 0.0159144
16 0.2748370 0.5993572 0.0267951 0.0159144
4 0.6840718 0.5993572 0.0267951 0.0159144
3 0.4794544 0.5993572 0.0267951 0.0159144
31 0.4112486 0.5420653 0.0267952 0.0159144
8 0.6840718 0.4269510 0.0267951 0.0148535
31 0.2748370 0.3701895 0.0267951 0.0159144
15 0.2748370 0.5420653 0.0267951 0.0159144
4 0.3430428 0.5993572 0.0267952 0.0159144
24 0.3430428 0.4847734 0.0267952 0.0159144
30 0.5476602 0.5993572 0.0267952 0.0159144
29 0.4794544 0.3701895 0.0267951 0.0159144
5 0.3430428 0.5420653 0.0267952 0.0159144
16 0.4112486 0.4847734 0.0267952 0.0159144
18 0.6840718 0.3701895 0.0267951 0.0159144
31 0.5476602 0.3701895 0.0267952 0.0159144
1 0.2748370 0.4847734 0.0267951 0.0159144
12 0.6158661 0.5420653 0.0267951 0.0159144
29 0.2748370 0.4269510 0.0267951 0.0148535
4 0.6158661 0.4847734 0.0267951 0.0159144
18 0.5476602 0.4847734 0.0267952 0.0159144
14 0.4112486 0.3701895 0.0267952 0.0159144
