21 0.4519987 0.4973498 0.0282959 0.0158661
11 0.4519987 0.2525582 0.0282959 0.0158661
32 0.3754712 0.4044197 0.5209011 0.4351852
33 0.3079470 0.2525582 0.0668811 0.0611979
7 0.3079470 0.2525582 0.0282959 0.0158661
16 0.2359212 0.3137561 0.0282959 0.0158661
21 0.3799728 0.3137561 0.0282959 0.0158661
27 0.4519987 0.3137561 0.0282959 0.0158661
31 0.1638953 0.4361519 0.0282959 0.0158661
10 0.3079470 0.4361519 0.0282959 0.0158661
26 0.5240245 0.4361519 0.0282959 0.0158661
2 0.5240245 0.4973498 0.0282959 0.0158661
17 0.2359212 0.4973498 0.0282959 0.0158661
22 0.3799728 0.4361519 0.0282959 0.0158661
18 0.5960503 0.3749540 0.0282959 0.0158661
11 0.1638953 0.3749540 0.0282959 0.0158661
21 0.4519987 0.4361519 0.0282959 0.0158661
26 0.3079470 0.4973498 0.0282959 0.0158661
31 0.3799728 0.2525582 0.0282959 0.0158661
3 0.5240245 0.2525582 0.0282959 0.0158661
5 0.1638953 0.2525582 0.0282959 0.0158661
22 0.2359212 0.2525582 0.0282959 0.0158661
14 0.5960503 0.4361519 0.0282959 0.0158661
22 0.5960503 0.4973498 0.0282959 0.0158661
11 0.5240245 0.3749540 0.0282959 0.0158661
27 0.1638953 0.3137561 0.0282959 0.0158661
24 0.5960503 0.2525582 0.0282959 0.0158661
26 0.3079470 0.3137561 0.0282959 0.0158661
12 0.4519987 0.3749540 0.0282959 0.0158661
15 0.3799728 0.4973498 0.0282959 0.0158661
28 0.3079470 0.3749540 0.0282959 0.0158661
29 0.5240245 0.3137561 0.0282959 0.0158661
6 0.2359212 0.3749540 0.0282959 0.0158661
10 0.3799728 0.3749540 0.0282959 0.0158661
14 0.1638953 0.4973498 0.0282959 0.0158661
21 0.5960503 0.3137561 0.0282959 0.0158661
21 0.2359212 0.4361519 0.0282959 0.0158661
