7 0.6950813 0.5026472 0.0274937 0.0152330
24 0.5551136 0.6201588 0.0274936 0.0152330
32 0.4807558 0.5896928 0.5061330 0.4178187
30 0.3451622 0.4438915 0.0274937 0.0152330
15 0.4851298 0.4438915 0.0274937 0.0152330
24 0.6950813 0.4438915 0.0274937 0.0152330
26 0.3451622 0.5026472 0.0274937 0.0152330
1 0.4151460 0.5026472 0.0274937 0.0152330
23 0.5551136 0.5026472 0.0274936 0.0152330
28 0.6250974 0.5026472 0.0274936 0.0152330
10 0.5551136 0.5614030 0.0274936 0.0152330
25 0.6950813 0.5614030 0.0274937 0.0152330
14 0.6950813 0.6201588 0.0274937 0.0152330
31 0.2751783 0.6789145 0.0274936 0.0152330
17 0.5551136 0.6789145 0.0274936 0.0152330
33 0.6250974 0.6789145 0.0649849 0.0587558
21 0.6250974 0.6789145 0.0274936 0.0152330
2 0.6950813 0.6789145 0.0274937 0.0152330
4 0.4851298 0.7376702 0.0274937 0.0152330
14 0.4151460 0.6201588 0.0274937 0.0152330
30 0.5551136 0.7376702 0.0274936 0.0152330
24 0.4151460 0.6789145 0.0274937 0.0152330
29 0.4151460 0.5614030 0.0274937 0.0152330
23 0.2751783 0.4438915 0.0274936 0.0152330
30 0.2751783 0.7376702 0.0274936 0.0152330
5 0.5551136 0.4438915 0.0274936 0.0152330
24 0.6250974 0.4438915 0.0274936 0.0152330
13 0.3451622 0.6789145 0.0274937 0.0152330
3 0.6250974 0.7376702 0.0274936 0.0152330
19 0.3451622 0.7376702 0.0274937 0.0152330
13 0.4851298 0.5026472 0.0274937 0.0152330
23 0.2751783 0.5026472 0.0274936 0.0152330
18 0.4851298 0.5614030 0.0274937 0.0152330
23 0.3451622 0.6201588 0.0274937 0.0152330
21 0.6950813 0.7376702 0.0274937 0.0152330
23 0.4851298 0.6789145 0.0274937 0.0152330
16 0.4151460 0.4438915 0.0274937 0.0152330
18 0.6250974 0.6201588 0.0274936 0.0152330
20 0.2751783 0.6201588 0.0274936 0.0152330
17 0.2751783 0.5614030 0.0274936 0.0152330
27 0.4851298 0.6201588 0.0274937 0.0152330
1 0.4151460 0.7376702 0.0274937 0.0152330
17 0.6250974 0.5614030 0.0274936 0.0152330
25 0.3451622 0.5614030 0.0274937 0.0152330
