18 0.4162412 0.2407911 0.0285084 0.0172697
20 0.7065086 0.4894744 0.0285085 0.0172696
32 0.6345897 0.3898859 0.5248138 0.4421037
28 0.5613749 0.2407911 0.0285084 0.0172697
13 0.8516422 0.2407911 0.0285085 0.0172697
19 0.4162412 0.3023862 0.0285084 0.0161184
23 0.5613749 0.3023862 0.0285084 0.0161184
21 0.6339417 0.3023862 0.0285085 0.0161184
16 0.7065086 0.3023862 0.0285085 0.0161184
33 0.4888081 0.3645571 0.0673835 0.0621708
22 0.4888081 0.3651327 0.0285084 0.0172697
10 0.5613749 0.3651327 0.0285084 0.0172697
25 0.7790754 0.3651327 0.0285085 0.0172697
5 0.8516422 0.3651327 0.0285085 0.0172697
12 0.4162412 0.4273035 0.0285084 0.0172697
31 0.5613749 0.4273035 0.0285084 0.0172697
20 0.4162412 0.4894744 0.0285084 0.0172696
7 0.4888081 0.4894744 0.0285084 0.0172696
9 0.4162412 0.5510696 0.0285084 0.0161184
8 0.7790754 0.3023862 0.0285085 0.0161184
23 0.7790754 0.4894744 0.0285085 0.0172696
8 0.4162412 0.3651327 0.0285084 0.0172697
15 0.7065086 0.2407911 0.0285085 0.0172697
29 0.4888081 0.3023862 0.0285084 0.0161184
20 0.7065086 0.3651327 0.0285085 0.0172697
15 0.4888081 0.2407911 0.0285084 0.0172697
28 0.7790754 0.4273035 0.0285085 0.0172697
27 0.6339417 0.4273035 0.0285085 0.0172697
21 0.8516422 0.4894744 0.0285085 0.0172696
12 0.6339417 0.2407911 0.0285085 0.0172697
16 0.7790754 0.5510696 0.0285085 0.0161184
13 0.6339417 0.4894744 0.0285085 0.0172696
20 0.4888081 0.4273035 0.0285084 0.0172697
27 0.6339417 0.3651327 0.0285085 0.0172697
9 0.6339417 0.5510696 0.0285085 0.0161184
13 0.8516422 0.5510696 0.0285085 0.0161184
6 0.4888081 0.5510696 0.0285084 0.0161184
15 0.8516422 0.4273035 0.0285085 0.0172697
5 0.7065086 0.5510696 0.0285085 0.0161184
2 0.8516422 0.3023862 0.0285085 0.0161184
3 0.7065086 0.4273035 0.0285085 0.0172697
16 0.7790754 0.2407911 0.0285085 0.0172697
14 0.5613749 0.4894744 0.0285084 0.0172696
28 0.5613749 0.5510696 0.0285084 0.0161184
