17 0.3639469 0.3385335 0.0280721 0.0154927
13 0.2924908 0.3385335 0.0280720 0.0154927
32 0.3594809 0.3673056 0.5167808 0.4249419
4 0.2210347 0.2787760 0.0280720 0.0154927
3 0.3639469 0.2787760 0.0280721 0.0154927
33 0.5068591 0.3385335 0.0663521 0.0597575
3 0.5068591 0.3385335 0.0280721 0.0154927
18 0.1495786 0.3982909 0.0280720 0.0154927
31 0.2210347 0.3982909 0.0280720 0.0154927
10 0.2924908 0.3982909 0.0280720 0.0154927
21 0.3639469 0.4580484 0.0280721 0.0154927
25 0.5783152 0.4580484 0.0280721 0.0154927
19 0.2924908 0.2190186 0.0280720 0.0154927
28 0.1495786 0.3385335 0.0280720 0.0154927
11 0.3639469 0.3982909 0.0280721 0.0154927
4 0.2924908 0.4580484 0.0280720 0.0154927
2 0.2210347 0.3385335 0.0280720 0.0154927
22 0.4354030 0.3385335 0.0280721 0.0154927
12 0.5783152 0.2787760 0.0280721 0.0154927
10 0.5068591 0.2787760 0.0280721 0.0154927
9 0.2210347 0.4580484 0.0280720 0.0154927
4 0.2210347 0.2190186 0.0280720 0.0154927
5 0.4354030 0.2190186 0.0280721 0.0154927
15 0.2924908 0.2787760 0.0280720 0.0154927
19 0.4354030 0.3982909 0.0280721 0.0154927
15 0.5068591 0.3982909 0.0280721 0.0154927
16 0.1495786 0.2787760 0.0280720 0.0154927
10 0.1495786 0.2190186 0.0280720 0.0154927
22 0.5068591 0.4580484 0.0280721 0.0154927
19 0.4354030 0.2787760 0.0280721 0.0154927
14 0.5783152 0.2190186 0.0280721 0.0154927
19 0.4354030 0.4580484 0.0280721 0.0154927
11 0.3639469 0.2190186 0.0280721 0.0154927
10 0.5068591 0.2190186 0.0280721 0.0154927
3 0.5783152 0.3385335 0.0280721 0.0154927
3 0.1495786 0.4580484 0.0280720 0.0154927
23 0.5783152 0.3982909 0.0280721 0.0154927
