3 0.3100936 0.6908828 0.0273369 0.0165609
14 0.3100936 0.7499500 0.0273369 0.0154568
32 0.3802998 0.5953817 0.5032473 0.4239587
27 0.3796784 0.4524061 0.0273369 0.0165609
17 0.5188481 0.4524061 0.0273369 0.0165609
8 0.4492632 0.5114733 0.0273369 0.0154568
33 0.5188481 0.5114733 0.0646145 0.0596192
4 0.5188481 0.5114733 0.0273369 0.0154568
24 0.5884329 0.5114733 0.0273369 0.0154568
14 0.1709240 0.5716444 0.0273369 0.0165608
10 0.2405088 0.5716444 0.0273369 0.0165608
2 0.3100936 0.5716444 0.0273369 0.0165608
15 0.4492632 0.5716444 0.0273369 0.0165608
13 0.1709240 0.6908828 0.0273369 0.0165609
28 0.4492632 0.6908828 0.0273369 0.0165609
5 0.5188481 0.6908828 0.0273369 0.0165609
23 0.3796784 0.7499500 0.0273369 0.0154568
31 0.4492632 0.7499500 0.0273369 0.0154568
12 0.5884329 0.7499500 0.0273369 0.0154568
22 0.3796784 0.6312637 0.0273369 0.0165609
28 0.3100936 0.4524061 0.0273369 0.0165609
4 0.1709240 0.7499500 0.0273369 0.0154568
5 0.5188481 0.6312637 0.0273369 0.0165609
28 0.2405088 0.7499500 0.0273369 0.0154568
23 0.3100936 0.5114733 0.0273369 0.0154568
28 0.2405088 0.6312637 0.0273369 0.0165609
5 0.5188481 0.7499500 0.0273369 0.0154568
28 0.3100936 0.6312637 0.0273369 0.0165609
20 0.2405088 0.5114733 0.0273369 0.0154568
25 0.3796784 0.6908828 0.0273369 0.0165609
13 0.2405088 0.6908828 0.0273369 0.0165609
24 0.5884329 0.6312637 0.0273369 0.0165609
29 0.3796784 0.5716444 0.0273369 0.0165608
28 0.1709240 0.4524061 0.0273369 0.0165609
16 0.4492632 0.6312637 0.0273369 0.0165609
31 0.4492632 0.4524061 0.0273369 0.0165609
16 0.5188481 0.5716444 0.0273369 0.0165608
22 0.2405088 0.4524061 0.0273369 0.0165609
7 0.5884329 0.4524061 0.0273369 0.0165609
13 0.5884329 0.5716444 0.0273369 0.0165608
12 0.3796784 0.5114733 0.0273369 0.0154568
8 0.1709240 0.5114733 0.0273369 0.0154568
16 0.5884329 0.6908828 0.0273369 0.0165609
5 0.1709240 0.6312637 0.0273369 0.0165609
