24 0.1675684 0.1941961 0.0278467 0.0154930
29 0.4510983 0.3734722 0.0278467 0.0154930
32 0.3049032 0.3424862 0.5126322 0.4249509
16 0.3093334 0.1941961 0.0278467 0.0154930
10 0.4510983 0.1941961 0.0278467 0.0154930
25 0.2384509 0.2539548 0.0278467 0.0154930
33 0.4510983 0.2539548 0.0658194 0.0597587
31 0.4510983 0.2539548 0.0278467 0.0154930
3 0.1675684 0.3137135 0.0278467 0.0154930
27 0.2384509 0.3137135 0.0278467 0.0154930
24 0.0966859 0.3734722 0.0278467 0.0154930
11 0.1675684 0.3734722 0.0278467 0.0154930
20 0.2384509 0.3734722 0.0278467 0.0154930
23 0.3093334 0.3734722 0.0278467 0.0154930
21 0.0966859 0.4332309 0.0278467 0.0154930
12 0.1675684 0.4332309 0.0278467 0.0154930
4 0.3093334 0.4332309 0.0278467 0.0154930
30 0.2384509 0.4929896 0.0278467 0.0154930
8 0.3093334 0.4929896 0.0278467 0.0154930
28 0.4510983 0.4332309 0.0278467 0.0154930
15 0.4510983 0.4929896 0.0278467 0.0154930
20 0.0966859 0.1941961 0.0278467 0.0154930
22 0.2384509 0.1941961 0.0278467 0.0154930
8 0.5219808 0.4332309 0.0278467 0.0154930
22 0.3802158 0.4332309 0.0278467 0.0154930
15 0.2384509 0.4332309 0.0278467 0.0154930
25 0.1675684 0.2539548 0.0278467 0.0154930
25 0.4510983 0.3137135 0.0278467 0.0154930
5 0.0966859 0.3137135 0.0278467 0.0154930
29 0.3802158 0.3734722 0.0278467 0.0154930
6 0.5219808 0.1941961 0.0278467 0.0154930
27 0.1675684 0.4929896 0.0278467 0.0154930
19 0.0966859 0.2539548 0.0278467 0.0154930
14 0.0966859 0.4929896 0.0278467 0.0154930
9 0.3093334 0.3137135 0.0278467 0.0154930
31 0.5219808 0.3734722 0.0278467 0.0154930
9 0.3802158 0.3137135 0.0278467 0.0154930
29 0.5219808 0.2539548 0.0278467 0.0154930
28 0.5219808 0.3137135 0.0278467 0.0154930
9 0.3093334 0.2539548 0.0278467 0.0154930
15 0.3802158 0.2539548 0.0278467 0.0154930
31 0.3802158 0.4929896 0.0278467 0.0154930
15 0.5219808 0.4929896 0.0278467 0.0154930
27 0.3802158 0.1941961 0.0278467 0.0154930
