1 0.6012883 0.4812986 0.0266586 0.0169051
23 0.2619968 0.3590182 0.0266586 0.0157781
32 0.4661776 0.4446708 0.4907608 0.4327711
1 0.4655717 0.2987232 0.0266586 0.0169051
18 0.5334300 0.2987232 0.0266586 0.0169051
2 0.6012883 0.2987232 0.0266586 0.0169051
22 0.4655717 0.3590182 0.0266586 0.0157781
5 0.5334300 0.3590182 0.0266586 0.0157781
33 0.5334300 0.4198766 0.0630113 0.0608585
6 0.5334300 0.4204401 0.0266586 0.0169051
26 0.5334300 0.4812986 0.0266586 0.0169051
9 0.3298551 0.5421570 0.0266586 0.0169051
14 0.6691466 0.5421570 0.0266586 0.0169051
4 0.6691466 0.2987232 0.0266586 0.0169051
7 0.6012883 0.3590182 0.0266586 0.0157781
29 0.3298551 0.4204401 0.0266586 0.0169051
19 0.3298551 0.2987232 0.0266586 0.0169051
12 0.3977135 0.4204401 0.0266586 0.0169051
29 0.3977135 0.2987232 0.0266586 0.0169051
1 0.4655717 0.4204401 0.0266586 0.0169051
27 0.3977135 0.5421570 0.0266586 0.0169051
13 0.3298551 0.4812986 0.0266586 0.0169051
22 0.4655717 0.5421570 0.0266586 0.0169051
23 0.2619968 0.4204401 0.0266586 0.0169051
6 0.3977135 0.4812986 0.0266586 0.0169051
21 0.6012883 0.4204401 0.0266586 0.0169051
29 0.6691466 0.4812986 0.0266586 0.0169051
30 0.6012883 0.5421570 0.0266586 0.0169051
17 0.3977135 0.3590182 0.0266586 0.0157781
3 0.4655717 0.4812986 0.0266586 0.0169051
15 0.2619968 0.4812986 0.0266586 0.0169051
8 0.6691466 0.3590182 0.0266586 0.0157781
16 0.2619968 0.5421570 0.0266586 0.0169051
22 0.6691466 0.4204401 0.0266586 0.0169051
22 0.5334300 0.5421570 0.0266586 0.0169051
3 0.2619968 0.2987232 0.0266586 0.0169051
23 0.3298551 0.3590182 0.0266586 0.0157781
