8 0.4470688 0.2389087 0.0283155 0.0152708
21 0.3029173 0.5334169 0.0283155 0.0152708
32 0.5146399 0.3850720 0.5212624 0.4188560
1 0.3029173 0.2389087 0.0283155 0.0152708
27 0.7353720 0.2389087 0.0283155 0.0152708
22 0.4470688 0.2978104 0.0283155 0.0152708
28 0.5912204 0.2978104 0.0283155 0.0152708
11 0.3749931 0.3567120 0.0283155 0.0152708
21 0.4470688 0.3567120 0.0283155 0.0152708
8 0.3749931 0.4156136 0.0283155 0.0152708
10 0.5912204 0.4156136 0.0283155 0.0152708
18 0.6632962 0.4156136 0.0283155 0.0152708
4 0.3029173 0.4745153 0.0283155 0.0152708
12 0.3749931 0.4745153 0.0283155 0.0152708
33 0.4470689 0.4745152 0.0669275 0.0589016
18 0.4470688 0.4745153 0.0283155 0.0152708
23 0.5912204 0.4745153 0.0283155 0.0152708
6 0.7353720 0.4745153 0.0283155 0.0152708
30 0.5912204 0.5334169 0.0283155 0.0152708
24 0.3749931 0.5334169 0.0283155 0.0152708
3 0.6632962 0.5334169 0.0283155 0.0152708
21 0.7353720 0.4156136 0.0283155 0.0152708
27 0.3029173 0.4156136 0.0283155 0.0152708
2 0.6632962 0.2389087 0.0283155 0.0152708
30 0.6632962 0.2978104 0.0283155 0.0152708
14 0.4470688 0.4156136 0.0283155 0.0152708
16 0.3029173 0.2978104 0.0283155 0.0152708
22 0.7353720 0.3567120 0.0283155 0.0152708
5 0.5191446 0.3567120 0.0283155 0.0152708
4 0.4470688 0.5334169 0.0283155 0.0152708
29 0.7353720 0.5334169 0.0283155 0.0152708
1 0.6632962 0.4745153 0.0283155 0.0152708
10 0.5191446 0.5334169 0.0283155 0.0152708
2 0.5912204 0.3567120 0.0283155 0.0152708
13 0.5191446 0.4745153 0.0283155 0.0152708
21 0.6632962 0.3567120 0.0283155 0.0152708
26 0.3749931 0.2389087 0.0283155 0.0152708
18 0.5191446 0.2978104 0.0283155 0.0152708
14 0.3749931 0.2978104 0.0283155 0.0152708
27 0.5191446 0.2389087 0.0283155 0.0152708
29 0.5191446 0.4156136 0.0283155 0.0152708
4 0.5912204 0.2389087 0.0283155 0.0152708
4 0.7353720 0.2978104 0.0283155 0.0152708
4 0.3029173 0.3567120 0.0283155 0.0152708
