30 0.3492472 0.6652609 0.0276924 0.0158031
21 0.5607163 0.6652609 0.0276924 0.0158031
32 0.4153313 0.6336548 0.5097915 0.4334554
17 0.5607163 0.4823969 0.0276924 0.0158031
20 0.4197369 0.5433516 0.0276924 0.0158031
33 0.4902266 0.5433516 0.0654547 0.0609547
19 0.4902266 0.5433516 0.0276924 0.0158031
27 0.5607163 0.6043062 0.0276924 0.0158030
28 0.6312060 0.6043062 0.0276924 0.0158030
30 0.2787575 0.6652609 0.0276924 0.0158031
19 0.4902266 0.7262155 0.0276924 0.0158030
24 0.5607163 0.7262155 0.0276924 0.0158030
4 0.2082678 0.4823969 0.0276924 0.0158031
5 0.4197369 0.6652609 0.0276924 0.0158031
4 0.4902266 0.4823969 0.0276924 0.0158031
16 0.6312060 0.6652609 0.0276924 0.0158031
14 0.6312060 0.7262155 0.0276924 0.0158030
31 0.4902266 0.6043062 0.0276924 0.0158030
17 0.6312060 0.4823969 0.0276924 0.0158031
25 0.4197369 0.6043062 0.0276924 0.0158030
27 0.3492472 0.4823969 0.0276924 0.0158031
30 0.4197369 0.7262155 0.0276924 0.0158030
30 0.2787575 0.7262155 0.0276924 0.0158030
31 0.2787575 0.6043062 0.0276924 0.0158030
4 0.4902266 0.6652609 0.0276924 0.0158031
4 0.3492472 0.6043062 0.0276924 0.0158030
25 0.5607163 0.5433516 0.0276924 0.0158031
2 0.2082678 0.5433516 0.0276924 0.0158031
1 0.3492472 0.7262155 0.0276924 0.0158030
7 0.3492472 0.5433516 0.0276924 0.0158031
4 0.2787575 0.5433516 0.0276924 0.0158031
27 0.4197369 0.4823969 0.0276924 0.0158031
21 0.2082678 0.6652609 0.0276924 0.0158031
6 0.2082678 0.7262155 0.0276924 0.0158030
4 0.2787575 0.4823969 0.0276924 0.0158031
13 0.2082678 0.6043062 0.0276924 0.0158030
1 0.6312060 0.5433516 0.0276924 0.0158031
