20 0.2418710 0.5956731 0.0269239 0.0159087
13 0.3104045 0.4115871 0.0269239 0.0159086
32 0.3746547 0.5638558 0.4956445 0.4363521
18 0.1733374 0.4115871 0.0269239 0.0159086
7 0.4474716 0.4115871 0.0269239 0.0159086
26 0.2418710 0.4729491 0.0269239 0.0159087
33 0.5160052 0.4729491 0.0636383 0.0613620
13 0.5160052 0.4729491 0.0269239 0.0159087
2 0.3104045 0.5343112 0.0269239 0.0159087
28 0.5160052 0.5343112 0.0269239 0.0159087
15 0.5845388 0.5956731 0.0269239 0.0159087
14 0.3789381 0.6570352 0.0269239 0.0159087
13 0.5845388 0.4115871 0.0269239 0.0159086
1 0.4474716 0.5343112 0.0269239 0.0159087
25 0.2418710 0.6570352 0.0269239 0.0159087
27 0.5160052 0.5956731 0.0269239 0.0159087
17 0.3104045 0.6570352 0.0269239 0.0159087
23 0.5160052 0.4115871 0.0269239 0.0159086
16 0.2418710 0.4115871 0.0269239 0.0159086
25 0.3104045 0.4729491 0.0269239 0.0159087
21 0.3104045 0.5956731 0.0269239 0.0159087
28 0.5845388 0.6570352 0.0269239 0.0159087
20 0.5160052 0.6570352 0.0269239 0.0159087
20 0.4474716 0.4729491 0.0269239 0.0159087
20 0.3789381 0.5343112 0.0269239 0.0159087
23 0.1733374 0.4729491 0.0269239 0.0159087
23 0.2418710 0.5343112 0.0269239 0.0159087
15 0.1733374 0.6570352 0.0269239 0.0159087
21 0.4474716 0.5956731 0.0269239 0.0159087
7 0.1733374 0.5343112 0.0269239 0.0159087
26 0.3789381 0.5956731 0.0269239 0.0159087
25 0.5845388 0.4729491 0.0269239 0.0159087
6 0.5845388 0.5343112 0.0269239 0.0159087
14 0.4474716 0.6570352 0.0269239 0.0159087
3 0.3789381 0.4729491 0.0269239 0.0159087
21 0.3789381 0.4115871 0.0269239 0.0159086
28 0.1733374 0.5956731 0.0269239 0.0159087
