20 0.1560882 0.5453292 0.0264200 0.0172496
24 0.4250915 0.6695261 0.0264199 0.0172496
32 0.3584411 0.5700536 0.4863675 0.4415891
33 0.1560882 0.4205573 0.0624472 0.0620985
17 0.1560882 0.4211323 0.0264200 0.0172496
27 0.4923423 0.4211323 0.0264199 0.0172496
11 0.1560882 0.4826558 0.0264200 0.0160996
25 0.2233390 0.4826558 0.0264200 0.0160996
9 0.2905898 0.4826558 0.0264200 0.0160996
5 0.4250915 0.6074277 0.0264199 0.0172496
18 0.3578407 0.6695261 0.0264200 0.0172496
2 0.4923423 0.6695261 0.0264199 0.0172496
2 0.1560882 0.6695261 0.0264200 0.0172496
21 0.1560882 0.6074277 0.0264200 0.0172496
5 0.5595931 0.5453292 0.0264199 0.0172496
11 0.2233390 0.5453292 0.0264200 0.0172496
29 0.4250915 0.4826558 0.0264199 0.0160996
13 0.4923423 0.4826558 0.0264199 0.0160996
7 0.4923423 0.5453292 0.0264199 0.0172496
2 0.3578407 0.6074277 0.0264200 0.0172496
19 0.3578407 0.5453292 0.0264200 0.0172496
15 0.2905898 0.6695261 0.0264200 0.0172496
8 0.5595931 0.6695261 0.0264199 0.0172496
16 0.5595931 0.4826558 0.0264199 0.0160996
30 0.4250915 0.4211323 0.0264199 0.0172496
7 0.2905898 0.6074277 0.0264200 0.0172496
29 0.4923423 0.6074277 0.0264199 0.0172496
24 0.5595931 0.4211323 0.0264199 0.0172496
9 0.2905898 0.5453292 0.0264200 0.0172496
24 0.2233390 0.4211323 0.0264200 0.0172496
5 0.2233390 0.6695261 0.0264200 0.0172496
14 0.5595931 0.6074277 0.0264199 0.0172496
18 0.2233390 0.6074277 0.0264200 0.0172496
22 0.2905898 0.4211323 0.0264200 0.0172496
13 0.3578407 0.4826558 0.0264200 0.0160996
13 0.4250915 0.5453292 0.0264199 0.0172496
21 0.3578407 0.4211323 0.0264200 0.0172496
