29 0.5739740 0.3016819 0.0265498 0.0155287
6 0.7091366 0.3016819 0.0265498 0.0155287
32 0.5021688 0.3904175 0.4887576 0.4259309
16 0.5739740 0.2417854 0.0265498 0.0155287
25 0.5063927 0.3016819 0.0265498 0.0155287
23 0.3036488 0.4214750 0.0265498 0.0155288
29 0.3712301 0.4214750 0.0265498 0.0155288
30 0.5063927 0.4214750 0.0265498 0.0155288
12 0.6415553 0.4214750 0.0265498 0.0155288
31 0.3036488 0.4813715 0.0265498 0.0155287
33 0.5063927 0.4813715 0.0627541 0.0598965
22 0.5063927 0.4813715 0.0265498 0.0155287
24 0.4388114 0.2417854 0.0265498 0.0155287
29 0.7091366 0.2417854 0.0265498 0.0155287
31 0.5063927 0.2417854 0.0265498 0.0155287
19 0.4388114 0.4214750 0.0265498 0.0155288
5 0.7091366 0.4214750 0.0265498 0.0155288
2 0.3036488 0.3615785 0.0265498 0.0155288
7 0.6415553 0.3615785 0.0265498 0.0155288
17 0.3712301 0.3615785 0.0265498 0.0155288
19 0.7091366 0.4813715 0.0265498 0.0155287
18 0.7091366 0.3615785 0.0265498 0.0155288
17 0.3712301 0.3016819 0.0265498 0.0155287
5 0.5063927 0.3615785 0.0265498 0.0155288
28 0.3036488 0.2417854 0.0265498 0.0155287
3 0.5739740 0.3615785 0.0265498 0.0155288
7 0.6415553 0.4813715 0.0265498 0.0155287
16 0.4388114 0.3016819 0.0265498 0.0155287
23 0.4388114 0.4813715 0.0265498 0.0155287
21 0.6415553 0.3016819 0.0265498 0.0155287
13 0.5739740 0.4813715 0.0265498 0.0155287
16 0.3712301 0.2417854 0.0265498 0.0155287
27 0.4388114 0.3615785 0.0265498 0.0155288
26 0.6415553 0.2417854 0.0265498 0.0155287
25 0.3712301 0.4813715 0.0265498 0.0155287
2 0.3036488 0.3016819 0.0265498 0.0155287
16 0.5739740 0.4214750 0.0265498 0.0155288
