27 0.4719226 0.5550730 0.0262044 0.0160706
1 0.5386247 0.4930866 0.0262044 0.0160706
32 0.3343496 0.5229319 0.4823990 0.4407925
33 0.4719226 0.3691137 0.0619376 0.0619864
18 0.4719226 0.3691137 0.0262044 0.0160706
10 0.2718164 0.4311001 0.0262044 0.0160705
18 0.3385184 0.4311001 0.0262044 0.0160705
19 0.4719226 0.4311001 0.0262044 0.0160705
5 0.5386247 0.4311001 0.0262044 0.0160705
15 0.1384122 0.5550730 0.0262044 0.0160706
28 0.1384122 0.6170595 0.0262044 0.0160706
6 0.4052206 0.6170595 0.0262044 0.0160706
24 0.2051143 0.4311001 0.0262044 0.0160705
1 0.1384122 0.3691137 0.0262044 0.0160706
2 0.3385184 0.5550730 0.0262044 0.0160706
14 0.3385184 0.6170595 0.0262044 0.0160706
25 0.4052206 0.3691137 0.0262044 0.0160706
19 0.2051143 0.5550730 0.0262044 0.0160706
6 0.2051143 0.4930866 0.0262044 0.0160706
3 0.4052206 0.4311001 0.0262044 0.0160705
7 0.2718164 0.4930866 0.0262044 0.0160706
29 0.4052206 0.5550730 0.0262044 0.0160706
29 0.1384122 0.4930866 0.0262044 0.0160706
5 0.2718164 0.6170595 0.0262044 0.0160706
16 0.5386247 0.5550730 0.0262044 0.0160706
1 0.2718164 0.3691137 0.0262044 0.0160706
17 0.3385184 0.4930866 0.0262044 0.0160706
18 0.4052206 0.4930866 0.0262044 0.0160706
1 0.4719226 0.6170595 0.0262044 0.0160706
13 0.2051143 0.3691137 0.0262044 0.0160706
28 0.5386247 0.6170595 0.0262044 0.0160706
30 0.2051143 0.6170595 0.0262044 0.0160706
25 0.3385184 0.3691137 0.0262044 0.0160706
21 0.4719226 0.4930866 0.0262044 0.0160706
21 0.2718164 0.5550730 0.0262044 0.0160706
19 0.1384122 0.4311001 0.0262044 0.0160705
30 0.5386247 0.3691137 0.0262044 0.0160706
