14 0.4658332 0.6432501 0.0263248 0.0163293
5 0.3988247 0.5172810 0.0263248 0.0163293
32 0.3276281 0.5476069 0.4846156 0.4478901
20 0.3318161 0.3913119 0.0263248 0.0163293
12 0.3988247 0.3913119 0.0263248 0.0163293
11 0.5328418 0.3913119 0.0263248 0.0163293
9 0.1307904 0.4542964 0.0263248 0.0163293
8 0.2648075 0.4542964 0.0263248 0.0163293
10 0.3318161 0.4542964 0.0263248 0.0163293
6 0.3988247 0.4542964 0.0263248 0.0163293
3 0.4658332 0.4542964 0.0263248 0.0163293
25 0.1307904 0.5172810 0.0263248 0.0163293
22 0.2648075 0.5802655 0.0263248 0.0163293
30 0.3318161 0.5802655 0.0263248 0.0163293
16 0.1307904 0.6432501 0.0263248 0.0163293
2 0.2648075 0.6432501 0.0263248 0.0163293
33 0.2648075 0.7062347 0.0622223 0.0629846
10 0.2648075 0.7062346 0.0263248 0.0163293
24 0.3318161 0.7062346 0.0263248 0.0163293
31 0.5328418 0.4542964 0.0263248 0.0163293
25 0.1977990 0.5172810 0.0263248 0.0163293
5 0.1977990 0.3913119 0.0263248 0.0163293
23 0.1977990 0.7062346 0.0263248 0.0163293
21 0.1307904 0.3913119 0.0263248 0.0163293
16 0.5328418 0.6432501 0.0263248 0.0163293
5 0.5328418 0.7062346 0.0263248 0.0163293
27 0.4658332 0.5172810 0.0263248 0.0163293
26 0.3988247 0.5802655 0.0263248 0.0163293
27 0.1977990 0.4542964 0.0263248 0.0163293
26 0.3988247 0.7062346 0.0263248 0.0163293
21 0.2648075 0.3913119 0.0263248 0.0163293
30 0.5328418 0.5172810 0.0263248 0.0163293
20 0.1307904 0.5802655 0.0263248 0.0163293
2 0.2648075 0.5172810 0.0263248 0.0163293
4 0.4658332 0.7062346 0.0263248 0.0163293
29 0.1307904 0.7062346 0.0263248 0.0163293
18 0.3318161 0.5172810 0.0263248 0.0163293
27 0.4658332 0.5802655 0.0263248 0.0163293
3 0.3318161 0.6432501 0.0263248 0.0163293
26 0.1977990 0.6432501 0.0263248 0.0163293
20 0.3988247 0.6432501 0.0263248 0.0163293
14 0.4658332 0.3913119 0.0263248 0.0163293
28 0.5328418 0.5802655 0.0263248 0.0163293
27 0.1977990 0.5802655 0.0263248 0.0163293
