22 0.4425059 0.6488812 0.0273862 0.0155454
8 0.4425059 0.4689983 0.0273862 0.0155454
32 0.5775700 0.5578294 0.5041561 0.4263888
8 0.3727954 0.4090375 0.0273862 0.0155454
26 0.5122164 0.4090375 0.0273862 0.0155454
21 0.7213478 0.4090375 0.0273862 0.0155454
24 0.7910583 0.4090375 0.0273863 0.0155454
19 0.3727954 0.4689983 0.0273862 0.0155454
6 0.3727954 0.5289593 0.0273862 0.0155455
2 0.4425059 0.5289593 0.0273862 0.0155455
17 0.6516373 0.5289593 0.0273862 0.0155455
13 0.7910583 0.5889202 0.0273863 0.0155454
9 0.3727954 0.6488812 0.0273862 0.0155454
5 0.6516373 0.6488812 0.0273862 0.0155454
7 0.7213478 0.6488812 0.0273862 0.0155454
25 0.3727954 0.7088421 0.0273862 0.0155455
33 0.5122164 0.7088421 0.0647311 0.0599609
12 0.5122164 0.7088421 0.0273862 0.0155455
12 0.7910583 0.7088421 0.0273863 0.0155455
27 0.7910583 0.4689983 0.0273863 0.0155454
2 0.3727954 0.5889202 0.0273862 0.0155454
19 0.5819268 0.5889202 0.0273862 0.0155454
31 0.5122164 0.6488812 0.0273862 0.0155454
15 0.6516373 0.7088421 0.0273862 0.0155455
16 0.5819268 0.6488812 0.0273862 0.0155454
7 0.5122164 0.5889202 0.0273862 0.0155454
7 0.6516373 0.4090375 0.0273862 0.0155454
14 0.5819268 0.5289593 0.0273862 0.0155455
7 0.4425059 0.4090375 0.0273862 0.0155454
16 0.7213478 0.5889202 0.0273862 0.0155454
21 0.7910583 0.5289593 0.0273863 0.0155455
20 0.7910583 0.6488812 0.0273863 0.0155454
25 0.5819268 0.4689983 0.0273862 0.0155454
1 0.7213478 0.4689983 0.0273862 0.0155454
28 0.5122164 0.5289593 0.0273862 0.0155455
22 0.4425059 0.5889202 0.0273862 0.0155454
5 0.4425059 0.7088421 0.0273862 0.0155455
15 0.6516373 0.4689983 0.0273862 0.0155454
18 0.5819268 0.7088421 0.0273862 0.0155455
30 0.5122164 0.4689983 0.0273862 0.0155454
5 0.5819268 0.4090375 0.0273862 0.0155454
1 0.6516373 0.5889202 0.0273862 0.0155454
27 0.7213478 0.7088421 0.0273862 0.0155455
5 0.7213478 0.5289593 0.0273862 0.0155455
