5 0.3737848 0.5676655 0.0266224 0.0153072
13 0.4415508 0.4495815 0.0266224 0.0153072
32 0.5728475 0.5370512 0.4900935 0.4198544
15 0.3737848 0.3905395 0.0266224 0.0153072
19 0.5093169 0.3905395 0.0266224 0.0153072
9 0.6448489 0.3905395 0.0266224 0.0153072
33 0.7126149 0.3905394 0.0629256 0.0590420
18 0.7126149 0.3905395 0.0266223 0.0153072
3 0.5770829 0.4495815 0.0266224 0.0153072
22 0.7803809 0.4495815 0.0266224 0.0153072
25 0.5770829 0.5086235 0.0266224 0.0153072
17 0.7803809 0.5086235 0.0266224 0.0153072
10 0.4415508 0.5676655 0.0266224 0.0153072
16 0.5093169 0.6267076 0.0266224 0.0153072
6 0.5770829 0.6267076 0.0266224 0.0153072
12 0.7126149 0.6267076 0.0266223 0.0153072
29 0.3737848 0.6857496 0.0266224 0.0153071
27 0.4415508 0.6857496 0.0266224 0.0153071
13 0.5093169 0.6857496 0.0266224 0.0153071
24 0.4415508 0.3905395 0.0266224 0.0153072
23 0.7803809 0.3905395 0.0266224 0.0153072
7 0.5093169 0.5676655 0.0266224 0.0153072
29 0.6448489 0.6267076 0.0266224 0.0153072
16 0.7803809 0.6267076 0.0266224 0.0153072
28 0.3737848 0.5086235 0.0266224 0.0153072
31 0.7803809 0.5676655 0.0266224 0.0153072
26 0.7126149 0.5086235 0.0266223 0.0153072
18 0.6448489 0.4495815 0.0266224 0.0153072
18 0.6448489 0.5676655 0.0266224 0.0153072
7 0.3737848 0.4495815 0.0266224 0.0153072
6 0.7126149 0.4495815 0.0266223 0.0153072
5 0.5770829 0.3905395 0.0266224 0.0153072
3 0.4415508 0.6267076 0.0266224 0.0153072
29 0.5093169 0.4495815 0.0266224 0.0153072
31 0.5770829 0.5676655 0.0266224 0.0153072
1 0.6448489 0.6857496 0.0266224 0.0153071
18 0.6448489 0.5086235 0.0266224 0.0153072
6 0.7126149 0.6857496 0.0266223 0.0153071
19 0.7803809 0.6857496 0.0266224 0.0153071
3 0.5770829 0.6857496 0.0266224 0.0153071
21 0.5093169 0.5086235 0.0266224 0.0153072
27 0.3737848 0.6267076 0.0266224 0.0153072
5 0.4415508 0.5086235 0.0266224 0.0153072
28 0.7126149 0.5676655 0.0266223 0.0153072
