10 0.1801910 0.2265248 0.0287632 0.0162851
15 0.3998370 0.4777806 0.0287632 0.0162851
32 0.3952610 0.3823964 0.5295036 0.4466770
23 0.3998370 0.2265248 0.0287632 0.0162851
6 0.4730522 0.2265248 0.0287632 0.0162851
33 0.5462675 0.2265248 0.0679856 0.0628140
8 0.5462675 0.2265248 0.0287632 0.0162851
25 0.6194829 0.2265248 0.0287632 0.0162851
30 0.3266216 0.2893387 0.0287631 0.0162851
11 0.5462675 0.2893387 0.0287632 0.0162851
9 0.3266216 0.3521527 0.0287631 0.0162851
12 0.4730522 0.3521527 0.0287632 0.0162851
10 0.5462675 0.3521527 0.0287632 0.0162851
29 0.6194829 0.3521527 0.0287632 0.0162851
17 0.1801910 0.4777806 0.0287632 0.0162851
27 0.2534063 0.4777806 0.0287632 0.0162851
20 0.5462675 0.4777806 0.0287632 0.0162851
13 0.1801910 0.5405945 0.0287632 0.0162851
16 0.2534063 0.5405945 0.0287632 0.0162851
2 0.1801910 0.3521527 0.0287632 0.0162851
27 0.3266216 0.4777806 0.0287631 0.0162851
24 0.4730522 0.4777806 0.0287632 0.0162851
16 0.3998370 0.5405945 0.0287632 0.0162851
12 0.4730522 0.4149666 0.0287632 0.0162851
7 0.2534063 0.2893387 0.0287632 0.0162851
1 0.6194829 0.4777806 0.0287632 0.0162851
24 0.6194829 0.4149666 0.0287632 0.0162851
29 0.1801910 0.2893387 0.0287632 0.0162851
3 0.5462675 0.5405945 0.0287632 0.0162851
24 0.4730522 0.2893387 0.0287632 0.0162851
11 0.3266216 0.4149666 0.0287631 0.0162851
29 0.2534063 0.4149666 0.0287632 0.0162851
8 0.2534063 0.2265248 0.0287632 0.0162851
27 0.1801910 0.4149666 0.0287632 0.0162851
5 0.3998370 0.2893387 0.0287632 0.0162851
7 0.2534063 0.3521527 0.0287632 0.0162851
11 0.3998370 0.3521527 0.0287632 0.0162851
5 0.3998370 0.4149666 0.0287632 0.0162851
19 0.3266216 0.2265248 0.0287631 0.0162851
20 0.3266216 0.5405945 0.0287631 0.0162851
22 0.6194829 0.5405945 0.0287632 0.0162851
1 0.6194829 0.2893387 0.0287632 0.0162851
10 0.5462675 0.4149666 0.0287632 0.0162851
26 0.4730522 0.5405945 0.0287632 0.0162851
