2 0.4268797 0.4885107 0.0268066 0.0148965
31 0.4951147 0.6039585 0.0268066 0.0159606
32 0.4274890 0.5693773 0.4934853 0.4085892
16 0.4268797 0.4315849 0.0268066 0.0159605
8 0.2221747 0.4885107 0.0268066 0.0148965
14 0.2904097 0.4885107 0.0268066 0.0148965
11 0.4951147 0.4885107 0.0268066 0.0148965
26 0.5633498 0.4885107 0.0268066 0.0148965
28 0.6315847 0.4885107 0.0268066 0.0148965
10 0.2221747 0.5465006 0.0268066 0.0159605
3 0.2904097 0.5465006 0.0268066 0.0159605
19 0.2221747 0.6039585 0.0268066 0.0159606
25 0.2904097 0.6039585 0.0268066 0.0159606
9 0.3586447 0.6039585 0.0268066 0.0159606
33 0.4268797 0.6608843 0.0633611 0.0574579
23 0.4268797 0.6614163 0.0268066 0.0159605
15 0.5633498 0.6614163 0.0268066 0.0159605
6 0.6315847 0.6614163 0.0268066 0.0159605
29 0.4951147 0.7183421 0.0268066 0.0148965
12 0.5633498 0.5465006 0.0268066 0.0159605
8 0.5633498 0.6039585 0.0268066 0.0159606
17 0.6315847 0.4315849 0.0268066 0.0159605
10 0.4951147 0.4315849 0.0268066 0.0159605
4 0.5633498 0.4315849 0.0268066 0.0159605
14 0.3586447 0.4885107 0.0268066 0.0148965
13 0.2221747 0.4315849 0.0268066 0.0159605
10 0.6315847 0.6039585 0.0268066 0.0159606
24 0.2904097 0.6614163 0.0268066 0.0159605
19 0.6315847 0.7183421 0.0268066 0.0148965
6 0.3586447 0.5465006 0.0268066 0.0159605
8 0.2904097 0.7183421 0.0268066 0.0148965
28 0.2221747 0.6614163 0.0268066 0.0159605
26 0.4951147 0.6614163 0.0268066 0.0159605
20 0.3586447 0.4315849 0.0268066 0.0159605
27 0.3586447 0.6614163 0.0268066 0.0159605
21 0.4268797 0.6039585 0.0268066 0.0159606
21 0.5633498 0.7183421 0.0268066 0.0148965
9 0.2221747 0.7183421 0.0268066 0.0148965
19 0.6315847 0.5465006 0.0268066 0.0159605
4 0.4268797 0.5465006 0.0268066 0.0159605
1 0.4268797 0.7183421 0.0268066 0.0148965
27 0.4951147 0.5465006 0.0268066 0.0159605
2 0.3586447 0.7183421 0.0268066 0.0148965
3 0.2904097 0.4315849 0.0268066 0.0159605
