12 0.1827278 0.3380451 0.0267957 0.0151000
30 0.2509351 0.3380451 0.0267957 0.0151000
32 0.3879586 0.4200168 0.4932847 0.4141726
2 0.2509351 0.2803414 0.0267957 0.0161786
22 0.4555569 0.2803414 0.0267957 0.0161786
1 0.5237641 0.3380451 0.0267957 0.0151000
31 0.1827278 0.3968274 0.0267957 0.0161786
14 0.3191423 0.3968274 0.0267957 0.0161786
11 0.3873496 0.3968274 0.0267957 0.0161786
23 0.5919714 0.3968274 0.0267957 0.0161786
9 0.1827278 0.4550704 0.0267957 0.0161786
4 0.3873496 0.4550704 0.0267957 0.0161786
33 0.5237641 0.4545311 0.0633353 0.0582431
1 0.5237641 0.4550704 0.0267957 0.0161786
10 0.3191423 0.5133135 0.0267957 0.0161787
8 0.4555569 0.5133135 0.0267957 0.0161787
21 0.3191423 0.5710172 0.0267957 0.0151001
26 0.3873496 0.5710172 0.0267957 0.0151001
13 0.5237641 0.5710172 0.0267957 0.0151001
9 0.2509351 0.5133135 0.0267957 0.0161787
22 0.5919714 0.5710172 0.0267957 0.0151001
25 0.5237641 0.3968274 0.0267957 0.0161786
25 0.5919714 0.2803414 0.0267957 0.0161786
25 0.3873496 0.2803414 0.0267957 0.0161786
2 0.1827278 0.2803414 0.0267957 0.0161786
22 0.4555569 0.3968274 0.0267957 0.0161786
10 0.3873496 0.5133135 0.0267957 0.0161787
27 0.4555569 0.3380451 0.0267957 0.0151000
29 0.1827278 0.5133135 0.0267957 0.0161787
18 0.3191423 0.3380451 0.0267957 0.0151000
9 0.1827278 0.5710172 0.0267957 0.0151001
8 0.3191423 0.2803414 0.0267957 0.0161786
28 0.4555569 0.5710172 0.0267957 0.0151001
29 0.5237641 0.2803414 0.0267957 0.0161786
2 0.5919714 0.3380451 0.0267957 0.0151000
1 0.2509351 0.5710172 0.0267957 0.0151001
23 0.3191423 0.4550704 0.0267957 0.0161786
8 0.2509351 0.4550704 0.0267957 0.0161786
11 0.5919714 0.4550704 0.0267957 0.0161786
30 0.4555569 0.4550704 0.0267957 0.0161786
29 0.5237641 0.5133135 0.0267957 0.0161787
5 0.3873496 0.3380451 0.0267957 0.0151000
17 0.5919714 0.5133135 0.0267957 0.0161787
13 0.2509351 0.3968274 0.0267957 0.0161786
