15 0.3930957 0.3947974 0.0264843 0.0171781
15 0.5953395 0.4566383 0.0264843 0.0171780
32 0.5285268 0.3575784 0.4875520 0.4397571
30 0.3256811 0.2705431 0.0264843 0.0160328
33 0.3256811 0.3323839 0.0625993 0.0618409
10 0.3256811 0.3329565 0.0264843 0.0171780
29 0.4605103 0.3329565 0.0264843 0.0171780
21 0.5953395 0.3329565 0.0264843 0.0171780
14 0.4605103 0.3947974 0.0264843 0.0171781
9 0.5953395 0.3947974 0.0264843 0.0171781
2 0.7301686 0.3947974 0.0264843 0.0171781
8 0.6627541 0.4566383 0.0264844 0.0171780
9 0.5279249 0.3329565 0.0264843 0.0171780
20 0.3256811 0.4566383 0.0264843 0.0171780
17 0.6627541 0.2092748 0.0264844 0.0171780
13 0.3930957 0.4566383 0.0264843 0.0171780
1 0.5279249 0.3947974 0.0264843 0.0171781
28 0.5953395 0.2705431 0.0264843 0.0160328
27 0.7301686 0.2092748 0.0264843 0.0171780
7 0.7301686 0.2705431 0.0264843 0.0160328
7 0.6627541 0.3329565 0.0264844 0.0171780
21 0.5279249 0.2092748 0.0264843 0.0171780
11 0.7301686 0.4566383 0.0264843 0.0171780
24 0.3256811 0.3947974 0.0264843 0.0171781
7 0.3930957 0.2092748 0.0264843 0.0171780
16 0.5279249 0.2705431 0.0264843 0.0160328
21 0.3930957 0.3329565 0.0264843 0.0171780
23 0.4605103 0.2705431 0.0264843 0.0160328
22 0.4605103 0.2092748 0.0264843 0.0171780
23 0.3930957 0.2705431 0.0264843 0.0160328
23 0.3256811 0.2092748 0.0264843 0.0171780
24 0.6627541 0.2705431 0.0264844 0.0160328
5 0.5279249 0.4566383 0.0264843 0.0171780
5 0.7301686 0.3329565 0.0264843 0.0171780
8 0.4605103 0.4566383 0.0264843 0.0171780
14 0.6627541 0.3947974 0.0264844 0.0171781
23 0.5953395 0.2092748 0.0264843 0.0171780
