15 0.7744759 0.3267942 0.0275693 0.0151532
29 0.6341235 0.2683460 0.0275692 0.0151532
32 0.5595612 0.4133840 0.5075246 0.4156312
29 0.3534186 0.3267942 0.0275692 0.0151532
24 0.6341235 0.3267942 0.0275692 0.0151532
20 0.7042997 0.3267942 0.0275693 0.0151532
10 0.4235948 0.3852423 0.0275692 0.0151532
5 0.5639472 0.3852423 0.0275692 0.0151532
23 0.7042997 0.3852423 0.0275693 0.0151532
19 0.4235948 0.4436904 0.0275692 0.0151532
21 0.4937710 0.4436904 0.0275692 0.0151532
16 0.3534186 0.5021386 0.0275692 0.0151532
17 0.4937710 0.5021386 0.0275692 0.0151532
33 0.7042998 0.5021386 0.0651637 0.0584481
19 0.7042997 0.5021386 0.0275693 0.0151532
7 0.3534186 0.5605867 0.0275692 0.0151532
9 0.4235948 0.5605867 0.0275692 0.0151532
13 0.4937710 0.5605867 0.0275692 0.0151532
31 0.7042997 0.5605867 0.0275693 0.0151532
21 0.7744759 0.5605867 0.0275693 0.0151532
7 0.3534186 0.3852423 0.0275692 0.0151532
8 0.4235948 0.2683460 0.0275692 0.0151532
10 0.4235948 0.5021386 0.0275692 0.0151532
8 0.7744759 0.5021386 0.0275693 0.0151532
13 0.3534186 0.2683460 0.0275692 0.0151532
22 0.4937710 0.3852423 0.0275692 0.0151532
16 0.6341235 0.5021386 0.0275692 0.0151532
10 0.4235948 0.3267942 0.0275692 0.0151532
19 0.7042997 0.4436904 0.0275693 0.0151532
8 0.4937710 0.2683460 0.0275692 0.0151532
14 0.3534186 0.4436904 0.0275692 0.0151532
7 0.7042997 0.2683460 0.0275693 0.0151532
30 0.6341235 0.3852423 0.0275692 0.0151532
21 0.7744759 0.2683460 0.0275693 0.0151532
22 0.5639472 0.4436904 0.0275692 0.0151532
7 0.6341235 0.5605867 0.0275692 0.0151532
15 0.5639472 0.2683460 0.0275692 0.0151532
16 0.5639472 0.3267942 0.0275692 0.0151532
8 0.6341235 0.4436904 0.0275692 0.0151532
29 0.7744759 0.4436904 0.0275693 0.0151532
24 0.7744759 0.3852423 0.0275693 0.0151532
22 0.5639472 0.5605867 0.0275692 0.0151532
16 0.4937710 0.3267942 0.0275692 0.0151532
5 0.5639472 0.5021386 0.0275692 0.0151532
