17 0.0504438 0.4771883 0.0276871 0.0162294
4 0.4028249 0.4771883 0.0276871 0.0162294
32 0.2574677 0.5073285 0.5096942 0.4451483
1 0.1209200 0.3519903 0.0276871 0.0162294
3 0.4733012 0.3519903 0.0276871 0.0162294
12 0.0504438 0.4145893 0.0276871 0.0162294
27 0.1209200 0.4145893 0.0276871 0.0162294
28 0.2618725 0.4145893 0.0276871 0.0162294
22 0.4028249 0.4145893 0.0276871 0.0162294
23 0.0504438 0.5397873 0.0276871 0.0162294
31 0.1209200 0.5397873 0.0276871 0.0162294
33 0.3323487 0.5397873 0.0654422 0.0625990
11 0.3323487 0.5397873 0.0276871 0.0162294
24 0.4028249 0.5397873 0.0276871 0.0162294
15 0.0504438 0.6023863 0.0276871 0.0162294
17 0.0504438 0.6649852 0.0276871 0.0162294
13 0.1209200 0.6649852 0.0276871 0.0162294
16 0.1913963 0.6649852 0.0276871 0.0162294
18 0.4733012 0.6649852 0.0276871 0.0162294
1 0.2618725 0.5397873 0.0276871 0.0162294
2 0.1209200 0.6023863 0.0276871 0.0162294
27 0.0504438 0.3519903 0.0276871 0.0162294
31 0.4028249 0.6649852 0.0276871 0.0162294
15 0.4733012 0.4771883 0.0276871 0.0162294
30 0.2618725 0.6649852 0.0276871 0.0162294
20 0.2618725 0.3519903 0.0276871 0.0162294
13 0.1209200 0.4771883 0.0276871 0.0162294
18 0.3323487 0.6649852 0.0276871 0.0162294
22 0.2618725 0.4771883 0.0276871 0.0162294
13 0.2618725 0.6023863 0.0276871 0.0162294
23 0.4733012 0.6023863 0.0276871 0.0162294
16 0.3323487 0.4145893 0.0276871 0.0162294
3 0.4028249 0.6023863 0.0276871 0.0162294
26 0.1913963 0.4145893 0.0276871 0.0162294
24 0.4733012 0.5397873 0.0276871 0.0162294
20 0.3323487 0.6023863 0.0276871 0.0162294
18 0.1913963 0.4771883 0.0276871 0.0162294
1 0.4028249 0.3519903 0.0276871 0.0162294
17 0.1913963 0.3519903 0.0276871 0.0162294
1 0.3323487 0.4771883 0.0276871 0.0162294
8 0.3323487 0.3519903 0.0276871 0.0162294
30 0.4733012 0.4145893 0.0276871 0.0162294
24 0.1913963 0.6023863 0.0276871 0.0162294
6 0.1913963 0.5397873 0.0276871 0.0162294
