29 0.3294469 0.4589563 0.0267644 0.0154044
28 0.2613192 0.5183731 0.0267644 0.0154043
32 0.3251889 0.4875644 0.4927088 0.4225191
2 0.1931916 0.3401228 0.0267644 0.0154044
33 0.1250640 0.3995396 0.0632614 0.0594168
26 0.1250640 0.3995396 0.0267644 0.0154044
23 0.4657021 0.3995396 0.0267645 0.0154044
20 0.5338298 0.3995396 0.0267644 0.0154044
29 0.1931916 0.4589563 0.0267644 0.0154044
9 0.3975745 0.4589563 0.0267645 0.0154044
16 0.5338298 0.4589563 0.0267644 0.0154044
3 0.2613192 0.5777898 0.0267644 0.0154043
2 0.2613192 0.3401228 0.0267644 0.0154044
16 0.3975745 0.5183731 0.0267645 0.0154043
6 0.1931916 0.5183731 0.0267644 0.0154043
18 0.1931916 0.5777898 0.0267644 0.0154043
14 0.3294469 0.5777898 0.0267644 0.0154043
15 0.2613192 0.4589563 0.0267644 0.0154044
13 0.1250640 0.5183731 0.0267644 0.0154043
6 0.4657021 0.4589563 0.0267645 0.0154044
14 0.3975745 0.3995396 0.0267645 0.0154044
31 0.3294469 0.3401228 0.0267644 0.0154044
18 0.3294469 0.3995396 0.0267644 0.0154044
30 0.5338298 0.5183731 0.0267644 0.0154043
28 0.3975745 0.3401228 0.0267645 0.0154044
27 0.4657021 0.3401228 0.0267645 0.0154044
18 0.1250640 0.4589563 0.0267644 0.0154044
23 0.5338298 0.5777898 0.0267644 0.0154043
20 0.3975745 0.5777898 0.0267645 0.0154043
7 0.4657021 0.5183731 0.0267645 0.0154043
1 0.1931916 0.3995396 0.0267644 0.0154044
15 0.1250640 0.3401228 0.0267644 0.0154044
25 0.2613192 0.3995396 0.0267644 0.0154044
23 0.1250640 0.5777898 0.0267644 0.0154043
28 0.5338298 0.3401228 0.0267644 0.0154044
20 0.4657021 0.5777898 0.0267645 0.0154043
14 0.3294469 0.5183731 0.0267644 0.0154043
