16 0.3950633 0.7172765 0.0288184 0.0156009
25 0.6151312 0.7774511 0.0288184 0.0156009
32 0.5371905 0.6259002 0.5305209 0.4279086
12 0.3217073 0.4765779 0.0288184 0.0156009
11 0.5417752 0.4765779 0.0288184 0.0156009
28 0.6884872 0.4765779 0.0288184 0.0156009
19 0.6884872 0.5367525 0.0288184 0.0156008
33 0.7618432 0.5367525 0.0681163 0.0601747
8 0.7618431 0.5367525 0.0288184 0.0156008
25 0.5417752 0.5969272 0.0288184 0.0156008
18 0.6151312 0.5969272 0.0288184 0.0156008
7 0.6884872 0.5969272 0.0288184 0.0156008
29 0.3217073 0.6571018 0.0288184 0.0156008
4 0.6884872 0.6571018 0.0288184 0.0156008
17 0.7618431 0.6571018 0.0288184 0.0156008
24 0.3217073 0.7172765 0.0288184 0.0156009
23 0.5417752 0.7172765 0.0288184 0.0156009
1 0.3950633 0.7774511 0.0288184 0.0156009
26 0.5417752 0.7774511 0.0288184 0.0156009
23 0.3950633 0.5367525 0.0288184 0.0156008
9 0.3950633 0.4765779 0.0288184 0.0156009
12 0.6151312 0.6571018 0.0288184 0.0156008
26 0.6884872 0.7774511 0.0288184 0.0156009
7 0.4684193 0.6571018 0.0288184 0.0156008
26 0.4684193 0.5367525 0.0288184 0.0156008
7 0.3217073 0.7774511 0.0288184 0.0156009
21 0.7618431 0.4765779 0.0288184 0.0156009
28 0.3217073 0.5969272 0.0288184 0.0156008
9 0.3950633 0.6571018 0.0288184 0.0156008
30 0.3217073 0.5367525 0.0288184 0.0156008
27 0.5417752 0.5367525 0.0288184 0.0156008
1 0.7618431 0.7172765 0.0288184 0.0156009
19 0.3950633 0.5969272 0.0288184 0.0156008
3 0.7618431 0.5969272 0.0288184 0.0156008
2 0.6151312 0.4765779 0.0288184 0.0156009
21 0.6884872 0.7172765 0.0288184 0.0156009
4 0.6151312 0.7172765 0.0288184 0.0156009
8 0.4684193 0.5969272 0.0288184 0.0156008
16 0.4684193 0.7172765 0.0288184 0.0156009
29 0.4684193 0.7774511 0.0288184 0.0156009
14 0.7618431 0.7774511 0.0288184 0.0156009
16 0.4684193 0.4765779 0.0288184 0.0156009
17 0.5417752 0.6571018 0.0288184 0.0156008
21 0.6151312 0.5367525 0.0288184 0.0156008
