25 0.2576867 0.2486032 0.0262156 0.0161042
30 0.3244173 0.4970682 0.0262156 0.0161043
32 0.3869773 0.4027435 0.4826056 0.4417156
33 0.3244173 0.2486032 0.0619641 0.0621163
16 0.3244173 0.2486032 0.0262156 0.0161042
13 0.3911480 0.2486032 0.0262156 0.0161042
3 0.4578786 0.2486032 0.0262156 0.0161042
6 0.5246093 0.2486032 0.0262156 0.0161042
30 0.4578786 0.3107195 0.0262156 0.0161042
4 0.5246093 0.3107195 0.0262156 0.0161042
21 0.3244173 0.3728357 0.0262156 0.0161042
31 0.5913400 0.3728357 0.0262156 0.0161042
2 0.3244173 0.4349519 0.0262156 0.0161042
15 0.5246093 0.4349519 0.0262156 0.0161042
17 0.5913400 0.4349519 0.0262156 0.0161042
10 0.4578786 0.4970682 0.0262156 0.0161043
12 0.4578786 0.5591844 0.0262156 0.0161042
20 0.5246093 0.5591844 0.0262156 0.0161042
25 0.5913400 0.5591844 0.0262156 0.0161042
18 0.3911480 0.3728357 0.0262156 0.0161042
24 0.2576867 0.5591844 0.0262156 0.0161042
6 0.4578786 0.3728357 0.0262156 0.0161042
25 0.5913400 0.4970682 0.0262156 0.0161043
31 0.2576867 0.4349519 0.0262156 0.0161042
19 0.2576867 0.4970682 0.0262156 0.0161043
29 0.1909560 0.4349519 0.0262156 0.0161042
30 0.3911480 0.4970682 0.0262156 0.0161043
1 0.3911480 0.4349519 0.0262156 0.0161042
13 0.3911480 0.5591844 0.0262156 0.0161042
26 0.5913400 0.3107195 0.0262156 0.0161042
24 0.2576867 0.3728357 0.0262156 0.0161042
16 0.1909560 0.3728357 0.0262156 0.0161042
30 0.4578786 0.4349519 0.0262156 0.0161042
24 0.1909560 0.3107195 0.0262156 0.0161042
20 0.3244173 0.5591844 0.0262156 0.0161042
30 0.5246093 0.3728357 0.0262156 0.0161042
29 0.1909560 0.5591844 0.0262156 0.0161042
27 0.1909560 0.2486032 0.0262156 0.0161042
4 0.3911480 0.3107195 0.0262156 0.0161042
28 0.1909560 0.4970682 0.0262156 0.0161043
26 0.2576867 0.3107195 0.0262156 0.0161042
7 0.3244173 0.3107195 0.0262156 0.0161042
3 0.5246093 0.4970682 0.0262156 0.0161043
19 0.5913400 0.2486032 0.0262156 0.0161042
