12 0.5086008 0.3411524 0.0283712 0.0154684
27 0.7252538 0.2218242 0.0283712 0.0154685
32 0.5763049 0.3698795 0.5222882 0.4242781
19 0.5808184 0.2218242 0.0283712 0.0154685
33 0.5086008 0.2814883 0.0670592 0.0596641
3 0.5086008 0.2814883 0.0283712 0.0154685
7 0.7974713 0.2814883 0.0283713 0.0154685
24 0.7252538 0.3411524 0.0283712 0.0154684
26 0.3641655 0.4008165 0.0283712 0.0154685
21 0.3641655 0.4604806 0.0283712 0.0154685
22 0.5086008 0.4604806 0.0283712 0.0154685
23 0.5808184 0.4604806 0.0283712 0.0154685
6 0.7252538 0.4604806 0.0283712 0.0154685
29 0.4363832 0.4604806 0.0283712 0.0154685
21 0.4363832 0.2814883 0.0283712 0.0154685
9 0.6530360 0.3411524 0.0283712 0.0154684
6 0.3641655 0.2814883 0.0283712 0.0154685
8 0.5086008 0.2218242 0.0283712 0.0154685
31 0.4363832 0.2218242 0.0283712 0.0154685
2 0.5808184 0.4008165 0.0283712 0.0154685
15 0.3641655 0.2218242 0.0283712 0.0154685
6 0.7974713 0.4604806 0.0283713 0.0154685
7 0.3641655 0.3411524 0.0283712 0.0154684
23 0.6530360 0.2218242 0.0283712 0.0154685
21 0.7974713 0.4008165 0.0283713 0.0154685
14 0.7974713 0.2218242 0.0283713 0.0154685
15 0.6530360 0.2814883 0.0283712 0.0154685
9 0.5808184 0.2814883 0.0283712 0.0154685
1 0.7974713 0.3411524 0.0283713 0.0154684
30 0.5808184 0.3411524 0.0283712 0.0154684
9 0.6530360 0.4008165 0.0283712 0.0154685
4 0.4363832 0.4008165 0.0283712 0.0154685
14 0.4363832 0.3411524 0.0283712 0.0154684
10 0.7252538 0.4008165 0.0283712 0.0154685
29 0.7252538 0.2814883 0.0283712 0.0154685
22 0.5086008 0.4008165 0.0283712 0.0154685
6 0.6530360 0.4604806 0.0283712 0.0154685
