30 0.1892585 0.5428338 0.0262532 0.0160687
12 0.1892585 0.4844510 0.0262532 0.0149974
32 0.3903344 0.5658655 0.4832980 0.4113577
29 0.3229113 0.4844510 0.0262532 0.0149974
13 0.3897377 0.4844510 0.0262532 0.0149974
21 0.5233905 0.4844510 0.0262532 0.0149974
15 0.5902168 0.4844510 0.0262532 0.0149974
33 0.5233905 0.5422981 0.0620531 0.0578471
15 0.5233905 0.5428338 0.0262532 0.0160687
17 0.5902168 0.5428338 0.0262532 0.0160687
9 0.4565641 0.6006809 0.0262532 0.0160687
2 0.3897377 0.6585280 0.0262532 0.0160687
29 0.3229113 0.5428338 0.0262532 0.0160687
10 0.4565641 0.5428338 0.0262532 0.0160687
16 0.3229113 0.6585280 0.0262532 0.0160687
23 0.2560849 0.5428338 0.0262532 0.0160687
5 0.4565641 0.4271394 0.0262532 0.0160687
11 0.3229113 0.6006809 0.0262532 0.0160687
10 0.4565641 0.6585280 0.0262532 0.0160687
29 0.5902168 0.4271394 0.0262532 0.0160687
26 0.5233905 0.6585280 0.0262532 0.0160687
16 0.4565641 0.4844510 0.0262532 0.0149974
29 0.5902168 0.6585280 0.0262532 0.0160687
12 0.3229113 0.4271394 0.0262532 0.0160687
12 0.3897377 0.4271394 0.0262532 0.0160687
22 0.5233905 0.4271394 0.0262532 0.0160687
20 0.1892585 0.6006809 0.0262532 0.0160687
2 0.2560849 0.4271394 0.0262532 0.0160687
29 0.1892585 0.4271394 0.0262532 0.0160687
23 0.5233905 0.6006809 0.0262532 0.0160687
28 0.3897377 0.5428338 0.0262532 0.0160687
4 0.1892585 0.6585280 0.0262532 0.0160687
21 0.3897377 0.6006809 0.0262532 0.0160687
4 0.2560849 0.6585280 0.0262532 0.0160687
10 0.2560849 0.4844510 0.0262532 0.0149974
22 0.5902168 0.6006809 0.0262532 0.0160687
27 0.2560849 0.6006809 0.0262532 0.0160687
