16 0.3579674 0.4381140 0.0278593 0.0159385
14 0.2870527 0.3151598 0.0278594 0.0159385
32 0.4953648 0.4062370 0.5128656 0.4371706
7 0.3579674 0.2536827 0.0278593 0.0159385
19 0.4997969 0.2536827 0.0278593 0.0159385
26 0.5707117 0.2536827 0.0278593 0.0159385
1 0.7125412 0.2536827 0.0278594 0.0159385
6 0.3579674 0.3151598 0.0278593 0.0159385
9 0.5707117 0.3151598 0.0278593 0.0159385
30 0.6416264 0.3151598 0.0278593 0.0159385
22 0.6416264 0.3766369 0.0278593 0.0159385
15 0.7125412 0.3766369 0.0278594 0.0159385
17 0.2870527 0.4995912 0.0278594 0.0159385
16 0.3579674 0.4995912 0.0278593 0.0159385
24 0.4997969 0.4995912 0.0278593 0.0159385
23 0.6416264 0.4995912 0.0278593 0.0159385
29 0.7125412 0.4995912 0.0278594 0.0159385
33 0.5707117 0.5610683 0.0658495 0.0614771
17 0.5707117 0.5610683 0.0278593 0.0159385
16 0.4288821 0.3766369 0.0278594 0.0159385
6 0.7125412 0.5610683 0.0278594 0.0159385
14 0.4997969 0.3151598 0.0278593 0.0159385
22 0.4997969 0.4381140 0.0278593 0.0159385
3 0.2870527 0.5610683 0.0278594 0.0159385
15 0.7125412 0.4381140 0.0278594 0.0159385
16 0.4288821 0.4381140 0.0278594 0.0159385
21 0.4288821 0.2536827 0.0278594 0.0159385
30 0.5707117 0.4381140 0.0278593 0.0159385
1 0.7125412 0.3151598 0.0278594 0.0159385
18 0.4288821 0.4995912 0.0278594 0.0159385
15 0.2870527 0.3766369 0.0278594 0.0159385
27 0.6416264 0.4381140 0.0278593 0.0159385
22 0.4997969 0.5610683 0.0278593 0.0159385
17 0.5707117 0.4995912 0.0278593 0.0159385
30 0.4288821 0.3151598 0.0278594 0.0159385
21 0.2870527 0.2536827 0.0278594 0.0159385
9 0.4997969 0.3766369 0.0278593 0.0159385
16 0.5707117 0.3766369 0.0278593 0.0159385
30 0.4288821 0.5610683 0.0278594 0.0159385
16 0.6416264 0.2536827 0.0278593 0.0159385
15 0.3579674 0.5610683 0.0278593 0.0159385
8 0.6416264 0.5610683 0.0278593 0.0159385
17 0.2870527 0.4381140 0.0278594 0.0159385
7 0.3579674 0.3766369 0.0278593 0.0159385
