25 0.3073678 0.4675673 0.0272625 0.0160688
18 0.5849495 0.3436081 0.0272625 0.0160688
32 0.5112169 0.3734501 0.5018775 0.4407443
16 0.3073678 0.2816284 0.0272625 0.0160688
26 0.3767632 0.2816284 0.0272625 0.0160688
19 0.3073678 0.3436081 0.0272625 0.0160688
14 0.4461587 0.3436081 0.0272625 0.0160688
20 0.5155541 0.3436081 0.0272625 0.0160688
25 0.4461587 0.4055877 0.0272625 0.0160688
8 0.4461587 0.4675673 0.0272625 0.0160688
33 0.7237403 0.4675674 0.0644386 0.0619796
11 0.7237403 0.4675673 0.0272624 0.0160688
30 0.6543449 0.3436081 0.0272625 0.0160688
11 0.3767632 0.2196487 0.0272625 0.0160688
25 0.5155541 0.2816284 0.0272625 0.0160688
13 0.5849495 0.2816284 0.0272625 0.0160688
2 0.3767632 0.4055877 0.0272625 0.0160688
30 0.6543449 0.2816284 0.0272625 0.0160688
25 0.3073678 0.4055877 0.0272625 0.0160688
9 0.5849495 0.4055877 0.0272625 0.0160688
31 0.7237403 0.3436081 0.0272624 0.0160688
14 0.6543449 0.4055877 0.0272625 0.0160688
19 0.5155541 0.4675673 0.0272625 0.0160688
10 0.5155541 0.2196487 0.0272625 0.0160688
5 0.7237403 0.2196487 0.0272624 0.0160688
8 0.4461587 0.2196487 0.0272625 0.0160688
9 0.6543449 0.4675673 0.0272625 0.0160688
8 0.6543449 0.2196487 0.0272625 0.0160688
18 0.3767632 0.4675673 0.0272625 0.0160688
26 0.3767632 0.3436081 0.0272625 0.0160688
10 0.5155541 0.4055877 0.0272625 0.0160688
26 0.7237403 0.2816284 0.0272624 0.0160688
7 0.4461587 0.2816284 0.0272625 0.0160688
19 0.5849495 0.4675673 0.0272625 0.0160688
7 0.7237403 0.4055877 0.0272624 0.0160688
24 0.5849495 0.2196487 0.0272625 0.0160688
14 0.3073678 0.2196487 0.0272625 0.0160688
