16 0.2278011 0.5014186 0.0288149 0.0159465
6 0.4478419 0.4399104 0.0288148 0.0159466
32 0.2965639 0.5310337 0.5304554 0.4373916
7 0.3011481 0.3784022 0.0288149 0.0159466
4 0.5211888 0.3784022 0.0288149 0.0159466
11 0.0811073 0.5014186 0.0288149 0.0159465
2 0.1544542 0.5014186 0.0288149 0.0159465
19 0.3011481 0.5014186 0.0288149 0.0159465
10 0.4478419 0.5014186 0.0288148 0.0159465
24 0.0811073 0.5629268 0.0288149 0.0159465
20 0.1544542 0.5629268 0.0288149 0.0159465
8 0.2278011 0.5629268 0.0288149 0.0159465
25 0.4478419 0.5629268 0.0288148 0.0159465
1 0.0811073 0.6244350 0.0288149 0.0159466
33 0.3744950 0.6244350 0.0681079 0.0615082
14 0.3744950 0.6244350 0.0288149 0.0159466
17 0.1544542 0.6859432 0.0288149 0.0159466
26 0.2278011 0.6859432 0.0288149 0.0159466
13 0.3011481 0.6859432 0.0288149 0.0159466
20 0.3744950 0.4399104 0.0288149 0.0159466
30 0.0811073 0.4399104 0.0288149 0.0159466
22 0.2278011 0.6244350 0.0288149 0.0159466
10 0.5211888 0.4399104 0.0288149 0.0159466
29 0.4478419 0.6859432 0.0288148 0.0159466
14 0.3744950 0.6859432 0.0288149 0.0159466
25 0.3011481 0.4399104 0.0288149 0.0159466
6 0.4478419 0.3784022 0.0288148 0.0159466
9 0.3744950 0.3784022 0.0288149 0.0159466
15 0.3744950 0.5014186 0.0288149 0.0159465
7 0.5211888 0.5014186 0.0288149 0.0159465
1 0.3011481 0.5629268 0.0288149 0.0159465
10 0.3744950 0.5629268 0.0288149 0.0159465
11 0.4478419 0.6244350 0.0288148 0.0159466
20 0.2278011 0.3784022 0.0288149 0.0159466
4 0.0811073 0.3784022 0.0288149 0.0159466
2 0.5211888 0.6859432 0.0288149 0.0159466
5 0.5211888 0.5629268 0.0288149 0.0159465
29 0.1544542 0.6244350 0.0288149 0.0159466
22 0.2278011 0.4399104 0.0288149 0.0159466
1 0.5211888 0.6244350 0.0288149 0.0159466
31 0.3011481 0.6244350 0.0288149 0.0159466
1 0.1544542 0.3784022 0.0288149 0.0159466
18 0.1544542 0.4399104 0.0288149 0.0159466
30 0.0811073 0.6859432 0.0288149 0.0159466
