13 0.2889982 0.6188527 0.0283348 0.0163487
10 0.2889982 0.4417413 0.0283348 0.0152589
32 0.3617670 0.5245750 0.5216174 0.4185278
26 0.2889982 0.3834308 0.0283348 0.0163487
16 0.4332479 0.3834308 0.0283348 0.0163487
8 0.2168733 0.4417413 0.0283348 0.0152589
7 0.1447484 0.5011418 0.0283348 0.0163487
33 0.2168733 0.5005968 0.0669731 0.0588555
6 0.2168733 0.5011418 0.0283348 0.0163487
10 0.2889982 0.5011418 0.0283348 0.0163487
9 0.4332479 0.5011418 0.0283348 0.0163487
20 0.5774977 0.5011418 0.0283348 0.0163487
23 0.2889982 0.5599972 0.0283348 0.0163487
30 0.4332479 0.5599972 0.0283348 0.0163487
21 0.5774977 0.6188527 0.0283348 0.0163487
28 0.1447484 0.6771632 0.0283348 0.0152588
29 0.2168733 0.6771632 0.0283348 0.0152588
5 0.2889982 0.6771632 0.0283348 0.0152588
22 0.4332479 0.6771632 0.0283348 0.0152588
5 0.2168733 0.5599972 0.0283348 0.0163487
30 0.4332479 0.6188527 0.0283348 0.0163487
30 0.3611230 0.4417413 0.0283348 0.0152589
26 0.3611230 0.6771632 0.0283348 0.0152588
13 0.5053728 0.6771632 0.0283348 0.0152588
28 0.5053728 0.6188527 0.0283348 0.0163487
24 0.5053728 0.5011418 0.0283348 0.0163487
30 0.1447484 0.3834308 0.0283348 0.0163487
9 0.5053728 0.4417413 0.0283348 0.0152589
23 0.5774977 0.3834308 0.0283348 0.0163487
5 0.3611230 0.5011418 0.0283348 0.0163487
23 0.4332479 0.4417413 0.0283348 0.0152589
29 0.5774977 0.5599972 0.0283348 0.0163487
4 0.2168733 0.6188527 0.0283348 0.0163487
18 0.1447484 0.4417413 0.0283348 0.0152589
3 0.5774977 0.4417413 0.0283348 0.0152589
13 0.3611230 0.6188527 0.0283348 0.0163487
1 0.5053728 0.5599972 0.0283348 0.0163487
5 0.5053728 0.3834308 0.0283348 0.0163487
31 0.3611230 0.5599972 0.0283348 0.0163487
11 0.2168733 0.3834308 0.0283348 0.0163487
30 0.5774977 0.6771632 0.0283348 0.0152588
1 0.1447484 0.6188527 0.0283348 0.0163487
7 0.1447484 0.5599972 0.0283348 0.0163487
2 0.3611230 0.3834308 0.0283348 0.0163487
