25 0.6858655 0.4463144 0.0284335 0.0159102
25 0.5411126 0.4463144 0.0284336 0.0159102
32 0.4693824 0.3545654 0.5234368 0.4073016
18 0.2516068 0.2172071 0.0284336 0.0159102
22 0.2516068 0.2739536 0.0284336 0.0148495
14 0.3963597 0.2739536 0.0284336 0.0148495
10 0.2516068 0.3317607 0.0284336 0.0159102
33 0.3963597 0.3312304 0.0672067 0.0572768
15 0.3963597 0.3317607 0.0284336 0.0159102
25 0.2516068 0.3890375 0.0284336 0.0159102
28 0.3239833 0.4463144 0.0284336 0.0159102
31 0.6134890 0.4463144 0.0284336 0.0159102
20 0.6134890 0.3317607 0.0284336 0.0159102
24 0.3963597 0.4463144 0.0284336 0.0159102
5 0.6134890 0.3890375 0.0284336 0.0159102
10 0.4687362 0.2172071 0.0284336 0.0159102
15 0.4687362 0.4463144 0.0284336 0.0159102
22 0.6858655 0.2172071 0.0284335 0.0159102
20 0.5411126 0.2172071 0.0284336 0.0159102
26 0.3239833 0.2172071 0.0284336 0.0159102
8 0.4687362 0.3890375 0.0284336 0.0159102
21 0.6858655 0.3890375 0.0284335 0.0159102
7 0.3963597 0.3890375 0.0284336 0.0159102
21 0.3239833 0.3317607 0.0284336 0.0159102
21 0.6858655 0.2739536 0.0284335 0.0148495
30 0.3963597 0.2172071 0.0284336 0.0159102
16 0.6134890 0.2172071 0.0284336 0.0159102
2 0.6134890 0.2739536 0.0284336 0.0148495
29 0.4687362 0.2739536 0.0284336 0.0148495
14 0.2516068 0.4463144 0.0284336 0.0159102
8 0.3239833 0.2739536 0.0284336 0.0148495
7 0.5411126 0.3317607 0.0284336 0.0159102
21 0.3239833 0.3890375 0.0284336 0.0159102
14 0.5411126 0.2739536 0.0284336 0.0148495
1 0.5411126 0.3890375 0.0284336 0.0159102
12 0.6858655 0.3317607 0.0284335 0.0159102
31 0.4687362 0.3317607 0.0284336 0.0159102
