26 0.3206892 0.2474048 0.0279666 0.0155693
26 0.3206892 0.3675103 0.0279666 0.0155693
32 0.4586154 0.3964246 0.5148399 0.4270420
23 0.4630647 0.2474048 0.0279666 0.0155693
33 0.5342524 0.2474047 0.0661029 0.0600528
13 0.5342524 0.2474048 0.0279666 0.0155693
22 0.2495014 0.3074575 0.0279666 0.0155692
24 0.4630647 0.3074575 0.0279666 0.0155692
3 0.6054401 0.3074575 0.0279666 0.0155692
9 0.6766279 0.3074575 0.0279666 0.0155692
18 0.2495014 0.3675103 0.0279666 0.0155693
17 0.4630647 0.3675103 0.0279666 0.0155693
28 0.6054401 0.4275631 0.0279666 0.0155692
8 0.2495014 0.4876159 0.0279666 0.0155693
14 0.3206892 0.4876159 0.0279666 0.0155693
27 0.6054401 0.4876159 0.0279666 0.0155693
26 0.3206892 0.5476687 0.0279666 0.0155693
5 0.3918769 0.5476687 0.0279666 0.0155693
10 0.6054401 0.5476687 0.0279666 0.0155693
3 0.6054401 0.2474048 0.0279666 0.0155693
4 0.6766279 0.2474048 0.0279666 0.0155693
13 0.6766279 0.4876159 0.0279666 0.0155693
15 0.4630647 0.4275631 0.0279666 0.0155692
15 0.5342524 0.3675103 0.0279666 0.0155693
24 0.2495014 0.2474048 0.0279666 0.0155693
25 0.2495014 0.4275631 0.0279666 0.0155692
30 0.6766279 0.5476687 0.0279666 0.0155693
17 0.3206892 0.4275631 0.0279666 0.0155692
13 0.4630647 0.5476687 0.0279666 0.0155693
20 0.6766279 0.4275631 0.0279666 0.0155692
21 0.2495014 0.5476687 0.0279666 0.0155693
14 0.5342524 0.4275631 0.0279666 0.0155692
31 0.6766279 0.3675103 0.0279666 0.0155693
6 0.3918769 0.2474048 0.0279666 0.0155693
16 0.4630647 0.4876159 0.0279666 0.0155693
24 0.6054401 0.3675103 0.0279666 0.0155693
16 0.5342524 0.5476687 0.0279666 0.0155693
3 0.3918769 0.3675103 0.0279666 0.0155693
25 0.3918769 0.4275631 0.0279666 0.0155692
21 0.3918769 0.3074575 0.0279666 0.0155692
14 0.3206892 0.3074575 0.0279666 0.0155692
27 0.5342524 0.3074575 0.0279666 0.0155692
5 0.3918769 0.4876159 0.0279666 0.0155693
30 0.5342524 0.4876159 0.0279666 0.0155693
