25 0.1938573 0.4350266 0.0278229 0.0172216
29 0.1230355 0.4350266 0.0278229 0.0172216
32 0.2653116 0.4597108 0.5121941 0.4408728
33 0.2646793 0.3104570 0.0657632 0.0619977
6 0.2646793 0.3110311 0.0278229 0.0172216
23 0.3355012 0.4350266 0.0278229 0.0172216
18 0.4771449 0.4350266 0.0278229 0.0172216
27 0.0522136 0.4970243 0.0278229 0.0172216
25 0.1230355 0.4970243 0.0278229 0.0172216
11 0.4771449 0.4970243 0.0278229 0.0172216
13 0.0522136 0.5590220 0.0278229 0.0172216
7 0.2646793 0.5590220 0.0278229 0.0172216
17 0.4771449 0.3110311 0.0278229 0.0172216
7 0.1938573 0.3110311 0.0278229 0.0172216
13 0.4771449 0.5590220 0.0278229 0.0172216
3 0.4063231 0.3724547 0.0278229 0.0160735
28 0.2646793 0.3724547 0.0278229 0.0160735
1 0.3355012 0.3724547 0.0278229 0.0160735
23 0.0522136 0.3110311 0.0278229 0.0172216
20 0.1230355 0.3110311 0.0278229 0.0172216
20 0.1938573 0.4970243 0.0278229 0.0172216
17 0.2646793 0.4970243 0.0278229 0.0172216
3 0.0522136 0.3724547 0.0278229 0.0160735
3 0.3355012 0.5590220 0.0278229 0.0172216
26 0.4063231 0.5590220 0.0278229 0.0172216
17 0.1230355 0.3724547 0.0278229 0.0160735
6 0.4771449 0.3724547 0.0278229 0.0160735
5 0.2646793 0.4350266 0.0278229 0.0172216
11 0.1230355 0.5590220 0.0278229 0.0172216
30 0.4063231 0.4350266 0.0278229 0.0172216
30 0.1938573 0.5590220 0.0278229 0.0172216
15 0.3355012 0.3110311 0.0278229 0.0172216
30 0.0522136 0.4350266 0.0278229 0.0172216
29 0.4063231 0.4970243 0.0278229 0.0172216
10 0.1938573 0.3724547 0.0278229 0.0160735
9 0.3355012 0.4970243 0.0278229 0.0172216
1 0.4063231 0.3110311 0.0278229 0.0172216
