13 0.7298557 0.2842014 0.0263876 0.0153664
7 0.3940127 0.3440205 0.0263876 0.0164640
32 0.5961182 0.3676188 0.4857729 0.4214777
33 0.3940127 0.2249311 0.0623708 0.0592703
11 0.3940127 0.2254799 0.0263876 0.0164640
2 0.7298557 0.2254799 0.0263876 0.0164640
20 0.4611813 0.2842014 0.0263877 0.0153664
28 0.5955185 0.2842014 0.0263877 0.0153664
3 0.5283499 0.3440205 0.0263877 0.0164640
10 0.6626871 0.3440205 0.0263877 0.0164640
23 0.7970244 0.3440205 0.0263877 0.0164640
22 0.4611813 0.4032908 0.0263877 0.0164640
29 0.5283499 0.4032908 0.0263877 0.0164640
7 0.7298557 0.4032908 0.0263876 0.0164640
30 0.7970244 0.4032908 0.0263877 0.0164640
8 0.5283499 0.4625611 0.0263877 0.0164640
9 0.5955185 0.4625611 0.0263877 0.0164640
26 0.7298557 0.5212826 0.0263876 0.0153664
4 0.7970244 0.5212826 0.0263877 0.0153664
4 0.3940127 0.2842014 0.0263876 0.0153664
16 0.4611813 0.4625611 0.0263877 0.0164640
14 0.7970244 0.2254799 0.0263877 0.0164640
16 0.5955185 0.2254799 0.0263877 0.0164640
22 0.5955185 0.4032908 0.0263877 0.0164640
19 0.6626871 0.2842014 0.0263877 0.0153664
22 0.5955185 0.3440205 0.0263877 0.0164640
12 0.6626871 0.4032908 0.0263877 0.0164640
19 0.3940127 0.4625611 0.0263876 0.0164640
18 0.5955185 0.5212826 0.0263877 0.0153664
19 0.7298557 0.3440205 0.0263876 0.0164640
7 0.5283499 0.2254799 0.0263877 0.0164640
2 0.6626871 0.5212826 0.0263877 0.0153664
1 0.7970244 0.2842014 0.0263877 0.0153664
12 0.5283499 0.5212826 0.0263877 0.0153664
1 0.6626871 0.4625611 0.0263877 0.0164640
29 0.4611813 0.5212826 0.0263877 0.0153664
11 0.7970244 0.4625611 0.0263877 0.0164640
29 0.6626871 0.2254799 0.0263877 0.0164640
12 0.4611813 0.2254799 0.0263877 0.0164640
19 0.5283499 0.2842014 0.0263877 0.0153664
10 0.3940127 0.5212826 0.0263876 0.0153664
17 0.3940127 0.4032908 0.0263876 0.0164640
24 0.7298557 0.4625611 0.0263876 0.0164640
13 0.4611813 0.3440205 0.0263877 0.0164640
