21 0.7688348 0.5838665 0.0265446 0.0158752
8 0.4985622 0.4124143 0.0265446 0.0158752
32 0.5667336 0.5494702 0.4886623 0.4064054
14 0.3634260 0.4124143 0.0265446 0.0158752
8 0.6336985 0.4124143 0.0265446 0.0158752
33 0.7688348 0.4690358 0.0627419 0.0571507
1 0.7688348 0.4690358 0.0265446 0.0148169
26 0.3634260 0.5267158 0.0265446 0.0158752
20 0.4309941 0.5267158 0.0265446 0.0158752
3 0.7012666 0.5267158 0.0265446 0.0158752
21 0.4985622 0.5838665 0.0265446 0.0158752
17 0.6336985 0.6410173 0.0265446 0.0158752
11 0.3634260 0.4690358 0.0265446 0.0148169
4 0.7012666 0.5838665 0.0265446 0.0158752
13 0.3634260 0.5838665 0.0265446 0.0158752
31 0.5661304 0.4690358 0.0265446 0.0148169
2 0.5661304 0.4124143 0.0265446 0.0158752
13 0.7012666 0.6410173 0.0265446 0.0158752
10 0.4985622 0.5267158 0.0265446 0.0158752
2 0.4309941 0.4124143 0.0265446 0.0158752
23 0.7012666 0.4124143 0.0265446 0.0158752
7 0.4985622 0.6410173 0.0265446 0.0158752
15 0.6336985 0.5267158 0.0265446 0.0158752
30 0.4309941 0.5838665 0.0265446 0.0158752
7 0.4985622 0.4690358 0.0265446 0.0148169
11 0.5661304 0.5838665 0.0265446 0.0158752
16 0.7688348 0.5267158 0.0265446 0.0158752
14 0.7012666 0.4690358 0.0265446 0.0148169
24 0.6336985 0.5838665 0.0265446 0.0158752
6 0.5661304 0.6410173 0.0265446 0.0158752
7 0.4309941 0.6410173 0.0265446 0.0158752
7 0.5661304 0.5267158 0.0265446 0.0158752
14 0.3634260 0.6410173 0.0265446 0.0158752
16 0.6336985 0.4690358 0.0265446 0.0148169
11 0.7688348 0.4124143 0.0265446 0.0158752
7 0.4309941 0.4690358 0.0265446 0.0148169
16 0.7688348 0.6410173 0.0265446 0.0158752
