21 0.4591386 0.6226054 0.0270589 0.0153344
8 0.7346479 0.3860170 0.0270589 0.0153344
32 0.5925885 0.5327894 0.4981306 0.4206017
25 0.6657706 0.3860170 0.0270590 0.0153344
33 0.5280160 0.4451640 0.0639575 0.0591471
24 0.5280159 0.4451640 0.0270589 0.0153344
17 0.7346479 0.5043112 0.0270589 0.0153345
22 0.4591386 0.5634583 0.0270589 0.0153344
7 0.6657706 0.5634583 0.0270590 0.0153344
19 0.7346479 0.5634583 0.0270589 0.0153344
16 0.3902613 0.6226054 0.0270589 0.0153344
4 0.7346479 0.6226054 0.0270589 0.0153344
25 0.5968933 0.3860170 0.0270589 0.0153344
21 0.3902613 0.5634583 0.0270589 0.0153344
30 0.8035252 0.4451640 0.0270589 0.0153344
26 0.5968933 0.4451640 0.0270589 0.0153344
6 0.5280159 0.6226054 0.0270589 0.0153344
4 0.7346479 0.4451640 0.0270589 0.0153344
4 0.3902613 0.3860170 0.0270589 0.0153344
24 0.5280159 0.3860170 0.0270589 0.0153344
16 0.6657706 0.4451640 0.0270590 0.0153344
20 0.8035252 0.3860170 0.0270589 0.0153344
13 0.5280159 0.5043112 0.0270589 0.0153345
29 0.3902613 0.4451640 0.0270589 0.0153344
18 0.4591386 0.5043112 0.0270589 0.0153345
12 0.4591386 0.4451640 0.0270589 0.0153344
19 0.8035252 0.5634583 0.0270589 0.0153344
27 0.5280159 0.5634583 0.0270589 0.0153344
30 0.3902613 0.5043112 0.0270589 0.0153345
5 0.8035252 0.6226054 0.0270589 0.0153344
13 0.4591386 0.3860170 0.0270589 0.0153344
31 0.5968933 0.5634583 0.0270589 0.0153344
26 0.5968933 0.5043112 0.0270589 0.0153345
18 0.6657706 0.6226054 0.0270590 0.0153344
25 0.6657706 0.5043112 0.0270590 0.0153345
22 0.5968933 0.6226054 0.0270589 0.0153344
16 0.8035252 0.5043112 0.0270589 0.0153345
