17 0.1969569 0.2377394 0.0278027 0.0157459
1 0.4800389 0.4806765 0.0278027 0.0157459
32 0.2633043 0.3884504 0.5118224 0.4318881
3 0.0554159 0.2377394 0.0278027 0.0157459
30 0.1261864 0.2377394 0.0278027 0.0157459
29 0.2677274 0.2377394 0.0278027 0.0157459
18 0.0554159 0.2984737 0.0278027 0.0157459
25 0.1969569 0.2984737 0.0278027 0.0157459
16 0.0554159 0.3592080 0.0278027 0.0157459
6 0.1969569 0.3592080 0.0278027 0.0157459
21 0.4800389 0.3592080 0.0278027 0.0157459
26 0.1969569 0.4199423 0.0278027 0.0157459
17 0.2677274 0.4199423 0.0278027 0.0157459
7 0.4092684 0.4199423 0.0278027 0.0157459
28 0.1261864 0.4806765 0.0278027 0.0157459
15 0.2677274 0.4806765 0.0278027 0.0157459
33 0.1969569 0.5414108 0.0657155 0.0607343
25 0.1969569 0.5414108 0.0278027 0.0157459
31 0.4800389 0.5414108 0.0278027 0.0157459
18 0.3384979 0.3592080 0.0278027 0.0157459
16 0.4092684 0.4806765 0.0278027 0.0157459
28 0.2677274 0.3592080 0.0278027 0.0157459
29 0.2677274 0.5414108 0.0278027 0.0157459
15 0.2677274 0.2984737 0.0278027 0.0157459
23 0.3384979 0.4806765 0.0278027 0.0157459
24 0.1969569 0.4806765 0.0278027 0.0157459
16 0.0554159 0.5414108 0.0278027 0.0157459
27 0.1261864 0.5414108 0.0278027 0.0157459
15 0.3384979 0.2984737 0.0278027 0.0157459
19 0.1261864 0.4199423 0.0278027 0.0157459
8 0.0554159 0.4806765 0.0278027 0.0157459
28 0.4092684 0.2377394 0.0278027 0.0157459
20 0.4092684 0.5414108 0.0278027 0.0157459
11 0.4800389 0.4199423 0.0278027 0.0157459
10 0.3384979 0.2377394 0.0278027 0.0157459
1 0.3384979 0.4199423 0.0278027 0.0157459
19 0.1261864 0.2984737 0.0278027 0.0157459
29 0.4800389 0.2984737 0.0278027 0.0157459
5 0.4092684 0.3592080 0.0278027 0.0157459
19 0.1261864 0.3592080 0.0278027 0.0157459
28 0.0554159 0.4199423 0.0278027 0.0157459
11 0.4092684 0.2984737 0.0278027 0.0157459
17 0.4800389 0.2377394 0.0278027 0.0157459
21 0.3384979 0.5414108 0.0278027 0.0157459
