1 0.2582107 0.3753394 0.0286437 0.0148344
18 0.4769447 0.2036847 0.0286438 0.0148344
32 0.4723877 0.3456707 0.5273051 0.4068852
30 0.2582107 0.2036847 0.0286437 0.0148344
7 0.3311220 0.2036847 0.0286437 0.0148344
24 0.6227673 0.2036847 0.0286438 0.0148344
33 0.5498560 0.2609029 0.0677034 0.0572182
18 0.5498560 0.2609030 0.0286437 0.0148344
25 0.4040334 0.3181212 0.0286438 0.0148344
14 0.4040334 0.3753394 0.0286438 0.0148344
2 0.6956786 0.4325576 0.0286436 0.0148344
21 0.2582107 0.4325576 0.0286437 0.0148344
3 0.4769447 0.4325576 0.0286438 0.0148344
14 0.4040334 0.2609030 0.0286438 0.0148344
14 0.5498560 0.4325576 0.0286437 0.0148344
20 0.6956786 0.2036847 0.0286436 0.0148344
9 0.4769447 0.2609030 0.0286438 0.0148344
3 0.3311220 0.3753394 0.0286437 0.0148344
19 0.3311220 0.3181212 0.0286437 0.0148344
5 0.6956786 0.3181212 0.0286436 0.0148344
17 0.3311220 0.2609030 0.0286437 0.0148344
28 0.6956786 0.2609030 0.0286436 0.0148344
14 0.3311220 0.4325576 0.0286437 0.0148344
18 0.5498560 0.3181212 0.0286437 0.0148344
2 0.5498560 0.2036847 0.0286437 0.0148344
19 0.6227673 0.3181212 0.0286438 0.0148344
22 0.2582107 0.3181212 0.0286437 0.0148344
29 0.6227673 0.2609030 0.0286438 0.0148344
11 0.6227673 0.4325576 0.0286438 0.0148344
21 0.4769447 0.3181212 0.0286438 0.0148344
4 0.2582107 0.2609030 0.0286437 0.0148344
10 0.4769447 0.3753394 0.0286438 0.0148344
22 0.6227673 0.3753394 0.0286438 0.0148344
19 0.5498560 0.3753394 0.0286437 0.0148344
25 0.6956786 0.3753394 0.0286436 0.0148344
1 0.4040334 0.2036847 0.0286438 0.0148344
10 0.4040334 0.4325576 0.0286438 0.0148344
