8 0.2943457 0.3883731 0.0261578 0.0155464
5 0.6272634 0.3883731 0.0261578 0.0155464
32 0.4899349 0.4772098 0.4815417 0.4264161
6 0.3609293 0.3883731 0.0261578 0.0155464
7 0.4275128 0.3883731 0.0261578 0.0155464
30 0.5606799 0.3883731 0.0261578 0.0155464
13 0.6938469 0.3883731 0.0261578 0.0155464
27 0.3609293 0.4483379 0.0261578 0.0155465
14 0.4275128 0.4483379 0.0261578 0.0155465
31 0.6272634 0.4483379 0.0261578 0.0155465
12 0.6938469 0.4483379 0.0261578 0.0155465
1 0.2943457 0.5083026 0.0261578 0.0155464
18 0.4275128 0.5083026 0.0261578 0.0155464
4 0.6938469 0.5083026 0.0261578 0.0155464
20 0.6938469 0.5682674 0.0261578 0.0155464
33 0.5606799 0.6282322 0.0618275 0.0599647
20 0.5606799 0.6282322 0.0261578 0.0155464
9 0.6272634 0.6282322 0.0261578 0.0155464
4 0.2943457 0.5682674 0.0261578 0.0155464
14 0.6272634 0.5682674 0.0261578 0.0155464
30 0.4940963 0.5083026 0.0261578 0.0155464
19 0.4940963 0.3284083 0.0261578 0.0155464
17 0.6272634 0.5083026 0.0261578 0.0155464
31 0.3609293 0.6282322 0.0261578 0.0155464
31 0.4940963 0.6282322 0.0261578 0.0155464
21 0.2943457 0.3284083 0.0261578 0.0155464
22 0.4940963 0.3883731 0.0261578 0.0155464
3 0.3609293 0.5083026 0.0261578 0.0155464
27 0.4275128 0.5682674 0.0261578 0.0155464
5 0.4940963 0.5682674 0.0261578 0.0155464
22 0.6272634 0.3284083 0.0261578 0.0155464
22 0.2943457 0.4483379 0.0261578 0.0155465
13 0.6938469 0.6282322 0.0261578 0.0155464
15 0.3609293 0.5682674 0.0261578 0.0155464
14 0.5606799 0.3284083 0.0261578 0.0155464
28 0.4940963 0.4483379 0.0261578 0.0155465
28 0.3609293 0.3284083 0.0261578 0.0155464
7 0.5606799 0.5083026 0.0261578 0.0155464
28 0.5606799 0.5682674 0.0261578 0.0155464
18 0.4275128 0.6282322 0.0261578 0.0155464
19 0.6938469 0.3284083 0.0261578 0.0155464
19 0.5606799 0.4483379 0.0261578 0.0155465
16 0.2943457 0.6282322 0.0261578 0.0155464
27 0.4275128 0.3284083 0.0261578 0.0155464
