15 0.0333815 0.2193602 0.0281218 0.0169200
5 0.1765470 0.5233558 0.0281218 0.0157920
32 0.2544335 0.3654360 0.5063670 0.4331514
22 0.1049642 0.2193602 0.0281218 0.0169200
24 0.1765470 0.2193602 0.0281218 0.0169200
9 0.3197124 0.2193602 0.0281218 0.0169200
26 0.3912951 0.2193602 0.0281218 0.0169200
28 0.2481297 0.2797081 0.0281218 0.0157920
17 0.3912951 0.2797081 0.0281218 0.0157920
16 0.1765470 0.3411840 0.0281218 0.0169200
4 0.2481297 0.3411840 0.0281218 0.0169200
18 0.1049642 0.4020959 0.0281218 0.0169200
31 0.3912951 0.4020959 0.0281218 0.0169200
33 0.0339332 0.4624439 0.0653663 0.0609119
6 0.0333815 0.4630078 0.0281218 0.0169200
3 0.3197124 0.4630078 0.0281218 0.0169200
23 0.4628778 0.4630078 0.0281218 0.0169200
12 0.3912951 0.5233558 0.0281218 0.0157920
22 0.2481297 0.5233558 0.0281218 0.0157920
7 0.4628778 0.2797081 0.0281218 0.0157920
28 0.3197124 0.5233558 0.0281218 0.0157920
19 0.0333815 0.4020959 0.0281218 0.0169200
30 0.0333815 0.2797081 0.0281218 0.0157920
3 0.3197124 0.4020959 0.0281218 0.0169200
23 0.1765470 0.4630078 0.0281218 0.0169200
20 0.1765470 0.2797081 0.0281218 0.0157920
19 0.1049642 0.4630078 0.0281218 0.0169200
2 0.0333815 0.3411840 0.0281218 0.0169200
16 0.4628778 0.3411840 0.0281218 0.0169200
18 0.2481297 0.4020959 0.0281218 0.0169200
31 0.1049642 0.3411840 0.0281218 0.0169200
31 0.1049642 0.2797081 0.0281218 0.0157920
16 0.3912951 0.4630078 0.0281218 0.0169200
28 0.4628778 0.2193602 0.0281218 0.0169200
18 0.3197124 0.2797081 0.0281218 0.0157920
13 0.3197124 0.3411840 0.0281218 0.0169200
11 0.4628778 0.4020959 0.0281218 0.0169200
19 0.3912951 0.3411840 0.0281218 0.0169200
6 0.2481297 0.4630078 0.0281218 0.0169200
2 0.2481297 0.2193602 0.0281218 0.0169200
3 0.0333815 0.5233558 0.0281218 0.0157920
12 0.1765470 0.4020959 0.0281218 0.0169200
18 0.1049642 0.5233558 0.0281218 0.0157920
21 0.4628778 0.5233558 0.0281218 0.0157920
