14 0.3647623 0.3672788 0.0272033 0.0152581
2 0.7109855 0.2495734 0.0272032 0.0152581
32 0.4989237 0.3367626 0.5007872 0.4185084
23 0.3647623 0.1907206 0.0272033 0.0152581
27 0.6417408 0.1907206 0.0272032 0.0152581
33 0.2955176 0.3672788 0.0642986 0.0588527
9 0.2955176 0.3672788 0.0272033 0.0152581
15 0.5724962 0.3672788 0.0272032 0.0152581
20 0.7109855 0.3672788 0.0272032 0.0152581
16 0.3647623 0.4261316 0.0272033 0.0152581
18 0.4340069 0.4261316 0.0272032 0.0152581
13 0.7109855 0.4261316 0.0272032 0.0152581
2 0.5032515 0.1907206 0.0272033 0.0152581
25 0.6417408 0.3672788 0.0272032 0.0152581
30 0.5032515 0.3084261 0.0272033 0.0152581
8 0.5724962 0.4261316 0.0272032 0.0152581
7 0.4340069 0.2495734 0.0272032 0.0152581
10 0.6417408 0.2495734 0.0272032 0.0152581
8 0.7109855 0.3084261 0.0272032 0.0152581
31 0.6417408 0.4261316 0.0272032 0.0152581
1 0.4340069 0.3084261 0.0272032 0.0152581
13 0.2955176 0.2495734 0.0272033 0.0152581
5 0.5032515 0.3672788 0.0272033 0.0152581
24 0.7109855 0.1907206 0.0272032 0.0152581
1 0.5724962 0.1907206 0.0272032 0.0152581
26 0.3647623 0.2495734 0.0272033 0.0152581
21 0.5724962 0.3084261 0.0272032 0.0152581
1 0.3647623 0.3084261 0.0272033 0.0152581
5 0.5724962 0.2495734 0.0272032 0.0152581
25 0.4340069 0.3672788 0.0272032 0.0152581
15 0.2955176 0.1907206 0.0272033 0.0152581
19 0.2955176 0.4261316 0.0272033 0.0152581
3 0.5032515 0.4261316 0.0272033 0.0152581
14 0.5032515 0.2495734 0.0272033 0.0152581
25 0.4340069 0.1907206 0.0272032 0.0152581
30 0.2955176 0.3084261 0.0272033 0.0152581
3 0.6417408 0.3084261 0.0272032 0.0152581
