6 0.4605962 0.3872954 0.0280531 0.0160103
27 0.5320039 0.3872954 0.0280531 0.0160103
32 0.3847254 0.3552747 0.5164312 0.4391406
6 0.4605962 0.2020329 0.0280531 0.0160103
20 0.1749651 0.3255412 0.0280531 0.0160103
23 0.4605962 0.3255412 0.0280531 0.0160103
4 0.6034117 0.3255412 0.0280531 0.0160103
26 0.2463728 0.3872954 0.0280531 0.0160103
33 0.2463728 0.4490495 0.0663072 0.0617542
5 0.2463728 0.4490495 0.0280531 0.0160103
10 0.3891884 0.4490495 0.0280531 0.0160103
14 0.3891884 0.2020329 0.0280531 0.0160103
1 0.3891884 0.3255412 0.0280531 0.0160103
6 0.3177806 0.3872954 0.0280531 0.0160103
25 0.6034117 0.2020329 0.0280531 0.0160103
18 0.5320039 0.3255412 0.0280531 0.0160103
15 0.3177806 0.4490495 0.0280531 0.0160103
1 0.4605962 0.4490495 0.0280531 0.0160103
20 0.3177806 0.2637871 0.0280531 0.0160103
4 0.5320039 0.2637871 0.0280531 0.0160103
21 0.1749651 0.4490495 0.0280531 0.0160103
25 0.3177806 0.2020329 0.0280531 0.0160103
7 0.2463728 0.3255412 0.0280531 0.0160103
24 0.2463728 0.2020329 0.0280531 0.0160103
24 0.2463728 0.2637871 0.0280531 0.0160103
8 0.1749651 0.2637871 0.0280531 0.0160103
16 0.4605962 0.2637871 0.0280531 0.0160103
29 0.1749651 0.2020329 0.0280531 0.0160103
9 0.5320039 0.4490495 0.0280531 0.0160103
12 0.1749651 0.3872954 0.0280531 0.0160103
7 0.3891884 0.2637871 0.0280531 0.0160103
22 0.5320039 0.2020329 0.0280531 0.0160103
28 0.6034117 0.3872954 0.0280531 0.0160103
16 0.6034117 0.4490495 0.0280531 0.0160103
18 0.3891884 0.3872954 0.0280531 0.0160103
26 0.3177806 0.3255412 0.0280531 0.0160103
31 0.6034117 0.2637871 0.0280531 0.0160103
