31 0.3551699 0.3877754 0.0282750 0.0151296
19 0.4271426 0.3294183 0.0282750 0.0151296
32 0.4946171 0.4158732 0.5205172 0.4149837
17 0.4271426 0.2710612 0.0282750 0.0151296
33 0.4991154 0.2710612 0.0668318 0.0583571
28 0.4991154 0.2710612 0.0282750 0.0151296
9 0.6430609 0.3294183 0.0282750 0.0151296
16 0.3551699 0.4461324 0.0282750 0.0151296
1 0.4271426 0.5044895 0.0282750 0.0151296
15 0.5710881 0.5044895 0.0282750 0.0151296
30 0.6430609 0.5044895 0.0282750 0.0151296
12 0.4991154 0.3294183 0.0282750 0.0151296
26 0.2831971 0.2710612 0.0282750 0.0151296
18 0.4271426 0.3877754 0.0282750 0.0151296
27 0.4991154 0.5044895 0.0282750 0.0151296
20 0.6430609 0.3877754 0.0282750 0.0151296
1 0.7150336 0.3877754 0.0282750 0.0151296
29 0.7150336 0.3294183 0.0282750 0.0151296
11 0.5710881 0.3877754 0.0282750 0.0151296
27 0.4991154 0.3877754 0.0282750 0.0151296
18 0.4271426 0.4461324 0.0282750 0.0151296
14 0.7150336 0.4461324 0.0282750 0.0151296
17 0.2831971 0.4461324 0.0282750 0.0151296
17 0.5710881 0.3294183 0.0282750 0.0151296
27 0.3551699 0.3294183 0.0282750 0.0151296
30 0.3551699 0.5044895 0.0282750 0.0151296
4 0.5710881 0.2710612 0.0282750 0.0151296
6 0.5710881 0.4461324 0.0282750 0.0151296
30 0.7150336 0.2710612 0.0282750 0.0151296
9 0.2831971 0.5044895 0.0282750 0.0151296
17 0.2831971 0.3294183 0.0282750 0.0151296
29 0.3551699 0.2710612 0.0282750 0.0151296
11 0.7150336 0.5044895 0.0282750 0.0151296
16 0.6430609 0.4461324 0.0282750 0.0151296
20 0.6430609 0.2710612 0.0282750 0.0151296
22 0.4991154 0.4461324 0.0282750 0.0151296
30 0.2831971 0.3877754 0.0282750 0.0151296
