2 0.4729689 0.5346109 0.0269891 0.0150050
12 0.8164673 0.4767343 0.0269891 0.0150050
32 0.6060746 0.3888477 0.4968459 0.4115665
25 0.6103683 0.2452281 0.0269891 0.0150050
3 0.7477676 0.2452281 0.0269891 0.0150050
17 0.8164673 0.3031047 0.0269891 0.0150050
29 0.4042693 0.3609812 0.0269892 0.0150050
33 0.4729689 0.3609812 0.0637926 0.0578766
16 0.4729689 0.3609812 0.0269891 0.0150050
6 0.6790680 0.3609812 0.0269892 0.0150050
26 0.7477676 0.3609812 0.0269891 0.0150050
5 0.8164673 0.3609812 0.0269891 0.0150050
12 0.6790680 0.4188578 0.0269892 0.0150050
21 0.8164673 0.4188578 0.0269891 0.0150050
23 0.4042693 0.4767343 0.0269892 0.0150050
8 0.5416686 0.4767343 0.0269892 0.0150050
14 0.6790680 0.4767343 0.0269892 0.0150050
2 0.4042693 0.5346109 0.0269892 0.0150050
9 0.6103683 0.4767343 0.0269891 0.0150050
10 0.4729689 0.3031047 0.0269891 0.0150050
3 0.5416686 0.5346109 0.0269892 0.0150050
14 0.7477676 0.5346109 0.0269891 0.0150050
8 0.4729689 0.4188578 0.0269891 0.0150050
15 0.8164673 0.2452281 0.0269891 0.0150050
27 0.5416686 0.2452281 0.0269892 0.0150050
19 0.4042693 0.3031047 0.0269892 0.0150050
24 0.6103683 0.3031047 0.0269891 0.0150050
27 0.6790680 0.2452281 0.0269892 0.0150050
2 0.5416686 0.3031047 0.0269892 0.0150050
28 0.8164673 0.5346109 0.0269891 0.0150050
3 0.5416686 0.3609812 0.0269892 0.0150050
22 0.6790680 0.5346109 0.0269892 0.0150050
23 0.4042693 0.2452281 0.0269892 0.0150050
11 0.4729689 0.2452281 0.0269891 0.0150050
10 0.7477676 0.4188578 0.0269891 0.0150050
28 0.7477676 0.3031047 0.0269891 0.0150050
6 0.6103683 0.5346109 0.0269891 0.0150050
22 0.5416686 0.4188578 0.0269892 0.0150050
28 0.6103683 0.3609812 0.0269891 0.0150050
29 0.4729689 0.4767343 0.0269891 0.0150050
13 0.4042693 0.4188578 0.0269892 0.0150050
21 0.7477676 0.4767343 0.0269891 0.0150050
20 0.6790680 0.3031047 0.0269892 0.0150050
16 0.6103683 0.4188578 0.0269891 0.0150050
