10 0.2663982 0.3690200 0.0272178 0.0151072
19 0.1278350 0.2524784 0.0272178 0.0151073
32 0.3313496 0.3388055 0.5010541 0.4143702
2 0.4742429 0.2524784 0.0272178 0.0151073
22 0.2663982 0.3107492 0.0272178 0.0151072
13 0.4049613 0.3107492 0.0272178 0.0151072
33 0.4742429 0.3107492 0.0643328 0.0582708
17 0.4742429 0.3107492 0.0272178 0.0151072
19 0.5435244 0.3690200 0.0272178 0.0151072
1 0.1278350 0.4272908 0.0272178 0.0151072
4 0.4742429 0.4272908 0.0272178 0.0151072
18 0.4049613 0.2524784 0.0272178 0.0151073
29 0.3356797 0.2524784 0.0272178 0.0151073
6 0.5435244 0.2524784 0.0272178 0.0151073
31 0.3356797 0.3107492 0.0272178 0.0151072
16 0.1971166 0.1942076 0.0272178 0.0151073
6 0.1278350 0.3107492 0.0272178 0.0151072
17 0.2663982 0.2524784 0.0272178 0.0151073
18 0.4049613 0.3690200 0.0272178 0.0151072
13 0.3356797 0.1942076 0.0272178 0.0151073
18 0.1971166 0.3690200 0.0272178 0.0151072
15 0.1278350 0.3690200 0.0272178 0.0151072
19 0.3356797 0.3690200 0.0272178 0.0151072
31 0.1971166 0.2524784 0.0272178 0.0151073
14 0.2663982 0.1942076 0.0272178 0.0151073
22 0.4742429 0.3690200 0.0272178 0.0151072
23 0.1278350 0.1942076 0.0272178 0.0151073
9 0.4049613 0.1942076 0.0272178 0.0151073
31 0.4049613 0.4272908 0.0272178 0.0151072
15 0.2663982 0.4272908 0.0272178 0.0151072
26 0.1971166 0.3107492 0.0272178 0.0151072
17 0.1971166 0.4272908 0.0272178 0.0151072
20 0.3356797 0.4272908 0.0272178 0.0151072
31 0.5435244 0.1942076 0.0272178 0.0151073
26 0.5435244 0.4272908 0.0272178 0.0151072
9 0.4742429 0.1942076 0.0272178 0.0151073
10 0.5435244 0.3107492 0.0272178 0.0151072
