31 0.2782801 0.4630980 0.0269522 0.0151974
17 0.5527028 0.3458611 0.0269522 0.0151974
32 0.3425979 0.4327032 0.4961661 0.4168424
12 0.1410687 0.2872426 0.0269522 0.0151974
33 0.4154914 0.2872426 0.0637053 0.0586185
5 0.4154914 0.2872426 0.0269522 0.0151974
3 0.4840971 0.2872426 0.0269522 0.0151974
24 0.4840971 0.3458611 0.0269522 0.0151974
4 0.3468858 0.4044796 0.0269522 0.0151973
30 0.1410687 0.4630980 0.0269522 0.0151974
23 0.3468858 0.4630980 0.0269522 0.0151974
31 0.3468858 0.3458611 0.0269522 0.0151974
4 0.4154914 0.4044796 0.0269522 0.0151973
14 0.3468858 0.2872426 0.0269522 0.0151974
25 0.4154914 0.4630980 0.0269522 0.0151974
2 0.5527028 0.4044796 0.0269522 0.0151973
7 0.4840971 0.5217165 0.0269522 0.0151973
23 0.4154914 0.3458611 0.0269522 0.0151974
26 0.1410687 0.4044796 0.0269522 0.0151973
20 0.2096744 0.4630980 0.0269522 0.0151974
15 0.5527028 0.5217165 0.0269522 0.0151973
5 0.5527028 0.2872426 0.0269522 0.0151974
14 0.2782801 0.3458611 0.0269522 0.0151974
8 0.2096744 0.5217165 0.0269522 0.0151973
24 0.2096744 0.3458611 0.0269522 0.0151974
22 0.5527028 0.4630980 0.0269522 0.0151974
30 0.1410687 0.5217165 0.0269522 0.0151973
14 0.3468858 0.5217165 0.0269522 0.0151973
13 0.4840971 0.4630980 0.0269522 0.0151974
25 0.2782801 0.2872426 0.0269522 0.0151974
10 0.4840971 0.4044796 0.0269522 0.0151973
10 0.2782801 0.4044796 0.0269522 0.0151973
13 0.2096744 0.2872426 0.0269522 0.0151974
20 0.4154914 0.5217165 0.0269522 0.0151973
2 0.1410687 0.3458611 0.0269522 0.0151974
10 0.2096744 0.4044796 0.0269522 0.0151973
3 0.2782801 0.5217165 0.0269522 0.0151973
