14 0.4736164 0.4320978 0.0264576 0.0150174
9 0.6083094 0.5484822 0.0264576 0.0160900
32 0.5415642 0.5136206 0.4870597 0.4119042
30 0.5409629 0.3747102 0.0264576 0.0160900
3 0.6083094 0.3747102 0.0264576 0.0160900
22 0.4062698 0.4320978 0.0264576 0.0150174
13 0.6756560 0.4320978 0.0264575 0.0150174
19 0.7430025 0.4320978 0.0264576 0.0150174
27 0.6756560 0.4905582 0.0264575 0.0160900
8 0.7430025 0.4905582 0.0264576 0.0160900
24 0.3389233 0.6064063 0.0264576 0.0160900
14 0.4062698 0.6064063 0.0264576 0.0160900
6 0.7430025 0.6064063 0.0264576 0.0160900
20 0.3389233 0.6637939 0.0264576 0.0150174
29 0.4062698 0.6637939 0.0264576 0.0150174
33 0.4736164 0.6637939 0.0625361 0.0579240
25 0.4736164 0.6637939 0.0264576 0.0150174
23 0.7430025 0.6637939 0.0264576 0.0150174
31 0.5409629 0.6064063 0.0264576 0.0160900
15 0.4736164 0.5484822 0.0264576 0.0160900
20 0.4736164 0.3747102 0.0264576 0.0160900
13 0.5409629 0.4905582 0.0264576 0.0160900
30 0.3389233 0.3747102 0.0264576 0.0160900
24 0.5409629 0.6637939 0.0264576 0.0150174
9 0.4062698 0.5484822 0.0264576 0.0160900
15 0.7430025 0.3747102 0.0264576 0.0160900
8 0.5409629 0.4320978 0.0264576 0.0150174
30 0.6756560 0.5484822 0.0264575 0.0160900
12 0.6083094 0.4320978 0.0264576 0.0150174
20 0.4736164 0.6064063 0.0264576 0.0160900
19 0.4062698 0.4905582 0.0264576 0.0160900
19 0.3389233 0.5484822 0.0264576 0.0160900
22 0.6083094 0.6637939 0.0264576 0.0150174
21 0.6756560 0.6064063 0.0264575 0.0160900
20 0.5409629 0.5484822 0.0264576 0.0160900
15 0.4736164 0.4905582 0.0264576 0.0160900
26 0.6756560 0.3747102 0.0264575 0.0160900
20 0.3389233 0.4905582 0.0264576 0.0160900
27 0.6083094 0.4905582 0.0264576 0.0160900
25 0.6756560 0.6637939 0.0264575 0.0150174
12 0.7430025 0.5484822 0.0264576 0.0160900
16 0.6083094 0.6064063 0.0264576 0.0160900
20 0.3389233 0.4320978 0.0264576 0.0150174
25 0.4062698 0.3747102 0.0264576 0.0160900
