19 0.5926241 0.6495694 0.0266214 0.0158485
29 0.7281511 0.7066241 0.0266213 0.0158485
32 0.6609927 0.6152308 0.4900755 0.4057226
11 0.5248606 0.5925146 0.0266214 0.0158485
9 0.5926241 0.5925146 0.0266214 0.0158485
33 0.7281512 0.5919863 0.0629233 0.0570547
8 0.7281511 0.5925146 0.0266213 0.0158485
8 0.7959146 0.5925146 0.0266213 0.0158485
24 0.5248606 0.6495694 0.0266214 0.0158485
13 0.6603876 0.6495694 0.0266214 0.0158485
25 0.7959146 0.6495694 0.0266213 0.0158485
15 0.8636782 0.6495694 0.0266214 0.0158485
29 0.4570971 0.7066241 0.0266214 0.0158485
1 0.5248606 0.7066241 0.0266214 0.0158485
14 0.5926241 0.7066241 0.0266214 0.0158485
30 0.6603876 0.7066241 0.0266214 0.0158485
18 0.4570971 0.7631505 0.0266214 0.0147919
28 0.7959146 0.7631505 0.0266213 0.0147919
5 0.5926241 0.7631505 0.0266214 0.0147919
27 0.5926241 0.4784052 0.0266214 0.0158485
27 0.4570971 0.5925146 0.0266214 0.0158485
4 0.7959146 0.4784052 0.0266213 0.0158485
7 0.8636782 0.4784052 0.0266214 0.0158485
29 0.8636782 0.5925146 0.0266214 0.0158485
1 0.5926241 0.5349316 0.0266214 0.0147920
27 0.8636782 0.5349316 0.0266214 0.0147920
19 0.8636782 0.7066241 0.0266214 0.0158485
19 0.6603876 0.5925146 0.0266214 0.0158485
28 0.8636782 0.7631505 0.0266214 0.0147919
7 0.7959146 0.5349316 0.0266213 0.0147920
18 0.7281511 0.4784052 0.0266213 0.0158485
9 0.4570971 0.5349316 0.0266214 0.0147920
4 0.6603876 0.4784052 0.0266214 0.0158485
14 0.4570971 0.6495694 0.0266214 0.0158485
5 0.7281511 0.6495694 0.0266213 0.0158485
11 0.6603876 0.5349316 0.0266214 0.0147920
7 0.6603876 0.7631505 0.0266214 0.0147919
20 0.5248606 0.7631505 0.0266214 0.0147919
29 0.5248606 0.5349316 0.0266214 0.0147920
23 0.7281511 0.5349316 0.0266213 0.0147920
2 0.4570971 0.4784052 0.0266214 0.0158485
19 0.7959146 0.7066241 0.0266213 0.0158485
31 0.5248606 0.4784052 0.0266214 0.0158485
20 0.7281511 0.7631505 0.0266213 0.0147919
