21 0.2651250 0.5201601 0.0287949 0.0170160
22 0.4850131 0.5808504 0.0287949 0.0158816
32 0.2660366 0.4220346 0.5295731 0.4356090
25 0.1185330 0.2751301 0.0287949 0.0170160
9 0.2651250 0.2751301 0.0287949 0.0170160
14 0.4117171 0.2751301 0.0287949 0.0170160
26 0.4850131 0.2751301 0.0287949 0.0170160
23 0.1918290 0.3358204 0.0287949 0.0158816
33 0.4850131 0.3358204 0.0680606 0.0612575
11 0.4850131 0.3358204 0.0287949 0.0158816
13 0.0452369 0.3976451 0.0287949 0.0170160
27 0.4850131 0.3976451 0.0287949 0.0170160
22 0.0452369 0.4589026 0.0287949 0.0170159
16 0.1918290 0.4589026 0.0287949 0.0170159
6 0.0452369 0.5201601 0.0287949 0.0170160
3 0.0452369 0.5808504 0.0287949 0.0158816
31 0.1918290 0.5808504 0.0287949 0.0158816
17 0.4117171 0.5808504 0.0287949 0.0158816
22 0.3384211 0.4589026 0.0287949 0.0170159
16 0.1185330 0.5808504 0.0287949 0.0158816
7 0.1918290 0.3976451 0.0287949 0.0170160
14 0.4850131 0.4589026 0.0287949 0.0170159
24 0.4117171 0.3976451 0.0287949 0.0170160
3 0.3384211 0.3976451 0.0287949 0.0170160
14 0.1185330 0.5201601 0.0287949 0.0170160
23 0.2651250 0.3358204 0.0287949 0.0158816
8 0.1185330 0.3358204 0.0287949 0.0158816
20 0.4850131 0.5201601 0.0287949 0.0170160
6 0.4117171 0.5201601 0.0287949 0.0170160
17 0.0452369 0.2751301 0.0287949 0.0170160
10 0.2651250 0.4589026 0.0287949 0.0170159
31 0.4117171 0.3358204 0.0287949 0.0158816
24 0.3384211 0.5201601 0.0287949 0.0170160
2 0.0452369 0.3358204 0.0287949 0.0158816
2 0.1185330 0.4589026 0.0287949 0.0170159
12 0.3384211 0.2751301 0.0287949 0.0170160
6 0.2651250 0.5808504 0.0287949 0.0158816
17 0.1918290 0.5201601 0.0287949 0.0170160
1 0.4117171 0.4589026 0.0287949 0.0170159
30 0.3384211 0.3358204 0.0287949 0.0158816
14 0.1918290 0.2751301 0.0287949 0.0170160
17 0.2651250 0.3976451 0.0287949 0.0170160
31 0.3384211 0.5808504 0.0287949 0.0158816
5 0.1185330 0.3976451 0.0287949 0.0170160
