5 0.2030806 0.3502087 0.0274378 0.0154860
29 0.4126055 0.5294041 0.0274378 0.0154860
32 0.2685572 0.3789684 0.5051046 0.4247596
2 0.0633974 0.2307451 0.0274378 0.0154860
20 0.2729223 0.2307451 0.0274378 0.0154860
5 0.1332390 0.2904769 0.0274378 0.0154860
10 0.2729223 0.2904769 0.0274378 0.0154860
33 0.4126055 0.2904769 0.0648529 0.0597318
7 0.4126055 0.2904769 0.0274378 0.0154860
17 0.4824471 0.3502087 0.0274378 0.0154860
18 0.1332390 0.4099405 0.0274378 0.0154860
9 0.2030806 0.4099405 0.0274378 0.0154860
16 0.2729223 0.4099405 0.0274378 0.0154860
8 0.4126055 0.4099405 0.0274378 0.0154860
3 0.4824471 0.4099405 0.0274378 0.0154860
22 0.2729223 0.4696723 0.0274378 0.0154860
26 0.3427639 0.4696723 0.0274378 0.0154860
30 0.4126055 0.4696723 0.0274378 0.0154860
6 0.4824471 0.5294041 0.0274378 0.0154860
28 0.3427639 0.5294041 0.0274378 0.0154860
7 0.0633974 0.4696723 0.0274378 0.0154860
29 0.1332390 0.3502087 0.0274378 0.0154860
31 0.2729223 0.5294041 0.0274378 0.0154860
20 0.1332390 0.5294041 0.0274378 0.0154860
31 0.3427639 0.2307451 0.0274378 0.0154860
15 0.4824471 0.2904769 0.0274378 0.0154860
18 0.4126055 0.2307451 0.0274378 0.0154860
7 0.3427639 0.3502087 0.0274378 0.0154860
20 0.4824471 0.2307451 0.0274378 0.0154860
13 0.4126055 0.3502087 0.0274378 0.0154860
18 0.2030806 0.2307451 0.0274378 0.0154860
21 0.0633974 0.2904769 0.0274378 0.0154860
4 0.3427639 0.4099405 0.0274378 0.0154860
13 0.0633974 0.5294041 0.0274378 0.0154860
4 0.1332390 0.2307451 0.0274378 0.0154860
17 0.0633974 0.3502087 0.0274378 0.0154860
5 0.2030806 0.2904769 0.0274378 0.0154860
13 0.2729223 0.3502087 0.0274378 0.0154860
5 0.3427639 0.2904769 0.0274378 0.0154860
1 0.1332390 0.4696723 0.0274378 0.0154860
26 0.2030806 0.4696723 0.0274378 0.0154860
19 0.4824471 0.4696723 0.0274378 0.0154860
19 0.0633974 0.4099405 0.0274378 0.0154860
6 0.2030806 0.5294041 0.0274378 0.0154860
