19 0.6166743 0.6035370 0.0264535 0.0169430
11 0.6840104 0.5425422 0.0264534 0.0169430
32 0.4826034 0.5058325 0.4869841 0.4337404
9 0.4820022 0.3595580 0.0264534 0.0169430
33 0.5493382 0.3589933 0.0625264 0.0609947
15 0.5493382 0.3595580 0.0264534 0.0169430
10 0.6840104 0.3595580 0.0264534 0.0169430
27 0.2799939 0.4199880 0.0264535 0.0158135
2 0.3473300 0.4199880 0.0264535 0.0158135
4 0.5493382 0.4199880 0.0264534 0.0158135
7 0.6166743 0.4199880 0.0264535 0.0158135
6 0.6840104 0.4199880 0.0264534 0.0158135
16 0.3473300 0.4815475 0.0264535 0.0169430
29 0.4820022 0.5425422 0.0264534 0.0169430
31 0.6166743 0.5425422 0.0264535 0.0169430
22 0.4820022 0.6035370 0.0264534 0.0169430
17 0.6840104 0.6035370 0.0264534 0.0169430
12 0.5493382 0.6639670 0.0264534 0.0158135
27 0.2799939 0.5425422 0.0264535 0.0169430
9 0.3473300 0.5425422 0.0264535 0.0169430
8 0.2799939 0.3595580 0.0264535 0.0169430
28 0.2799939 0.6035370 0.0264535 0.0169430
7 0.4820022 0.4815475 0.0264534 0.0169430
2 0.6840104 0.4815475 0.0264534 0.0169430
17 0.5493382 0.6035370 0.0264534 0.0169430
14 0.4820022 0.4199880 0.0264534 0.0158135
24 0.2799939 0.6639670 0.0264535 0.0158135
9 0.3473300 0.3595580 0.0264535 0.0169430
6 0.4146661 0.3595580 0.0264535 0.0169430
24 0.3473300 0.6639670 0.0264535 0.0158135
8 0.5493382 0.4815475 0.0264534 0.0169430
26 0.6166743 0.4815475 0.0264535 0.0169430
15 0.4146661 0.4199880 0.0264535 0.0158135
5 0.6166743 0.3595580 0.0264535 0.0169430
2 0.4820022 0.6639670 0.0264534 0.0158135
29 0.4146661 0.6639670 0.0264535 0.0158135
23 0.4146661 0.5425422 0.0264535 0.0169430
25 0.4146661 0.4815475 0.0264535 0.0169430
13 0.5493382 0.5425422 0.0264534 0.0169430
15 0.2799939 0.4815475 0.0264535 0.0169430
11 0.4146661 0.6035370 0.0264535 0.0169430
5 0.6166743 0.6639670 0.0264535 0.0158135
3 0.3473300 0.6035370 0.0264535 0.0169430
13 0.6840104 0.6639670 0.0264534 0.0158135
