23 0.5378180 0.5141827 0.0278112 0.0148836
16 0.6794022 0.6295304 0.0278112 0.0159466
32 0.5384501 0.5949792 0.5119786 0.4082351
10 0.3962338 0.4573062 0.0278112 0.0159467
33 0.5378180 0.4567747 0.0657355 0.0574081
17 0.5378180 0.4573062 0.0278112 0.0159467
5 0.6794022 0.5141827 0.0278112 0.0148836
29 0.7501942 0.5141827 0.0278112 0.0148836
11 0.3254417 0.6295304 0.0278112 0.0159466
14 0.6086101 0.6295304 0.0278112 0.0159466
19 0.7501942 0.6295304 0.0278112 0.0159466
22 0.5378180 0.6295304 0.0278112 0.0159466
6 0.3962338 0.5141827 0.0278112 0.0148836
4 0.6794022 0.4573062 0.0278112 0.0159467
6 0.5378180 0.5721223 0.0278112 0.0159466
4 0.3962338 0.6295304 0.0278112 0.0159466
28 0.6794022 0.5721223 0.0278112 0.0159466
8 0.3254417 0.5721223 0.0278112 0.0159466
9 0.6086101 0.6869385 0.0278112 0.0159467
10 0.6086101 0.5141827 0.0278112 0.0148836
27 0.4670259 0.4573062 0.0278112 0.0159467
12 0.7501942 0.5721223 0.0278112 0.0159466
24 0.3254417 0.5141827 0.0278112 0.0148836
18 0.3254417 0.4573062 0.0278112 0.0159467
5 0.4670259 0.5141827 0.0278112 0.0148836
27 0.4670259 0.5721223 0.0278112 0.0159466
27 0.3254417 0.6869385 0.0278112 0.0159467
18 0.7501942 0.4573062 0.0278112 0.0159467
26 0.5378180 0.6869385 0.0278112 0.0159467
21 0.4670259 0.6295304 0.0278112 0.0159466
27 0.6086101 0.5721223 0.0278112 0.0159466
10 0.3962338 0.6869385 0.0278112 0.0159467
31 0.6086101 0.4573062 0.0278112 0.0159467
22 0.7501942 0.6869385 0.0278112 0.0159467
10 0.4670259 0.6869385 0.0278112 0.0159467
13 0.3962338 0.5721223 0.0278112 0.0159466
28 0.6794022 0.6869385 0.0278112 0.0159467
