3 0.2298873 0.4610796 0.0280626 0.0148741
21 0.5156159 0.4037082 0.0280626 0.0148741
32 0.2968550 0.5460745 0.5166075 0.4079752
16 0.2298873 0.4037082 0.0280626 0.0148741
33 0.5156159 0.4610796 0.0663298 0.0573715
21 0.5156159 0.4610796 0.0280626 0.0148741
3 0.0870230 0.5758227 0.0280626 0.0148740
20 0.2298873 0.5758227 0.0280626 0.0148740
12 0.3013195 0.5758227 0.0280626 0.0148740
17 0.3727516 0.5758227 0.0280626 0.0148740
14 0.1584552 0.6331942 0.0280626 0.0148741
14 0.3013195 0.6331942 0.0280626 0.0148741
15 0.3727516 0.5184512 0.0280626 0.0148741
30 0.4441838 0.5184512 0.0280626 0.0148741
20 0.0870230 0.5184512 0.0280626 0.0148741
30 0.3727516 0.4610796 0.0280626 0.0148741
16 0.3013195 0.4037082 0.0280626 0.0148741
11 0.1584552 0.5184512 0.0280626 0.0148741
29 0.5156159 0.5758227 0.0280626 0.0148740
14 0.5156159 0.6331942 0.0280626 0.0148741
31 0.1584552 0.4037082 0.0280626 0.0148741
19 0.5156159 0.5184512 0.0280626 0.0148741
6 0.4441838 0.5758227 0.0280626 0.0148740
25 0.3013195 0.5184512 0.0280626 0.0148741
22 0.3727516 0.6331942 0.0280626 0.0148741
18 0.0870230 0.4037082 0.0280626 0.0148741
19 0.1584552 0.5758227 0.0280626 0.0148740
12 0.2298873 0.6331942 0.0280626 0.0148741
3 0.0870230 0.6331942 0.0280626 0.0148741
11 0.0870230 0.4610796 0.0280626 0.0148741
1 0.2298873 0.5184512 0.0280626 0.0148741
1 0.4441838 0.4610796 0.0280626 0.0148741
15 0.4441838 0.4037082 0.0280626 0.0148741
7 0.3013195 0.4610796 0.0280626 0.0148741
8 0.4441838 0.6331942 0.0280626 0.0148741
8 0.1584552 0.4610796 0.0280626 0.0148741
20 0.3727516 0.4037082 0.0280626 0.0148741
