16 0.7356415 0.3060618 0.0284035 0.0148262
29 0.5910418 0.2488752 0.0284035 0.0148262
32 0.5865230 0.3907826 0.5228830 0.4066600
7 0.6633416 0.2488752 0.0284035 0.0148262
30 0.8079414 0.2488752 0.0284035 0.0148262
15 0.4464420 0.3060618 0.0284035 0.0148262
9 0.3741422 0.4204349 0.0284035 0.0148261
27 0.8079414 0.4204349 0.0284035 0.0148261
4 0.4464420 0.4776215 0.0284035 0.0148262
33 0.8079414 0.4776215 0.0671356 0.0571866
22 0.8079414 0.4776215 0.0284035 0.0148262
10 0.5187419 0.4776215 0.0284035 0.0148262
28 0.7356415 0.3632484 0.0284035 0.0148261
9 0.3741422 0.4776215 0.0284035 0.0148262
20 0.3741422 0.3632484 0.0284035 0.0148261
24 0.5187419 0.4204349 0.0284035 0.0148261
24 0.7356415 0.4204349 0.0284035 0.0148261
6 0.7356415 0.2488752 0.0284035 0.0148262
10 0.5910418 0.3060618 0.0284035 0.0148262
15 0.8079414 0.3632484 0.0284035 0.0148261
15 0.8079414 0.3060618 0.0284035 0.0148262
14 0.5910418 0.4776215 0.0284035 0.0148262
21 0.4464420 0.3632484 0.0284035 0.0148261
21 0.3741422 0.2488752 0.0284035 0.0148262
13 0.4464420 0.4204349 0.0284035 0.0148261
24 0.5910418 0.3632484 0.0284035 0.0148261
12 0.5910418 0.4204349 0.0284035 0.0148261
26 0.6633416 0.3060618 0.0284035 0.0148262
19 0.5187419 0.3632484 0.0284035 0.0148261
14 0.3741422 0.3060618 0.0284035 0.0148262
29 0.6633416 0.3632484 0.0284035 0.0148261
25 0.6633416 0.4204349 0.0284035 0.0148261
25 0.6633416 0.4776215 0.0284035 0.0148262
28 0.7356415 0.4776215 0.0284035 0.0148262
5 0.4464420 0.2488752 0.0284035 0.0148262
29 0.5187419 0.2488752 0.0284035 0.0148262
2 0.5187419 0.3060618 0.0284035 0.0148262
