27 0.3933663 0.4800313 0.0279391 0.0156509
16 0.2511307 0.3592960 0.0279391 0.0156509
32 0.3889214 0.4487296 0.5143340 0.4292812
5 0.2511307 0.2989284 0.0279391 0.0156509
29 0.5356019 0.2989284 0.0279391 0.0156509
3 0.4644841 0.3592960 0.0279391 0.0156509
1 0.4644841 0.4196637 0.0279391 0.0156508
10 0.1800129 0.5403990 0.0279391 0.0156508
4 0.2511307 0.5403990 0.0279391 0.0156508
33 0.5356019 0.5403990 0.0660380 0.0603676
8 0.5356019 0.5403990 0.0279391 0.0156508
25 0.6067197 0.5403990 0.0279391 0.0156508
16 0.3933663 0.5403990 0.0279391 0.0156508
6 0.3222485 0.4800313 0.0279391 0.0156509
16 0.3222485 0.5403990 0.0279391 0.0156508
29 0.3222485 0.2989284 0.0279391 0.0156509
20 0.6067197 0.3592960 0.0279391 0.0156509
13 0.2511307 0.4196637 0.0279391 0.0156508
28 0.3933663 0.3592960 0.0279391 0.0156509
28 0.6067197 0.4196637 0.0279391 0.0156508
4 0.1800129 0.4196637 0.0279391 0.0156508
21 0.3222485 0.3592960 0.0279391 0.0156509
4 0.6067197 0.2989284 0.0279391 0.0156509
27 0.4644841 0.4800313 0.0279391 0.0156509
13 0.4644841 0.5403990 0.0279391 0.0156508
30 0.4644841 0.2989284 0.0279391 0.0156509
28 0.3222485 0.4196637 0.0279391 0.0156508
29 0.3933663 0.4196637 0.0279391 0.0156508
24 0.1800129 0.2989284 0.0279391 0.0156509
30 0.1800129 0.3592960 0.0279391 0.0156509
20 0.3933663 0.2989284 0.0279391 0.0156509
25 0.2511307 0.4800313 0.0279391 0.0156509
15 0.1800129 0.4800313 0.0279391 0.0156509
29 0.5356019 0.4800313 0.0279391 0.0156509
2 0.5356019 0.4196637 0.0279391 0.0156508
20 0.5356019 0.3592960 0.0279391 0.0156509
5 0.6067197 0.4800313 0.0279391 0.0156509
