16 0.1834091 0.5033584 0.0285292 0.0172584
17 0.2560290 0.5033584 0.0285292 0.0172584
32 0.4019172 0.5280954 0.5251974 0.4418139
12 0.1834091 0.3790982 0.0285292 0.0172584
18 0.2560290 0.3790982 0.0285292 0.0172584
30 0.4738886 0.3790982 0.0285292 0.0172584
10 0.6191283 0.3790982 0.0285292 0.0172584
20 0.2560290 0.4406530 0.0285292 0.0161078
22 0.3286489 0.4406530 0.0285292 0.0161078
2 0.4738886 0.4406530 0.0285292 0.0161078
15 0.6191283 0.4406530 0.0285292 0.0161078
33 0.4738886 0.5027831 0.0674327 0.0621301
4 0.4738886 0.5033584 0.0285292 0.0172584
3 0.4738886 0.6276185 0.0285292 0.0172584
26 0.5465085 0.6276185 0.0285292 0.0172584
13 0.2560290 0.6891733 0.0285292 0.0161078
8 0.3286489 0.6891733 0.0285292 0.0161078
11 0.4738886 0.6891733 0.0285292 0.0161078
17 0.1834091 0.6276185 0.0285292 0.0172584
11 0.5465085 0.5654885 0.0285292 0.0172583
13 0.5465085 0.4406530 0.0285292 0.0161078
9 0.4012688 0.6276185 0.0285292 0.0172584
30 0.1834091 0.5654885 0.0285292 0.0172583
31 0.3286489 0.5654885 0.0285292 0.0172583
12 0.1834091 0.6891733 0.0285292 0.0161078
9 0.5465085 0.3790982 0.0285292 0.0172584
29 0.4012688 0.5033584 0.0285292 0.0172584
15 0.4012688 0.4406530 0.0285292 0.0161078
14 0.4738886 0.5654885 0.0285292 0.0172583
6 0.5465085 0.5033584 0.0285292 0.0172584
15 0.4012688 0.3790982 0.0285292 0.0172584
1 0.4012688 0.6891733 0.0285292 0.0161078
17 0.6191283 0.5654885 0.0285292 0.0172583
30 0.1834091 0.4406530 0.0285292 0.0161078
13 0.3286489 0.3790982 0.0285292 0.0172584
16 0.5465085 0.6891733 0.0285292 0.0161078
19 0.3286489 0.5033584 0.0285292 0.0172584
25 0.6191283 0.6891733 0.0285292 0.0161078
13 0.3286489 0.6276185 0.0285292 0.0172584
8 0.2560290 0.6276185 0.0285292 0.0172584
21 0.4012688 0.5654885 0.0285292 0.0172583
20 0.2560290 0.5654885 0.0285292 0.0172583
9 0.6191283 0.5033584 0.0285292 0.0172584
21 0.6191283 0.6276185 0.0285292 0.0172584
