9 0.4454684 0.4386210 0.0262029 0.0158653
12 0.7122614 0.3238622 0.0262029 0.0148076
32 0.5794604 0.4042462 0.4823713 0.4061509
33 0.4454684 0.2667473 0.0619341 0.0571150
25 0.4454684 0.2672761 0.0262029 0.0158653
7 0.7789596 0.2672761 0.0262029 0.0158653
22 0.3787701 0.3238622 0.0262029 0.0148076
13 0.5788649 0.3238622 0.0262029 0.0148076
29 0.6455631 0.3238622 0.0262029 0.0148076
31 0.3787701 0.3815060 0.0262029 0.0158653
23 0.7789596 0.3815060 0.0262029 0.0158653
3 0.3787701 0.4386210 0.0262029 0.0158653
25 0.5788649 0.4386210 0.0262029 0.0158653
24 0.5788649 0.4957360 0.0262029 0.0158653
8 0.7789596 0.4957360 0.0262029 0.0158653
5 0.3787701 0.5523221 0.0262029 0.0148075
30 0.7122614 0.5523221 0.0262029 0.0148075
26 0.7789596 0.5523221 0.0262029 0.0148075
28 0.3787701 0.2672761 0.0262029 0.0158653
31 0.5121666 0.2672761 0.0262029 0.0158653
17 0.6455631 0.3815060 0.0262029 0.0158653
19 0.6455631 0.2672761 0.0262029 0.0158653
2 0.7122614 0.4386210 0.0262029 0.0158653
16 0.4454684 0.5523221 0.0262029 0.0148075
29 0.7789596 0.4386210 0.0262029 0.0158653
11 0.5121666 0.3815060 0.0262029 0.0158653
11 0.6455631 0.5523221 0.0262029 0.0148075
23 0.4454684 0.3815060 0.0262029 0.0158653
4 0.5121666 0.5523221 0.0262029 0.0148075
8 0.6455631 0.4957360 0.0262029 0.0158653
12 0.5788649 0.2672761 0.0262029 0.0158653
9 0.7122614 0.2672761 0.0262029 0.0158653
15 0.4454684 0.4957360 0.0262029 0.0158653
6 0.7789596 0.3238622 0.0262029 0.0148076
23 0.5788649 0.5523221 0.0262029 0.0148075
28 0.5121666 0.3238622 0.0262029 0.0148076
16 0.4454684 0.3238622 0.0262029 0.0148076
31 0.6455631 0.4386210 0.0262029 0.0158653
21 0.7122614 0.4957360 0.0262029 0.0158653
8 0.5121666 0.4957360 0.0262029 0.0158653
24 0.5121666 0.4386210 0.0262029 0.0158653
3 0.7122614 0.3815060 0.0262029 0.0158653
10 0.3787701 0.4957360 0.0262029 0.0158653
2 0.5788649 0.3815060 0.0262029 0.0158653
