15 0.4340327 0.2137742 0.0262056 0.0153771
19 0.5007378 0.2730859 0.0262056 0.0153771
32 0.3631584 0.3609550 0.4824214 0.4217719
27 0.5007378 0.2137742 0.0262056 0.0153771
13 0.2339172 0.2730859 0.0262056 0.0153771
2 0.3006223 0.2730859 0.0262056 0.0153771
21 0.3673275 0.2730859 0.0262056 0.0153771
11 0.3006223 0.4510209 0.0262056 0.0153771
33 0.5007378 0.4510209 0.0619405 0.0593117
4 0.5007378 0.4510209 0.0262056 0.0153771
24 0.5674430 0.4510209 0.0262056 0.0153771
4 0.3006223 0.3917092 0.0262056 0.0153771
17 0.5674430 0.2730859 0.0262056 0.0153771
28 0.1672120 0.3917092 0.0262056 0.0153771
16 0.5674430 0.3917092 0.0262056 0.0153771
19 0.2339172 0.3323975 0.0262056 0.0153771
24 0.4340327 0.3917092 0.0262056 0.0153771
17 0.5007378 0.3323975 0.0262056 0.0153771
17 0.2339172 0.4510209 0.0262056 0.0153771
16 0.1672120 0.3323975 0.0262056 0.0153771
27 0.5007378 0.3917092 0.0262056 0.0153771
2 0.3673275 0.4510209 0.0262056 0.0153771
19 0.1672120 0.2137742 0.0262056 0.0153771
5 0.5674430 0.2137742 0.0262056 0.0153771
2 0.4340327 0.2730859 0.0262056 0.0153771
4 0.1672120 0.4510209 0.0262056 0.0153771
19 0.3006223 0.2137742 0.0262056 0.0153771
27 0.3673275 0.3917092 0.0262056 0.0153771
27 0.3673275 0.2137742 0.0262056 0.0153771
4 0.5674430 0.3323975 0.0262056 0.0153771
24 0.1672120 0.2730859 0.0262056 0.0153771
7 0.2339172 0.2137742 0.0262056 0.0153771
29 0.3006223 0.3323975 0.0262056 0.0153771
15 0.4340327 0.4510209 0.0262056 0.0153771
31 0.4340327 0.3323975 0.0262056 0.0153771
21 0.2339172 0.3917092 0.0262056 0.0153771
28 0.3673275 0.3323975 0.0262056 0.0153771
