8 0.6086736 0.5842324 0.0274245 0.0165742
9 0.1898264 0.7030136 0.0274245 0.0154692
32 0.3998732 0.5483217 0.5048605 0.4242978
30 0.3992500 0.4052317 0.0274245 0.0165741
11 0.3992500 0.4643461 0.0274245 0.0154692
1 0.6086736 0.4643461 0.0274245 0.0154692
6 0.5388657 0.5245655 0.0274245 0.0165742
20 0.1898264 0.5842324 0.0274245 0.0165742
5 0.3294421 0.5842324 0.0274245 0.0165742
33 0.1898264 0.6433468 0.0648216 0.0596669
18 0.1898264 0.6438992 0.0274245 0.0165741
21 0.3294421 0.6438992 0.0274245 0.0165741
12 0.4690578 0.6438992 0.0274245 0.0165741
13 0.5388657 0.6438992 0.0274245 0.0165741
27 0.6086736 0.6438992 0.0274245 0.0165741
31 0.3294421 0.7030136 0.0274245 0.0154692
25 0.5388657 0.7030136 0.0274245 0.0154692
16 0.6086736 0.7030136 0.0274245 0.0154692
3 0.2596342 0.4643461 0.0274245 0.0154692
3 0.6086736 0.5245655 0.0274245 0.0165742
30 0.4690578 0.4643461 0.0274245 0.0154692
26 0.4690578 0.5842324 0.0274245 0.0165742
22 0.4690578 0.7030136 0.0274245 0.0154692
23 0.5388657 0.5842324 0.0274245 0.0165742
10 0.5388657 0.4643461 0.0274245 0.0154692
16 0.2596342 0.5842324 0.0274245 0.0165742
20 0.3992500 0.7030136 0.0274245 0.0154692
5 0.2596342 0.5245655 0.0274245 0.0165742
28 0.1898264 0.4643461 0.0274245 0.0154692
8 0.2596342 0.4052317 0.0274245 0.0165741
24 0.3294421 0.5245655 0.0274245 0.0165742
7 0.3294421 0.4643461 0.0274245 0.0154692
22 0.4690578 0.4052317 0.0274245 0.0165741
25 0.4690578 0.5245655 0.0274245 0.0165742
20 0.1898264 0.4052317 0.0274245 0.0165741
8 0.3992500 0.5245655 0.0274245 0.0165742
28 0.2596342 0.7030136 0.0274245 0.0154692
5 0.2596342 0.6438992 0.0274245 0.0165741
20 0.3992500 0.6438992 0.0274245 0.0165741
21 0.3294421 0.4052317 0.0274245 0.0165741
27 0.1898264 0.5245655 0.0274245 0.0165742
3 0.5388657 0.4052317 0.0274245 0.0165741
4 0.3992500 0.5842324 0.0274245 0.0165742
13 0.6086736 0.4052317 0.0274245 0.0165741
