8 0.7194446 0.4640460 0.0281097 0.0161610
20 0.3616833 0.2770396 0.0281098 0.0161610
32 0.5718681 0.3693884 0.5174762 0.4432744
4 0.5763401 0.2147041 0.0281098 0.0161611
18 0.7194446 0.2147041 0.0281097 0.0161611
3 0.7909969 0.2147041 0.0281097 0.0161611
14 0.7909969 0.2770396 0.0281097 0.0161610
30 0.5047878 0.3393751 0.0281098 0.0161610
20 0.5763401 0.3393751 0.0281098 0.0161610
1 0.6478923 0.3393751 0.0281098 0.0161610
29 0.3616833 0.4017105 0.0281098 0.0161610
6 0.4332355 0.4017105 0.0281098 0.0161610
33 0.5763401 0.4017105 0.0664414 0.0623355
21 0.5763401 0.4017105 0.0281098 0.0161610
8 0.7909969 0.4640460 0.0281097 0.0161610
28 0.4332355 0.5263815 0.0281098 0.0161610
31 0.5763401 0.5263815 0.0281098 0.0161610
26 0.7194446 0.5263815 0.0281097 0.0161610
25 0.4332355 0.2770396 0.0281098 0.0161610
30 0.5047878 0.4017105 0.0281098 0.0161610
16 0.4332355 0.2147041 0.0281098 0.0161611
6 0.6478923 0.5263815 0.0281098 0.0161610
19 0.3616833 0.4640460 0.0281098 0.0161610
23 0.6478923 0.4640460 0.0281098 0.0161610
27 0.7194446 0.3393751 0.0281097 0.0161610
10 0.7909969 0.5263815 0.0281097 0.0161610
24 0.6478923 0.4017105 0.0281098 0.0161610
10 0.3616833 0.5263815 0.0281098 0.0161610
10 0.5763401 0.4640460 0.0281098 0.0161610
21 0.5047878 0.4640460 0.0281098 0.0161610
22 0.7194446 0.2770396 0.0281097 0.0161610
22 0.5763401 0.2770396 0.0281098 0.0161610
24 0.6478923 0.2147041 0.0281098 0.0161611
15 0.3616833 0.3393751 0.0281098 0.0161610
5 0.5047878 0.2770396 0.0281098 0.0161610
24 0.7909969 0.4017105 0.0281097 0.0161610
6 0.7909969 0.3393751 0.0281097 0.0161610
9 0.5047878 0.5263815 0.0281098 0.0161610
30 0.6478923 0.2770396 0.0281098 0.0161610
7 0.3616833 0.2147041 0.0281098 0.0161611
22 0.4332355 0.3393751 0.0281098 0.0161610
26 0.7194446 0.4017105 0.0281097 0.0161610
6 0.4332355 0.4640460 0.0281098 0.0161610
9 0.5047878 0.2147041 0.0281098 0.0161611
