7 0.4992976 0.3868973 0.0269667 0.0149279
11 0.2933702 0.4444764 0.0269667 0.0149279
32 0.2890801 0.4146206 0.4964319 0.4094510
21 0.0874429 0.2717392 0.0269667 0.0149279
13 0.1560854 0.2717392 0.0269667 0.0149279
10 0.2247278 0.2717392 0.0269667 0.0149279
30 0.2933702 0.2717392 0.0269667 0.0149279
15 0.4992976 0.2717392 0.0269667 0.0149279
11 0.0874429 0.3293183 0.0269667 0.0149279
9 0.2247278 0.3293183 0.0269667 0.0149279
2 0.0874429 0.3868973 0.0269667 0.0149279
14 0.1560854 0.3868973 0.0269667 0.0149279
27 0.3620127 0.4444764 0.0269667 0.0149279
5 0.3620127 0.5020554 0.0269667 0.0149278
25 0.4306551 0.5020554 0.0269667 0.0149278
33 0.4992976 0.5020554 0.0637394 0.0575791
1 0.4992976 0.5020554 0.0269667 0.0149278
7 0.4992976 0.5596344 0.0269667 0.0149279
5 0.4992976 0.4444764 0.0269667 0.0149279
22 0.2933702 0.5020554 0.0269667 0.0149278
6 0.3620127 0.3868973 0.0269667 0.0149279
7 0.3620127 0.5596344 0.0269667 0.0149279
2 0.2247278 0.3868973 0.0269667 0.0149279
3 0.1560854 0.3293183 0.0269667 0.0149279
30 0.0874429 0.5020554 0.0269667 0.0149278
30 0.2247278 0.4444764 0.0269667 0.0149279
31 0.2933702 0.5596344 0.0269667 0.0149279
25 0.2247278 0.5020554 0.0269667 0.0149278
9 0.1560854 0.5596344 0.0269667 0.0149279
30 0.0874429 0.4444764 0.0269667 0.0149279
12 0.3620127 0.2717392 0.0269667 0.0149279
24 0.1560854 0.4444764 0.0269667 0.0149279
21 0.4306551 0.2717392 0.0269667 0.0149279
7 0.3620127 0.3293183 0.0269667 0.0149279
15 0.2247278 0.5596344 0.0269667 0.0149279
22 0.4306551 0.3868973 0.0269667 0.0149279
14 0.4306551 0.4444764 0.0269667 0.0149279
29 0.2933702 0.3868973 0.0269667 0.0149279
11 0.0874429 0.5596344 0.0269667 0.0149279
6 0.1560854 0.5020554 0.0269667 0.0149278
18 0.4306551 0.5596344 0.0269667 0.0149279
18 0.2933702 0.3293183 0.0269667 0.0149279
19 0.4992976 0.3293183 0.0269667 0.0149279
8 0.4306551 0.3293183 0.0269667 0.0149279
