4 0.6699088 0.4449637 0.0263397 0.0171273
2 0.5358155 0.1983298 0.0263398 0.0171273
32 0.5364142 0.3461960 0.4848908 0.4384602
30 0.4017223 0.1983298 0.0263398 0.0171273
13 0.6028622 0.1983298 0.0263398 0.0171273
8 0.6699088 0.1983298 0.0263397 0.0171273
11 0.6028622 0.2594174 0.0263398 0.0159855
33 0.4017223 0.3210759 0.0622576 0.0616585
24 0.4017223 0.3216468 0.0263398 0.0171273
14 0.4687689 0.3216468 0.0263398 0.0171273
16 0.6699088 0.3216468 0.0263397 0.0171273
30 0.4687689 0.2594174 0.0263398 0.0159855
22 0.5358155 0.3833052 0.0263398 0.0171273
14 0.4687689 0.3833052 0.0263398 0.0171273
13 0.3346757 0.3833052 0.0263398 0.0171273
22 0.6028622 0.4449637 0.0263398 0.0171273
18 0.3346757 0.2594174 0.0263398 0.0159855
25 0.6028622 0.3216468 0.0263398 0.0171273
1 0.4017223 0.2594174 0.0263398 0.0159855
17 0.4687689 0.1983298 0.0263398 0.0171273
13 0.3346757 0.1983298 0.0263398 0.0171273
12 0.4017223 0.3833052 0.0263398 0.0171273
13 0.6699088 0.3833052 0.0263397 0.0171273
24 0.7369554 0.3833052 0.0263397 0.0171273
12 0.5358155 0.2594174 0.0263398 0.0159855
23 0.5358155 0.3216468 0.0263398 0.0171273
3 0.6028622 0.3833052 0.0263398 0.0171273
22 0.7369554 0.1983298 0.0263397 0.0171273
1 0.7369554 0.2594174 0.0263397 0.0159855
15 0.3346757 0.3216468 0.0263398 0.0171273
11 0.7369554 0.4449637 0.0263397 0.0171273
14 0.5358155 0.4449637 0.0263398 0.0171273
25 0.6699088 0.2594174 0.0263397 0.0159855
2 0.3346757 0.4449637 0.0263398 0.0171273
17 0.4017223 0.4449637 0.0263398 0.0171273
28 0.7369554 0.3216468 0.0263397 0.0171273
9 0.4687689 0.4449637 0.0263398 0.0171273
