21 0.3887725 0.4791119 0.0268646 0.0153552
9 0.5939206 0.5975667 0.0268646 0.0153552
32 0.4528813 0.4484015 0.4945533 0.4211723
6 0.6623033 0.3014299 0.0268646 0.0153553
16 0.2520072 0.3606572 0.0268646 0.0153553
8 0.3203899 0.3606572 0.0268646 0.0153553
18 0.3203899 0.4198846 0.0268646 0.0153552
4 0.3887725 0.4198846 0.0268646 0.0153552
23 0.5255379 0.4198846 0.0268646 0.0153552
33 0.6623033 0.4198846 0.0634983 0.0592274
7 0.6623033 0.4198846 0.0268646 0.0153552
19 0.5255379 0.4791119 0.0268646 0.0153552
13 0.5939206 0.4791119 0.0268646 0.0153552
26 0.2520072 0.5383393 0.0268646 0.0153552
7 0.4571552 0.5383393 0.0268646 0.0153552
28 0.5255379 0.5383393 0.0268646 0.0153552
14 0.3887725 0.5975667 0.0268646 0.0153552
22 0.4571552 0.5975667 0.0268646 0.0153552
29 0.2520072 0.4198846 0.0268646 0.0153552
10 0.4571552 0.4198846 0.0268646 0.0153552
19 0.3203899 0.3014299 0.0268646 0.0153553
11 0.2520072 0.5975667 0.0268646 0.0153552
24 0.2520072 0.4791119 0.0268646 0.0153552
31 0.3887725 0.3014299 0.0268646 0.0153553
22 0.6623033 0.5975667 0.0268646 0.0153552
13 0.5939206 0.5383393 0.0268646 0.0153552
7 0.5255379 0.5975667 0.0268646 0.0153552
25 0.4571552 0.4791119 0.0268646 0.0153552
27 0.3203899 0.4791119 0.0268646 0.0153552
3 0.5939206 0.3606572 0.0268646 0.0153553
20 0.5255379 0.3014299 0.0268646 0.0153553
29 0.5255379 0.3606572 0.0268646 0.0153553
26 0.3887725 0.3606572 0.0268646 0.0153553
14 0.3887725 0.5383393 0.0268646 0.0153552
2 0.4571552 0.3014299 0.0268646 0.0153553
31 0.4571552 0.3606572 0.0268646 0.0153553
29 0.5939206 0.3014299 0.0268646 0.0153553
17 0.6623033 0.5383393 0.0268646 0.0153552
15 0.6623033 0.3606572 0.0268646 0.0153553
5 0.5939206 0.4198846 0.0268646 0.0153552
24 0.3203899 0.5975667 0.0268646 0.0153552
30 0.3203899 0.5383393 0.0268646 0.0153552
16 0.6623033 0.4791119 0.0268646 0.0153552
3 0.2520072 0.3014299 0.0268646 0.0153553
