19 0.1846216 0.5482516 0.0281223 0.0157269
2 0.1130376 0.3662692 0.0281223 0.0157269
32 0.2559174 0.5167978 0.5093347 0.4313657
14 0.0414535 0.4269300 0.0281223 0.0157269
4 0.3993738 0.4269300 0.0281223 0.0157269
25 0.2562057 0.4875908 0.0281223 0.0157269
22 0.3993738 0.4875908 0.0281223 0.0157269
13 0.4709578 0.4875908 0.0281223 0.0157269
29 0.0414535 0.5482516 0.0281223 0.0157269
3 0.0414535 0.6089124 0.0281223 0.0157269
9 0.1130376 0.6089124 0.0281223 0.0157269
24 0.4709578 0.6089124 0.0281223 0.0157269
10 0.0414535 0.6695732 0.0281223 0.0157269
33 0.1846216 0.6695732 0.0664709 0.0606607
25 0.1846216 0.6695732 0.0281223 0.0157269
21 0.2562057 0.6695732 0.0281223 0.0157269
1 0.3277897 0.6695732 0.0281223 0.0157269
20 0.3993738 0.6695732 0.0281223 0.0157269
12 0.4709578 0.6695732 0.0281223 0.0157269
8 0.0414535 0.3662692 0.0281223 0.0157269
8 0.2562057 0.6089124 0.0281223 0.0157269
14 0.1130376 0.5482516 0.0281223 0.0157269
17 0.2562057 0.4269300 0.0281223 0.0157269
23 0.3993738 0.5482516 0.0281223 0.0157269
18 0.3993738 0.6089124 0.0281223 0.0157269
8 0.3277897 0.4875908 0.0281223 0.0157269
22 0.1846216 0.4269300 0.0281223 0.0157269
14 0.1130376 0.4875908 0.0281223 0.0157269
18 0.1846216 0.4875908 0.0281223 0.0157269
25 0.3277897 0.6089124 0.0281223 0.0157269
29 0.1130376 0.4269300 0.0281223 0.0157269
21 0.1846216 0.6089124 0.0281223 0.0157269
30 0.4709578 0.4269300 0.0281223 0.0157269
22 0.3277897 0.5482516 0.0281223 0.0157269
24 0.4709578 0.5482516 0.0281223 0.0157269
6 0.4709578 0.3662692 0.0281223 0.0157269
21 0.3277897 0.4269300 0.0281223 0.0157269
8 0.1846216 0.3662692 0.0281223 0.0157269
8 0.3277897 0.3662692 0.0281223 0.0157269
6 0.2562057 0.5482516 0.0281223 0.0157269
5 0.1130376 0.6695732 0.0281223 0.0157269
27 0.3993738 0.3662692 0.0281223 0.0157269
4 0.2562057 0.3662692 0.0281223 0.0157269
7 0.0414535 0.4875908 0.0281223 0.0157269
