8 0.5466509 0.4213874 0.0281313 0.0153778
8 0.6182579 0.4213874 0.0281313 0.0153778
32 0.3989615 0.5092607 0.5178720 0.4217917
16 0.2602229 0.3620730 0.0281313 0.0153778
15 0.2602229 0.4213874 0.0281313 0.0153778
27 0.4034369 0.4213874 0.0281313 0.0153778
33 0.2602229 0.4807019 0.0664922 0.0593144
10 0.2602229 0.4807019 0.0281313 0.0153778
22 0.1886160 0.5400163 0.0281313 0.0153778
25 0.4750439 0.5400163 0.0281313 0.0153778
26 0.6182579 0.5400163 0.0281313 0.0153778
22 0.3318299 0.3620730 0.0281313 0.0153778
26 0.2602229 0.5993308 0.0281313 0.0153779
24 0.1886160 0.3620730 0.0281313 0.0153778
24 0.1886160 0.4807019 0.0281313 0.0153778
6 0.6182579 0.3620730 0.0281313 0.0153778
25 0.5466509 0.3620730 0.0281313 0.0153778
6 0.6182579 0.4807019 0.0281313 0.0153778
4 0.3318299 0.4213874 0.0281313 0.0153778
31 0.4034369 0.4807019 0.0281313 0.0153778
16 0.3318299 0.5993308 0.0281313 0.0153779
1 0.1886160 0.5993308 0.0281313 0.0153779
24 0.4750439 0.4213874 0.0281313 0.0153778
5 0.4034369 0.5993308 0.0281313 0.0153779
25 0.4750439 0.4807019 0.0281313 0.0153778
1 0.4034369 0.5400163 0.0281313 0.0153778
4 0.5466509 0.5993308 0.0281313 0.0153779
29 0.3318299 0.4807019 0.0281313 0.0153778
2 0.1886160 0.4213874 0.0281313 0.0153778
5 0.6182579 0.5993308 0.0281313 0.0153779
18 0.4750439 0.3620730 0.0281313 0.0153778
3 0.4750439 0.5993308 0.0281313 0.0153779
10 0.5466509 0.4807019 0.0281313 0.0153778
29 0.2602229 0.5400163 0.0281313 0.0153778
18 0.3318299 0.5400163 0.0281313 0.0153778
8 0.4034369 0.3620730 0.0281313 0.0153778
13 0.5466509 0.5400163 0.0281313 0.0153778
