31 0.4351860 0.3500334 0.0271278 0.0160566
5 0.3661335 0.4738988 0.0271278 0.0160567
32 0.4999227 0.5037182 0.4993975 0.4404103
33 0.5042385 0.3500334 0.0641202 0.0619327
3 0.5042385 0.3500334 0.0271278 0.0160566
25 0.4351860 0.4119661 0.0271278 0.0160566
29 0.5042385 0.4119661 0.0271278 0.0160566
24 0.6423434 0.4119661 0.0271278 0.0160566
31 0.2970810 0.4738988 0.0271278 0.0160567
1 0.4351860 0.5977641 0.0271278 0.0160566
10 0.5732910 0.5977641 0.0271278 0.0160566
6 0.6423434 0.5977641 0.0271278 0.0160566
20 0.6423434 0.3500334 0.0271278 0.0160566
30 0.7113960 0.4119661 0.0271278 0.0160566
5 0.5042385 0.5358315 0.0271278 0.0160567
5 0.2970810 0.5977641 0.0271278 0.0160566
21 0.5042385 0.4738988 0.0271278 0.0160567
29 0.3661335 0.4119661 0.0271278 0.0160566
17 0.6423434 0.4738988 0.0271278 0.0160567
21 0.7113960 0.5977641 0.0271278 0.0160566
23 0.3661335 0.5358315 0.0271278 0.0160567
26 0.3661335 0.3500334 0.0271278 0.0160566
28 0.7113960 0.4738988 0.0271278 0.0160567
17 0.5042385 0.5977641 0.0271278 0.0160566
13 0.7113960 0.3500334 0.0271278 0.0160566
3 0.2970810 0.4119661 0.0271278 0.0160566
2 0.6423434 0.5358315 0.0271278 0.0160567
7 0.7113960 0.5358315 0.0271278 0.0160567
13 0.4351860 0.5358315 0.0271278 0.0160567
15 0.4351860 0.4738988 0.0271278 0.0160567
25 0.3661335 0.5977641 0.0271278 0.0160566
16 0.2970810 0.5358315 0.0271278 0.0160567
20 0.5732910 0.3500334 0.0271278 0.0160566
17 0.5732910 0.4119661 0.0271278 0.0160566
3 0.2970810 0.3500334 0.0271278 0.0160566
18 0.5732910 0.4738988 0.0271278 0.0160567
25 0.5732910 0.5358315 0.0271278 0.0160567
