13 0.2357383 0.7286230 0.0269446 0.0166279
30 0.5100835 0.6089023 0.0269446 0.0166279
32 0.4421096 0.6327356 0.4960259 0.4256739
12 0.4414972 0.4891815 0.0269446 0.0166279
16 0.6472561 0.4891815 0.0269446 0.0166279
7 0.3043246 0.5484876 0.0269446 0.0155193
25 0.6472561 0.6089023 0.0269446 0.0166279
33 0.3043246 0.6682083 0.0636873 0.0598604
20 0.3043246 0.6687626 0.0269446 0.0166279
15 0.3729109 0.6687626 0.0269447 0.0166279
13 0.4414972 0.6687626 0.0269446 0.0166279
8 0.3043246 0.4891815 0.0269446 0.0166279
13 0.2357383 0.6089023 0.0269446 0.0166279
18 0.5786697 0.6687626 0.0269446 0.0166279
25 0.5100835 0.5484876 0.0269446 0.0155193
13 0.6472561 0.5484876 0.0269446 0.0155193
20 0.2357383 0.5484876 0.0269446 0.0155193
3 0.6472561 0.6687626 0.0269446 0.0166279
18 0.5100835 0.6687626 0.0269446 0.0166279
6 0.3043246 0.7286230 0.0269446 0.0166279
7 0.4414972 0.5484876 0.0269446 0.0155193
4 0.6472561 0.7286230 0.0269446 0.0166279
18 0.2357383 0.6687626 0.0269446 0.0166279
20 0.3729109 0.5484876 0.0269447 0.0155193
2 0.5786697 0.7286230 0.0269446 0.0166279
14 0.3729109 0.4891815 0.0269447 0.0166279
2 0.2357383 0.4891815 0.0269446 0.0166279
22 0.5786697 0.6089023 0.0269446 0.0166279
23 0.4414972 0.7286230 0.0269446 0.0166279
5 0.5100835 0.4891815 0.0269446 0.0166279
29 0.4414972 0.6089023 0.0269446 0.0166279
14 0.3729109 0.7286230 0.0269447 0.0166279
31 0.5100835 0.7286230 0.0269446 0.0166279
23 0.5786697 0.5484876 0.0269446 0.0155193
31 0.3729109 0.6089023 0.0269447 0.0166279
17 0.5786697 0.4891815 0.0269446 0.0166279
22 0.3043246 0.6089023 0.0269446 0.0166279
