19 0.3197075 0.3777414 0.0266838 0.0157499
4 0.3876299 0.5599898 0.0266838 0.0157499
32 0.5192294 0.4677406 0.4912239 0.4319961
30 0.3876299 0.3169920 0.0266838 0.0157499
21 0.5913968 0.3169920 0.0266838 0.0157499
8 0.6593192 0.3169920 0.0266837 0.0157499
28 0.3876299 0.3777414 0.0266838 0.0157499
29 0.3197075 0.4384909 0.0266838 0.0157499
33 0.5234745 0.4384909 0.0630707 0.0607494
11 0.5234745 0.4384909 0.0266838 0.0157499
16 0.5234745 0.4992403 0.0266838 0.0157499
16 0.4555522 0.3169920 0.0266837 0.0157499
18 0.7272414 0.4384909 0.0266838 0.0157499
13 0.4555522 0.5599898 0.0266837 0.0157499
6 0.5913968 0.3777414 0.0266838 0.0157499
30 0.4555522 0.4992403 0.0266837 0.0157499
14 0.4555522 0.4384909 0.0266837 0.0157499
5 0.7272414 0.5599898 0.0266838 0.0157499
28 0.3197075 0.4992403 0.0266838 0.0157499
17 0.5234745 0.3777414 0.0266838 0.0157499
3 0.3197075 0.5599898 0.0266838 0.0157499
25 0.6593192 0.5599898 0.0266837 0.0157499
20 0.3876299 0.4992403 0.0266838 0.0157499
7 0.6593192 0.4992403 0.0266837 0.0157499
18 0.5234745 0.5599898 0.0266838 0.0157499
20 0.7272414 0.3777414 0.0266838 0.0157499
18 0.5913968 0.4384909 0.0266838 0.0157499
4 0.6593192 0.3777414 0.0266837 0.0157499
3 0.5913968 0.5599898 0.0266838 0.0157499
28 0.5234745 0.3169920 0.0266838 0.0157499
14 0.7272414 0.4992403 0.0266838 0.0157499
18 0.3876299 0.4384909 0.0266838 0.0157499
15 0.5913968 0.4992403 0.0266838 0.0157499
27 0.6593192 0.4384909 0.0266837 0.0157499
7 0.4555522 0.3777414 0.0266837 0.0157499
5 0.7272414 0.3169920 0.0266838 0.0157499
2 0.3197075 0.3169920 0.0266838 0.0157499
