8 0.1717818 0.2775814 0.0266491 0.0161018
24 0.3752842 0.2775814 0.0266491 0.0161018
32 0.3710445 0.4316982 0.4905861 0.4416483
20 0.3752842 0.3396882 0.0266491 0.0161018
15 0.4431183 0.3396882 0.0266491 0.0161018
9 0.2396159 0.4639018 0.0266491 0.0161018
26 0.3752842 0.4639018 0.0266491 0.0161018
2 0.3074500 0.5260086 0.0266491 0.0161018
33 0.3752842 0.5260086 0.0629888 0.0621068
18 0.3752842 0.5260086 0.0266491 0.0161018
11 0.5787865 0.5260086 0.0266491 0.0161018
11 0.5787865 0.2775814 0.0266491 0.0161018
17 0.5787865 0.4639018 0.0266491 0.0161018
19 0.1717818 0.4639018 0.0266491 0.0161018
10 0.3074500 0.2775814 0.0266491 0.0161018
28 0.5109524 0.3396882 0.0266491 0.0161018
26 0.3074500 0.4639018 0.0266491 0.0161018
11 0.4431183 0.4017950 0.0266491 0.0161018
25 0.5787865 0.4017950 0.0266491 0.0161018
30 0.3752842 0.4017950 0.0266491 0.0161018
11 0.2396159 0.3396882 0.0266491 0.0161018
3 0.1717818 0.4017950 0.0266491 0.0161018
10 0.5109524 0.4017950 0.0266491 0.0161018
27 0.1717818 0.3396882 0.0266491 0.0161018
17 0.5109524 0.5260086 0.0266491 0.0161018
19 0.5109524 0.2775814 0.0266491 0.0161018
27 0.5787865 0.3396882 0.0266491 0.0161018
2 0.2396159 0.5260086 0.0266491 0.0161018
26 0.3074500 0.4017950 0.0266491 0.0161018
1 0.5109524 0.4639018 0.0266491 0.0161018
31 0.4431183 0.4639018 0.0266491 0.0161018
13 0.4431183 0.2775814 0.0266491 0.0161018
17 0.2396159 0.4017950 0.0266491 0.0161018
15 0.3074500 0.3396882 0.0266491 0.0161018
29 0.1717818 0.5260086 0.0266491 0.0161018
16 0.4431183 0.5260086 0.0266491 0.0161018
19 0.2396159 0.2775814 0.0266491 0.0161018
