28 0.6530318 0.5354301 0.0265140 0.0160971
13 0.5855415 0.2870759 0.0265140 0.0160970
32 0.5138332 0.4411475 0.4880991 0.4415186
33 0.6530318 0.2870759 0.0626695 0.0620886
8 0.6530318 0.2870759 0.0265140 0.0160970
26 0.3155805 0.3491645 0.0265140 0.0160970
14 0.5855415 0.3491645 0.0265140 0.0160970
12 0.3155805 0.4733416 0.0265140 0.0160971
28 0.4505610 0.5354301 0.0265141 0.0160971
13 0.5855415 0.5354301 0.0265140 0.0160971
22 0.7205220 0.5354301 0.0265140 0.0160971
13 0.5180513 0.4733416 0.0265140 0.0160971
25 0.7205220 0.4733416 0.0265140 0.0160971
10 0.3155805 0.5354301 0.0265140 0.0160971
5 0.5180513 0.2870759 0.0265140 0.0160970
22 0.6530318 0.4112530 0.0265140 0.0160971
14 0.3830708 0.4112530 0.0265141 0.0160971
8 0.3830708 0.4733416 0.0265141 0.0160971
4 0.6530318 0.4733416 0.0265140 0.0160971
24 0.3155805 0.2870759 0.0265140 0.0160970
4 0.4505610 0.2870759 0.0265141 0.0160970
24 0.7205220 0.3491645 0.0265140 0.0160970
7 0.6530318 0.3491645 0.0265140 0.0160970
25 0.3830708 0.3491645 0.0265141 0.0160970
15 0.7205220 0.2870759 0.0265140 0.0160970
31 0.3830708 0.5354301 0.0265141 0.0160971
22 0.3830708 0.2870759 0.0265141 0.0160970
18 0.5180513 0.5354301 0.0265140 0.0160971
12 0.5180513 0.4112530 0.0265140 0.0160971
3 0.7205220 0.4112530 0.0265140 0.0160971
18 0.4505610 0.3491645 0.0265141 0.0160970
19 0.4505610 0.4733416 0.0265141 0.0160971
10 0.4505610 0.4112530 0.0265141 0.0160971
14 0.5180513 0.3491645 0.0265140 0.0160970
18 0.3155805 0.4112530 0.0265140 0.0160971
29 0.5855415 0.4112530 0.0265140 0.0160971
31 0.5855415 0.4733416 0.0265140 0.0160971
