31 0.4658012 0.3179515 0.0268854 0.0158489
24 0.1920593 0.3790832 0.0268854 0.0158490
32 0.3930885 0.4696486 0.4949353 0.4347138
12 0.1920593 0.3179515 0.0268854 0.0158489
14 0.2604948 0.3179515 0.0268854 0.0158489
16 0.5342367 0.3179515 0.0268854 0.0158489
6 0.3973657 0.3790832 0.0268854 0.0158490
15 0.4658012 0.3790832 0.0268854 0.0158490
28 0.3289303 0.4402148 0.0268854 0.0158489
8 0.3973657 0.5013464 0.0268854 0.0158489
33 0.5342367 0.5013464 0.0635472 0.0611316
20 0.5342367 0.5013464 0.0268854 0.0158489
13 0.2604948 0.5624781 0.0268854 0.0158489
7 0.3289303 0.5624781 0.0268854 0.0158489
1 0.5342367 0.5624781 0.0268854 0.0158489
17 0.2604948 0.6236097 0.0268854 0.0158489
27 0.4658012 0.6236097 0.0268854 0.0158489
26 0.5342367 0.6236097 0.0268854 0.0158489
17 0.3973657 0.6236097 0.0268854 0.0158489
24 0.6026722 0.5624781 0.0268854 0.0158489
26 0.3289303 0.5013464 0.0268854 0.0158489
31 0.4658012 0.5624781 0.0268854 0.0158489
13 0.6026722 0.6236097 0.0268854 0.0158489
20 0.1920593 0.5624781 0.0268854 0.0158489
1 0.4658012 0.4402148 0.0268854 0.0158489
28 0.4658012 0.5013464 0.0268854 0.0158489
28 0.3973657 0.5624781 0.0268854 0.0158489
5 0.2604948 0.4402148 0.0268854 0.0158489
5 0.6026722 0.5013464 0.0268854 0.0158489
25 0.3289303 0.6236097 0.0268854 0.0158489
30 0.3289303 0.3790832 0.0268854 0.0158490
24 0.2604948 0.5013464 0.0268854 0.0158489
19 0.3973657 0.4402148 0.0268854 0.0158489
30 0.6026722 0.4402148 0.0268854 0.0158489
25 0.3973657 0.3179515 0.0268854 0.0158489
25 0.3289303 0.3179515 0.0268854 0.0158489
14 0.1920593 0.5013464 0.0268854 0.0158489
25 0.5342367 0.3790832 0.0268854 0.0158490
15 0.2604948 0.3790832 0.0268854 0.0158490
6 0.6026722 0.3179515 0.0268854 0.0158489
26 0.1920593 0.6236097 0.0268854 0.0158489
7 0.6026722 0.3790832 0.0268854 0.0158490
23 0.5342367 0.4402148 0.0268854 0.0158489
28 0.1920593 0.4402148 0.0268854 0.0158489
