2 0.2658446 0.5206115 0.0275840 0.0151324
13 0.5466995 0.3455085 0.0275840 0.0151324
32 0.4720974 0.4903468 0.5077957 0.4150591
3 0.6169132 0.3455085 0.0275840 0.0151324
18 0.4062720 0.4038761 0.0275839 0.0151324
20 0.6871269 0.4038761 0.0275839 0.0151324
26 0.6169132 0.4622439 0.0275840 0.0151324
33 0.3360583 0.5206115 0.0651984 0.0583677
2 0.3360583 0.5206115 0.0275840 0.0151324
5 0.5466995 0.5206115 0.0275840 0.0151324
2 0.6871269 0.5789792 0.0275839 0.0151324
30 0.5466995 0.5789792 0.0275840 0.0151324
6 0.2658446 0.3455085 0.0275840 0.0151324
1 0.4062720 0.5789792 0.0275839 0.0151324
23 0.3360583 0.5789792 0.0275840 0.0151324
14 0.2658446 0.4038761 0.0275840 0.0151324
20 0.4764857 0.4038761 0.0275840 0.0151324
31 0.4764857 0.3455085 0.0275840 0.0151324
29 0.4764857 0.4622439 0.0275840 0.0151324
3 0.6169132 0.4038761 0.0275840 0.0151324
15 0.6169132 0.5789792 0.0275840 0.0151324
3 0.3360583 0.3455085 0.0275840 0.0151324
17 0.3360583 0.4622439 0.0275840 0.0151324
29 0.4764857 0.5206115 0.0275840 0.0151324
25 0.6871269 0.4622439 0.0275839 0.0151324
31 0.3360583 0.4038761 0.0275840 0.0151324
28 0.4062720 0.5206115 0.0275839 0.0151324
19 0.6871269 0.3455085 0.0275839 0.0151324
16 0.4062720 0.3455085 0.0275839 0.0151324
5 0.2658446 0.4622439 0.0275840 0.0151324
7 0.4062720 0.4622439 0.0275839 0.0151324
18 0.2658446 0.5789792 0.0275840 0.0151324
29 0.4764857 0.5789792 0.0275840 0.0151324
24 0.5466995 0.4622439 0.0275840 0.0151324
14 0.6871269 0.5206115 0.0275839 0.0151324
16 0.6169132 0.5206115 0.0275840 0.0151324
7 0.5466995 0.4038761 0.0275840 0.0151324
