9 0.5041972 0.6564175 0.0266251 0.0148954
9 0.7075160 0.4845886 0.0266251 0.0159593
32 0.5725752 0.5074636 0.4901434 0.4085592
30 0.7075160 0.3696813 0.0266251 0.0159593
27 0.7752888 0.3696813 0.0266251 0.0159593
1 0.4364243 0.4266029 0.0266251 0.0148954
10 0.6397430 0.4266029 0.0266251 0.0148954
12 0.7075160 0.4266029 0.0266251 0.0148954
33 0.5041972 0.4840566 0.0629320 0.0574536
18 0.5041972 0.4845886 0.0266251 0.0159593
24 0.3686514 0.5420422 0.0266251 0.0159594
22 0.5041972 0.5420422 0.0266251 0.0159594
8 0.5719701 0.5420422 0.0266251 0.0159594
9 0.7752888 0.5420422 0.0266251 0.0159594
20 0.5719701 0.5994958 0.0266251 0.0159593
16 0.3686514 0.6564175 0.0266251 0.0148954
4 0.7075160 0.6564175 0.0266251 0.0148954
14 0.7752888 0.6564175 0.0266251 0.0148954
13 0.7752888 0.4845886 0.0266251 0.0159593
5 0.6397430 0.3696813 0.0266251 0.0159593
12 0.5719701 0.6564175 0.0266251 0.0148954
10 0.3686514 0.3696813 0.0266251 0.0159593
7 0.6397430 0.6564175 0.0266251 0.0148954
16 0.4364243 0.4845886 0.0266251 0.0159593
2 0.4364243 0.3696813 0.0266251 0.0159593
21 0.7075160 0.5420422 0.0266251 0.0159594
26 0.5041972 0.3696813 0.0266251 0.0159593
15 0.5041972 0.4266029 0.0266251 0.0148954
21 0.6397430 0.5420422 0.0266251 0.0159594
24 0.5719701 0.4845886 0.0266251 0.0159593
15 0.7752888 0.4266029 0.0266251 0.0148954
28 0.3686514 0.4266029 0.0266251 0.0148954
16 0.7752888 0.5994958 0.0266251 0.0159593
17 0.5719701 0.3696813 0.0266251 0.0159593
9 0.4364243 0.5994958 0.0266251 0.0159593
11 0.3686514 0.4845886 0.0266251 0.0159593
14 0.3686514 0.5994958 0.0266251 0.0159593
26 0.5719701 0.4266029 0.0266251 0.0148954
14 0.6397430 0.5994958 0.0266251 0.0159593
20 0.6397430 0.4845886 0.0266251 0.0159593
17 0.4364243 0.5420422 0.0266251 0.0159594
30 0.7075160 0.5994958 0.0266251 0.0159593
17 0.4364243 0.6564175 0.0266251 0.0148954
28 0.5041972 0.5994958 0.0266251 0.0159593
