1 0.3463268 0.6118483 0.0268794 0.0172049
31 0.5515880 0.7357235 0.0268794 0.0172049
32 0.4837785 0.6365087 0.4948260 0.4404451
29 0.6884288 0.4879732 0.0268794 0.0172049
33 0.3463268 0.5493373 0.0635332 0.0619376
24 0.3463268 0.5493373 0.0268794 0.0160579
8 0.4831676 0.6118483 0.0268795 0.0172049
31 0.6200084 0.6118483 0.0268794 0.0172049
23 0.4147472 0.6737859 0.0268794 0.0172049
15 0.6200084 0.7357235 0.0268794 0.0172049
10 0.6884288 0.7357235 0.0268794 0.0172049
1 0.4147472 0.6118483 0.0268794 0.0172049
11 0.6884288 0.6118483 0.0268794 0.0172049
16 0.4147472 0.7357235 0.0268794 0.0172049
28 0.2779065 0.6118483 0.0268794 0.0172049
5 0.3463268 0.4879732 0.0268794 0.0172049
21 0.6884288 0.5493373 0.0268794 0.0160579
24 0.5515880 0.4879732 0.0268794 0.0172049
11 0.6884288 0.6737859 0.0268794 0.0172049
13 0.3463268 0.6737859 0.0268794 0.0172049
6 0.2779065 0.7357235 0.0268794 0.0172049
22 0.6200084 0.6737859 0.0268794 0.0172049
9 0.6200084 0.4879732 0.0268794 0.0172049
24 0.5515880 0.6737859 0.0268794 0.0172049
21 0.4831676 0.4879732 0.0268795 0.0172049
7 0.4147472 0.4879732 0.0268794 0.0172049
10 0.4831676 0.6737859 0.0268795 0.0172049
19 0.6200084 0.5493373 0.0268794 0.0160579
3 0.4831676 0.5493373 0.0268795 0.0160579
27 0.4831676 0.7357235 0.0268795 0.0172049
14 0.5515880 0.5493373 0.0268794 0.0160579
6 0.4147472 0.5493373 0.0268794 0.0160579
1 0.5515880 0.6118483 0.0268794 0.0172049
19 0.2779065 0.6737859 0.0268794 0.0172049
8 0.3463268 0.7357235 0.0268794 0.0172049
29 0.2779065 0.4879732 0.0268794 0.0172049
6 0.2779065 0.5493373 0.0268794 0.0160579
