15 0.4506459 0.4518094 0.0286348 0.0162763
23 0.2319803 0.6401491 0.0286348 0.0162762
32 0.3732018 0.4820367 0.5271404 0.4464346
22 0.5235345 0.3262497 0.0286348 0.0162762
29 0.5964230 0.3262497 0.0286348 0.0162762
26 0.3048688 0.3890295 0.0286348 0.0162763
8 0.3777573 0.3890295 0.0286348 0.0162763
17 0.1590917 0.4518094 0.0286348 0.0162763
12 0.3048688 0.4518094 0.0286348 0.0162763
23 0.1590917 0.5145893 0.0286348 0.0162762
25 0.5964230 0.5145893 0.0286348 0.0162762
20 0.1590917 0.5773691 0.0286348 0.0162762
6 0.2319803 0.5773691 0.0286348 0.0162762
33 0.3048688 0.5773691 0.0676822 0.0627799
6 0.3048688 0.5773691 0.0286348 0.0162762
13 0.3777573 0.5773691 0.0286348 0.0162762
21 0.5235345 0.5773691 0.0286348 0.0162762
15 0.5235345 0.6401491 0.0286348 0.0162762
27 0.1590917 0.3890295 0.0286348 0.0162763
8 0.5964230 0.6401491 0.0286348 0.0162762
27 0.3048688 0.3262497 0.0286348 0.0162762
2 0.3777573 0.5145893 0.0286348 0.0162762
21 0.5235345 0.5145893 0.0286348 0.0162762
12 0.2319803 0.3262497 0.0286348 0.0162762
28 0.3777573 0.6401491 0.0286348 0.0162762
2 0.4506459 0.6401491 0.0286348 0.0162762
5 0.5964230 0.5773691 0.0286348 0.0162762
7 0.2319803 0.3890295 0.0286348 0.0162763
24 0.1590917 0.3262497 0.0286348 0.0162762
26 0.2319803 0.5145893 0.0286348 0.0162762
20 0.5235345 0.3890295 0.0286348 0.0162763
3 0.1590917 0.6401491 0.0286348 0.0162762
23 0.5964230 0.3890295 0.0286348 0.0162763
11 0.4506459 0.3262497 0.0286348 0.0162762
6 0.3048688 0.6401491 0.0286348 0.0162762
19 0.3048688 0.5145893 0.0286348 0.0162762
20 0.4506459 0.3890295 0.0286348 0.0162763
31 0.4506459 0.5145893 0.0286348 0.0162762
14 0.3777573 0.3262497 0.0286348 0.0162762
11 0.3777573 0.4518094 0.0286348 0.0162763
9 0.2319803 0.4518094 0.0286348 0.0162763
29 0.4506459 0.5773691 0.0286348 0.0162762
25 0.5235345 0.4518094 0.0286348 0.0162763
12 0.5964230 0.4518094 0.0286348 0.0162763
