19 0.5442596 0.2665075 0.0266042 0.0155510
10 0.4088200 0.2070804 0.0266042 0.0166618
32 0.6125840 0.3509272 0.4897593 0.4265420
20 0.6796992 0.2070804 0.0266042 0.0166618
33 0.7474190 0.2065250 0.0628826 0.0599825
31 0.7474191 0.2070804 0.0266042 0.0166618
28 0.7474191 0.3270454 0.0266042 0.0166618
24 0.4765398 0.3870278 0.0266042 0.0166618
21 0.5442596 0.3870278 0.0266042 0.0166618
14 0.7474191 0.3870278 0.0266042 0.0166618
23 0.8151389 0.3870278 0.0266042 0.0166618
28 0.4765398 0.2665075 0.0266042 0.0155510
11 0.6119794 0.2070804 0.0266042 0.0166618
6 0.6119794 0.4470102 0.0266042 0.0166618
23 0.6119794 0.3270454 0.0266042 0.0166618
18 0.6119794 0.3870278 0.0266042 0.0166618
21 0.4088200 0.3270454 0.0266042 0.0166618
16 0.8151389 0.3270454 0.0266042 0.0166618
15 0.4765398 0.2070804 0.0266042 0.0166618
11 0.8151389 0.4470102 0.0266042 0.0166618
17 0.6796992 0.3270454 0.0266042 0.0166618
3 0.4765398 0.4470102 0.0266042 0.0166618
31 0.8151389 0.2070804 0.0266042 0.0166618
30 0.6119794 0.2665075 0.0266042 0.0155510
9 0.6796992 0.3870278 0.0266042 0.0166618
6 0.7474191 0.2665075 0.0266042 0.0155510
24 0.5442596 0.2070804 0.0266042 0.0166618
24 0.6796992 0.4470102 0.0266042 0.0166618
24 0.4088200 0.3870278 0.0266042 0.0166618
14 0.6796992 0.2665075 0.0266042 0.0155510
25 0.4088200 0.2665075 0.0266042 0.0155510
23 0.4765398 0.3270454 0.0266042 0.0166618
6 0.7474191 0.4470102 0.0266042 0.0166618
20 0.4088200 0.4470102 0.0266042 0.0166618
16 0.5442596 0.4470102 0.0266042 0.0166618
23 0.5442596 0.3270454 0.0266042 0.0166618
10 0.8151389 0.2665075 0.0266042 0.0155510
