30 0.1833295 0.5285242 0.0263725 0.0148621
16 0.3175892 0.6431749 0.0263725 0.0148621
32 0.3805235 0.6134507 0.4854928 0.4076470
2 0.5189788 0.4711989 0.0263725 0.0148622
6 0.4518489 0.5285242 0.0263725 0.0148621
1 0.1833295 0.5858496 0.0263725 0.0148621
19 0.5189788 0.5858496 0.0263725 0.0148621
33 0.1833295 0.7005004 0.0623349 0.0573254
29 0.1833295 0.7005004 0.0263725 0.0148621
14 0.5861087 0.7005004 0.0263725 0.0148621
16 0.4518489 0.6431749 0.0263725 0.0148621
9 0.5189788 0.6431749 0.0263725 0.0148621
14 0.2504593 0.4711989 0.0263725 0.0148622
13 0.1833295 0.4711989 0.0263725 0.0148622
11 0.2504593 0.5285242 0.0263725 0.0148621
29 0.2504593 0.7005004 0.0263725 0.0148621
5 0.3847190 0.4711989 0.0263725 0.0148622
2 0.3175892 0.5858496 0.0263725 0.0148621
7 0.2504593 0.6431749 0.0263725 0.0148621
14 0.3847190 0.5285242 0.0263725 0.0148621
18 0.5189788 0.5285242 0.0263725 0.0148621
24 0.3175892 0.5285242 0.0263725 0.0148621
14 0.4518489 0.7005004 0.0263725 0.0148621
6 0.1833295 0.6431749 0.0263725 0.0148621
20 0.5861087 0.4711989 0.0263725 0.0148622
1 0.4518489 0.5858496 0.0263725 0.0148621
13 0.3847190 0.7005004 0.0263725 0.0148621
6 0.2504593 0.5858496 0.0263725 0.0148621
21 0.5861087 0.5285242 0.0263725 0.0148621
7 0.4518489 0.4711989 0.0263725 0.0148622
27 0.3847190 0.5858496 0.0263725 0.0148621
16 0.3175892 0.4711989 0.0263725 0.0148622
27 0.5189788 0.7005004 0.0263725 0.0148621
5 0.5861087 0.5858496 0.0263725 0.0148621
17 0.5861087 0.6431749 0.0263725 0.0148621
24 0.3175892 0.7005004 0.0263725 0.0148621
27 0.3847190 0.6431749 0.0263725 0.0148621
