13 0.3235701 0.4943343 0.0263022 0.0160976
25 0.3905211 0.4943343 0.0263021 0.0160976
32 0.4532876 0.4000484 0.4841989 0.4415338
17 0.2566191 0.2459715 0.0263022 0.0160976
33 0.4574720 0.2459715 0.0621687 0.0620907
19 0.4574720 0.2459715 0.0263022 0.0160976
7 0.6583249 0.2459715 0.0263022 0.0160976
22 0.3905211 0.3701529 0.0263021 0.0160976
30 0.6583249 0.3701529 0.0263022 0.0160976
24 0.4574720 0.4322436 0.0263022 0.0160975
29 0.5244230 0.4322436 0.0263021 0.0160975
13 0.5244230 0.4943343 0.0263021 0.0160976
14 0.2566191 0.3701529 0.0263022 0.0160976
13 0.4574720 0.3080622 0.0263022 0.0160975
30 0.5913739 0.3701529 0.0263022 0.0160976
25 0.3905211 0.3080622 0.0263021 0.0160975
13 0.2566191 0.4943343 0.0263022 0.0160976
8 0.6583249 0.4322436 0.0263022 0.0160975
14 0.3235701 0.3701529 0.0263022 0.0160976
19 0.2566191 0.4322436 0.0263022 0.0160975
24 0.3905211 0.2459715 0.0263021 0.0160976
6 0.4574720 0.3701529 0.0263022 0.0160976
2 0.5244230 0.3701529 0.0263021 0.0160976
2 0.5913739 0.4943343 0.0263022 0.0160976
30 0.2566191 0.3080622 0.0263022 0.0160975
2 0.5244230 0.3080622 0.0263021 0.0160975
5 0.5913739 0.3080622 0.0263022 0.0160975
1 0.4574720 0.4943343 0.0263022 0.0160976
29 0.3905211 0.4322436 0.0263021 0.0160975
26 0.3235701 0.4322436 0.0263022 0.0160975
2 0.6583249 0.3080622 0.0263022 0.0160975
17 0.6583249 0.4943343 0.0263022 0.0160976
14 0.5913739 0.4322436 0.0263022 0.0160975
19 0.5913739 0.2459715 0.0263022 0.0160976
28 0.3235701 0.3080622 0.0263022 0.0160975
3 0.3235701 0.2459715 0.0263022 0.0160976
4 0.5244230 0.2459715 0.0263021 0.0160976
