7 0.0450976 0.2560828 0.0284612 0.0163204
28 0.2624379 0.3819832 0.0284612 0.0163205
32 0.2605664 0.4122925 0.5186327 0.4476459
15 0.1899911 0.2560828 0.0284612 0.0163204
16 0.3348847 0.2560828 0.0284612 0.0163204
19 0.4797783 0.2560828 0.0284612 0.0163204
12 0.0450976 0.3819832 0.0284612 0.0163205
7 0.1175443 0.3819832 0.0284612 0.0163205
22 0.1899911 0.3819832 0.0284612 0.0163205
17 0.4073315 0.4449334 0.0284612 0.0163204
33 0.0450976 0.5078836 0.0672720 0.0629502
17 0.0450976 0.5078836 0.0284612 0.0163205
25 0.1175443 0.5078836 0.0284612 0.0163205
21 0.1899911 0.5078836 0.0284612 0.0163205
9 0.3348847 0.5078836 0.0284612 0.0163205
10 0.1175443 0.5708338 0.0284612 0.0163204
2 0.4073315 0.5708338 0.0284612 0.0163204
11 0.4073315 0.3819832 0.0284612 0.0163205
2 0.2624379 0.5708338 0.0284612 0.0163204
4 0.2624379 0.3190330 0.0284612 0.0163204
30 0.1899911 0.4449334 0.0284612 0.0163204
22 0.4073315 0.2560828 0.0284612 0.0163204
31 0.0450976 0.3190330 0.0284612 0.0163204
10 0.4797783 0.3190330 0.0284612 0.0163204
9 0.4797783 0.4449334 0.0284612 0.0163204
4 0.2624379 0.5078836 0.0284612 0.0163205
26 0.4073315 0.3190330 0.0284612 0.0163204
16 0.1899911 0.3190330 0.0284612 0.0163204
24 0.3348847 0.3819832 0.0284612 0.0163205
20 0.1175443 0.4449334 0.0284612 0.0163204
28 0.1899911 0.5708338 0.0284612 0.0163204
9 0.3348847 0.4449334 0.0284612 0.0163204
30 0.1175443 0.3190330 0.0284612 0.0163204
9 0.2624379 0.2560828 0.0284612 0.0163204
4 0.3348847 0.5708338 0.0284612 0.0163204
23 0.1175443 0.2560828 0.0284612 0.0163204
14 0.0450976 0.5708338 0.0284612 0.0163204
11 0.2624379 0.4449334 0.0284612 0.0163204
20 0.3348847 0.3190330 0.0284612 0.0163204
28 0.4797783 0.5078836 0.0284612 0.0163205
4 0.4797783 0.5708338 0.0284612 0.0163204
4 0.4797783 0.3819832 0.0284612 0.0163205
13 0.0450976 0.4449334 0.0284612 0.0163204
26 0.4073315 0.5078836 0.0284612 0.0163205
