25 0.5471473 0.5214410 0.0271909 0.0157738
3 0.4087210 0.2172320 0.0271909 0.0157738
32 0.5428214 0.3682098 0.5005592 0.4326529
5 0.3395079 0.2172320 0.0271909 0.0157738
23 0.7547866 0.2172320 0.0271909 0.0157738
19 0.4779341 0.3389156 0.0271909 0.0157738
3 0.7547866 0.3389156 0.0271909 0.0157738
25 0.3395079 0.3997574 0.0271909 0.0157738
27 0.5471473 0.3997574 0.0271909 0.0157738
26 0.6163604 0.3997574 0.0271909 0.0157738
33 0.6855735 0.3997574 0.0642693 0.0608418
18 0.6855735 0.3997574 0.0271909 0.0157738
8 0.7547866 0.3997574 0.0271909 0.0157738
7 0.6163604 0.4605992 0.0271909 0.0157738
20 0.7547866 0.4605992 0.0271909 0.0157738
17 0.3395079 0.5214410 0.0271909 0.0157738
12 0.6855735 0.5214410 0.0271909 0.0157738
18 0.6163604 0.2172320 0.0271909 0.0157738
31 0.6855735 0.2780738 0.0271909 0.0157738
26 0.4779341 0.5214410 0.0271909 0.0157738
3 0.6163604 0.5214410 0.0271909 0.0157738
9 0.4087210 0.4605992 0.0271909 0.0157738
28 0.6163604 0.3389156 0.0271909 0.0157738
11 0.4779341 0.2780738 0.0271909 0.0157738
27 0.4779341 0.4605992 0.0271909 0.0157738
28 0.4087210 0.2780738 0.0271909 0.0157738
25 0.4087210 0.3997574 0.0271909 0.0157738
10 0.5471473 0.3389156 0.0271909 0.0157738
22 0.3395079 0.3389156 0.0271909 0.0157738
18 0.6855735 0.3389156 0.0271909 0.0157738
5 0.6855735 0.4605992 0.0271909 0.0157738
11 0.5471473 0.2172320 0.0271909 0.0157738
13 0.6855735 0.2172320 0.0271909 0.0157738
28 0.5471473 0.4605992 0.0271909 0.0157738
30 0.7547866 0.2780738 0.0271909 0.0157738
12 0.7547866 0.5214410 0.0271909 0.0157738
20 0.4087210 0.3389156 0.0271909 0.0157738
23 0.4087210 0.5214410 0.0271909 0.0157738
13 0.4779341 0.3997574 0.0271909 0.0157738
2 0.4779341 0.2172320 0.0271909 0.0157738
29 0.5471473 0.2780738 0.0271909 0.0157738
15 0.3395079 0.2780738 0.0271909 0.0157738
2 0.3395079 0.4605992 0.0271909 0.0157738
17 0.6163604 0.2780738 0.0271909 0.0157738
