27 0.6501828 0.6307736 0.0276331 0.0155763
24 0.2984879 0.4505321 0.0276332 0.0155764
32 0.5051086 0.5996208 0.5087016 0.4272391
3 0.4391658 0.4505321 0.0276332 0.0155764
18 0.5798438 0.4505321 0.0276332 0.0155764
27 0.3688268 0.5106126 0.0276332 0.0155764
20 0.4391658 0.5106126 0.0276332 0.0155764
11 0.4391658 0.5706931 0.0276332 0.0155764
22 0.5095048 0.5706931 0.0276331 0.0155764
33 0.6501828 0.5706931 0.0653147 0.0600805
15 0.6501828 0.5706931 0.0276331 0.0155764
16 0.2984879 0.6307736 0.0276332 0.0155763
9 0.4391658 0.6908541 0.0276332 0.0155764
12 0.5798438 0.6908541 0.0276332 0.0155764
29 0.7205218 0.6908541 0.0276332 0.0155764
25 0.6501828 0.7509346 0.0276331 0.0155763
28 0.7205218 0.7509346 0.0276332 0.0155763
18 0.6501828 0.6908541 0.0276331 0.0155764
7 0.7205218 0.5706931 0.0276332 0.0155764
5 0.5798438 0.5706931 0.0276332 0.0155764
16 0.5798438 0.7509346 0.0276332 0.0155763
25 0.5095048 0.6908541 0.0276331 0.0155764
7 0.5095048 0.4505321 0.0276331 0.0155764
3 0.2984879 0.5706931 0.0276332 0.0155764
29 0.5095048 0.7509346 0.0276331 0.0155763
23 0.5798438 0.5106126 0.0276332 0.0155764
21 0.5798438 0.6307736 0.0276332 0.0155763
26 0.6501828 0.5106126 0.0276331 0.0155764
13 0.6501828 0.4505321 0.0276331 0.0155764
5 0.3688268 0.6908541 0.0276332 0.0155764
2 0.7205218 0.4505321 0.0276332 0.0155764
17 0.3688268 0.6307736 0.0276332 0.0155763
26 0.3688268 0.5706931 0.0276332 0.0155764
2 0.7205218 0.5106126 0.0276332 0.0155764
31 0.5095048 0.6307736 0.0276331 0.0155763
30 0.2984879 0.6908541 0.0276332 0.0155764
31 0.7205218 0.6307736 0.0276332 0.0155763
21 0.3688268 0.7509346 0.0276332 0.0155763
1 0.2984879 0.7509346 0.0276332 0.0155763
2 0.4391658 0.7509346 0.0276332 0.0155763
19 0.5095048 0.5106126 0.0276331 0.0155764
16 0.4391658 0.6307736 0.0276332 0.0155763
30 0.2984879 0.5106126 0.0276332 0.0155764
21 0.3688268 0.4505321 0.0276332 0.0155764
