31 0.4439077 0.5474200 0.0271392 0.0157426
1 0.4439077 0.3652557 0.0271392 0.0157426
32 0.4395900 0.5159348 0.4996084 0.4317969
23 0.6511526 0.3652557 0.0271393 0.0157426
33 0.3057443 0.4259771 0.0641472 0.0607214
6 0.3057443 0.4259771 0.0271392 0.0157426
29 0.4439077 0.4866985 0.0271392 0.0157426
12 0.6511526 0.5474200 0.0271393 0.0157426
2 0.4439077 0.6081414 0.0271392 0.0157426
13 0.6511526 0.6081414 0.0271393 0.0157426
1 0.2366627 0.4866985 0.0271392 0.0157426
6 0.2366627 0.3652557 0.0271392 0.0157426
15 0.5129893 0.6081414 0.0271392 0.0157426
20 0.5129893 0.4866985 0.0271392 0.0157426
2 0.2366627 0.6081414 0.0271392 0.0157426
31 0.3057443 0.3652557 0.0271392 0.0157426
30 0.6511526 0.4866985 0.0271393 0.0157426
6 0.6511526 0.4259771 0.0271393 0.0157426
16 0.2366627 0.4259771 0.0271392 0.0157426
16 0.3057443 0.4866985 0.0271392 0.0157426
3 0.5820710 0.5474200 0.0271392 0.0157426
27 0.3057443 0.6081414 0.0271392 0.0157426
20 0.3748260 0.4866985 0.0271392 0.0157426
6 0.5129893 0.4259771 0.0271392 0.0157426
13 0.5820710 0.4866985 0.0271392 0.0157426
4 0.3748260 0.6081414 0.0271392 0.0157426
24 0.3748260 0.3652557 0.0271392 0.0157426
3 0.3748260 0.4259771 0.0271392 0.0157426
1 0.5129893 0.3652557 0.0271392 0.0157426
29 0.2366627 0.5474200 0.0271392 0.0157426
21 0.5820710 0.3652557 0.0271392 0.0157426
20 0.5820710 0.4259771 0.0271392 0.0157426
18 0.5129893 0.5474200 0.0271392 0.0157426
6 0.3748260 0.5474200 0.0271392 0.0157426
21 0.4439077 0.4259771 0.0271392 0.0157426
31 0.3057443 0.5474200 0.0271392 0.0157426
26 0.5820710 0.6081414 0.0271392 0.0157426
