15 0.3550986 0.5856765 0.0280650 0.0157610
13 0.2836604 0.4032993 0.0280650 0.0157610
32 0.3506338 0.5541545 0.5166515 0.4323016
19 0.5694134 0.4032993 0.0280650 0.0157610
4 0.3550986 0.4640917 0.0280650 0.0157610
5 0.4979751 0.4640917 0.0280650 0.0157610
9 0.4265369 0.5248841 0.0280650 0.0157610
33 0.5694134 0.5248841 0.0663355 0.0607924
22 0.5694134 0.5248841 0.0280650 0.0157610
22 0.5694134 0.5856765 0.0280650 0.0157610
25 0.1407839 0.4640917 0.0280650 0.0157610
8 0.2122222 0.6464689 0.0280650 0.0157610
8 0.1407839 0.6464689 0.0280650 0.0157610
12 0.4979751 0.5856765 0.0280650 0.0157610
30 0.2836604 0.5856765 0.0280650 0.0157610
8 0.2122222 0.4640917 0.0280650 0.0157610
20 0.1407839 0.4032993 0.0280650 0.0157610
18 0.5694134 0.6464689 0.0280650 0.0157610
13 0.4265369 0.4640917 0.0280650 0.0157610
9 0.4265369 0.4032993 0.0280650 0.0157610
10 0.2836604 0.5248841 0.0280650 0.0157610
29 0.4979751 0.5248841 0.0280650 0.0157610
15 0.1407839 0.5248841 0.0280650 0.0157610
14 0.2122222 0.4032993 0.0280650 0.0157610
5 0.2836604 0.6464689 0.0280650 0.0157610
14 0.4979751 0.4032993 0.0280650 0.0157610
26 0.5694134 0.4640917 0.0280650 0.0157610
11 0.4265369 0.5856765 0.0280650 0.0157610
22 0.4979751 0.6464689 0.0280650 0.0157610
12 0.2122222 0.5248841 0.0280650 0.0157610
1 0.3550986 0.6464689 0.0280650 0.0157610
20 0.2122222 0.5856765 0.0280650 0.0157610
5 0.3550986 0.5248841 0.0280650 0.0157610
19 0.3550986 0.4032993 0.0280650 0.0157610
12 0.2836604 0.4640917 0.0280650 0.0157610
4 0.4265369 0.6464689 0.0280650 0.0157610
22 0.1407839 0.5856765 0.0280650 0.0157610
