29 0.2559290 0.4543615 0.0282526 0.0165375
20 0.1840133 0.5133453 0.0282526 0.0154350
32 0.4004025 0.5971353 0.5201044 0.4233603
11 0.1840133 0.4543615 0.0282526 0.0165375
29 0.3997604 0.4543615 0.0282526 0.0165375
2 0.4716760 0.5133453 0.0282526 0.0154350
15 0.4716760 0.5734315 0.0282526 0.0165375
33 0.1840133 0.6919504 0.0667788 0.0595350
7 0.1840133 0.6925016 0.0282526 0.0165375
25 0.2559290 0.6925016 0.0282526 0.0165375
24 0.6155074 0.5734315 0.0282526 0.0165375
12 0.5435917 0.4543615 0.0282526 0.0165375
30 0.5435917 0.5734315 0.0282526 0.0165375
19 0.5435917 0.6925016 0.0282526 0.0165375
28 0.6155074 0.4543615 0.0282526 0.0165375
26 0.3278447 0.6925016 0.0282526 0.0165375
3 0.3278447 0.5133453 0.0282526 0.0154350
22 0.6155074 0.5133453 0.0282526 0.0154350
3 0.3278447 0.4543615 0.0282526 0.0165375
17 0.2559290 0.5734315 0.0282526 0.0165375
18 0.3278447 0.6329666 0.0282526 0.0165375
22 0.4716760 0.4543615 0.0282526 0.0165375
30 0.6155074 0.6329666 0.0282526 0.0165375
26 0.1840133 0.5734315 0.0282526 0.0165375
25 0.5435917 0.6329666 0.0282526 0.0165375
7 0.2559290 0.5133453 0.0282526 0.0154350
1 0.3997604 0.6925016 0.0282526 0.0165375
20 0.3997604 0.5133453 0.0282526 0.0154350
1 0.3997604 0.5734315 0.0282526 0.0165375
10 0.6155074 0.6925016 0.0282526 0.0165375
16 0.1840133 0.6329666 0.0282526 0.0165375
10 0.2559290 0.6329666 0.0282526 0.0165375
28 0.4716760 0.6925016 0.0282526 0.0165375
15 0.4716760 0.6329666 0.0282526 0.0165375
6 0.3278447 0.5734315 0.0282526 0.0165375
10 0.3997604 0.6329666 0.0282526 0.0165375
15 0.5435917 0.5133453 0.0282526 0.0154350
