3 0.3326820 0.2961600 0.0273391 0.0151283
7 0.2630916 0.2378081 0.0273391 0.0151283
32 0.2587422 0.3826073 0.5032876 0.4149470
31 0.2630916 0.2961600 0.0273391 0.0151283
3 0.1935012 0.3545120 0.0273391 0.0151282
13 0.3326820 0.4128639 0.0273391 0.0151282
33 0.4718628 0.4128639 0.0646197 0.0583519
23 0.4718628 0.4128639 0.0273391 0.0151282
8 0.1239108 0.4712158 0.0273391 0.0151283
26 0.1935012 0.4712158 0.0273391 0.0151283
19 0.2630916 0.4712158 0.0273391 0.0151283
27 0.0543204 0.4128639 0.0273391 0.0151282
8 0.1239108 0.2378081 0.0273391 0.0151283
26 0.2630916 0.3545120 0.0273391 0.0151282
14 0.4718628 0.4712158 0.0273391 0.0151283
2 0.1935012 0.4128639 0.0273391 0.0151282
29 0.3326820 0.3545120 0.0273391 0.0151282
9 0.0543204 0.4712158 0.0273391 0.0151283
4 0.2630916 0.4128639 0.0273391 0.0151282
10 0.4718628 0.2378081 0.0273391 0.0151283
7 0.4022724 0.2378081 0.0273391 0.0151283
26 0.0543204 0.3545120 0.0273391 0.0151282
7 0.1239108 0.3545120 0.0273391 0.0151282
20 0.4022724 0.3545120 0.0273391 0.0151282
5 0.1935012 0.2378081 0.0273391 0.0151283
13 0.1935012 0.2961600 0.0273391 0.0151283
11 0.4022724 0.4128639 0.0273391 0.0151282
13 0.0543204 0.2961600 0.0273391 0.0151283
10 0.0543204 0.2378081 0.0273391 0.0151283
7 0.3326820 0.2378081 0.0273391 0.0151283
8 0.3326820 0.4712158 0.0273391 0.0151283
28 0.4022724 0.2961600 0.0273391 0.0151283
11 0.4022724 0.4712158 0.0273391 0.0151283
20 0.1239108 0.2961600 0.0273391 0.0151283
3 0.4718628 0.2961600 0.0273391 0.0151283
29 0.4718628 0.3545120 0.0273391 0.0151282
5 0.1239108 0.4128639 0.0273391 0.0151282
