26 0.5262124 0.4887113 0.0263125 0.0148404
24 0.5931897 0.3742282 0.0263125 0.0148404
32 0.4550491 0.4017889 0.4843890 0.4070510
6 0.3252807 0.2597451 0.0263125 0.0148404
3 0.3252807 0.3169866 0.0263125 0.0148404
5 0.3922579 0.3169866 0.0263125 0.0148404
9 0.5931897 0.3169866 0.0263125 0.0148404
8 0.6601669 0.3169866 0.0263125 0.0148404
1 0.3252807 0.3742282 0.0263125 0.0148404
29 0.4592352 0.3742282 0.0263125 0.0148404
20 0.6601669 0.3742282 0.0263125 0.0148404
22 0.2583034 0.4314698 0.0263125 0.0148404
10 0.5262124 0.4314698 0.0263125 0.0148404
33 0.5931896 0.4314698 0.0621931 0.0572416
30 0.5931897 0.4314698 0.0263125 0.0148404
23 0.2583034 0.4887113 0.0263125 0.0148404
24 0.5931897 0.4887113 0.0263125 0.0148404
3 0.6601669 0.5459529 0.0263125 0.0148404
15 0.4592352 0.4314698 0.0263125 0.0148404
24 0.3922579 0.2597451 0.0263125 0.0148404
30 0.5931897 0.2597451 0.0263125 0.0148404
23 0.3252807 0.5459529 0.0263125 0.0148404
28 0.3252807 0.4314698 0.0263125 0.0148404
24 0.4592352 0.5459529 0.0263125 0.0148404
15 0.2583034 0.2597451 0.0263125 0.0148404
23 0.4592352 0.4887113 0.0263125 0.0148404
27 0.3922579 0.4887113 0.0263125 0.0148404
17 0.5262124 0.5459529 0.0263125 0.0148404
31 0.3252807 0.4887113 0.0263125 0.0148404
19 0.3922579 0.5459529 0.0263125 0.0148404
17 0.5262124 0.2597451 0.0263125 0.0148404
30 0.4592352 0.3169866 0.0263125 0.0148404
4 0.5262124 0.3742282 0.0263125 0.0148404
19 0.4592352 0.2597451 0.0263125 0.0148404
6 0.6601669 0.2597451 0.0263125 0.0148404
24 0.5262124 0.3169866 0.0263125 0.0148404
14 0.3922579 0.3742282 0.0263125 0.0148404
19 0.6601669 0.4314698 0.0263125 0.0148404
24 0.5931897 0.5459529 0.0263125 0.0148404
17 0.3922579 0.4314698 0.0263125 0.0148404
25 0.2583034 0.3169866 0.0263125 0.0148404
27 0.2583034 0.3742282 0.0263125 0.0148404
15 0.6601669 0.4887113 0.0263125 0.0148404
4 0.2583034 0.5459529 0.0263125 0.0148404
