12 0.5586498 0.4571811 0.0274432 0.0167778
8 0.5586498 0.2754221 0.0274432 0.0156592
32 0.6291288 0.3604293 0.5052037 0.4295105
7 0.4887944 0.2155814 0.0274432 0.0167778
14 0.4887944 0.3967811 0.0274432 0.0167778
3 0.5586498 0.3967811 0.0274432 0.0167778
28 0.8380711 0.3967811 0.0274431 0.0167778
25 0.4887944 0.4571811 0.0274432 0.0167778
33 0.6285051 0.4566218 0.0648657 0.0603999
24 0.6285051 0.4571811 0.0274432 0.0167778
1 0.6983604 0.3363812 0.0274432 0.0167778
8 0.8380711 0.2754221 0.0274431 0.0156592
13 0.6285051 0.2155814 0.0274432 0.0167778
18 0.7682158 0.3363812 0.0274432 0.0167778
22 0.5586498 0.2155814 0.0274432 0.0167778
24 0.7682158 0.2754221 0.0274432 0.0156592
3 0.7682158 0.4571811 0.0274432 0.0167778
27 0.8380711 0.3363812 0.0274431 0.0167778
4 0.6983604 0.4571811 0.0274432 0.0167778
23 0.4887944 0.3363812 0.0274432 0.0167778
15 0.7682158 0.2155814 0.0274432 0.0167778
30 0.6983604 0.2754221 0.0274432 0.0156592
22 0.5586498 0.3363812 0.0274432 0.0167778
8 0.4189391 0.3363812 0.0274432 0.0167778
5 0.8380711 0.2155814 0.0274431 0.0167778
13 0.6983604 0.3967811 0.0274432 0.0167778
10 0.8380711 0.4571811 0.0274431 0.0167778
20 0.6983604 0.2155814 0.0274432 0.0167778
12 0.4887944 0.2754221 0.0274432 0.0156592
18 0.4189391 0.2155814 0.0274432 0.0167778
31 0.4189391 0.3967811 0.0274432 0.0167778
29 0.6285051 0.2754221 0.0274432 0.0156592
18 0.6285051 0.3967811 0.0274432 0.0167778
19 0.4189391 0.4571811 0.0274432 0.0167778
23 0.4189391 0.2754221 0.0274432 0.0156592
18 0.7682158 0.3967811 0.0274432 0.0167778
27 0.6285051 0.3363812 0.0274432 0.0167778
