28 0.3308768 0.3625143 0.0269816 0.0157393
15 0.3995572 0.5446409 0.0269816 0.0157393
32 0.4639451 0.5131622 0.4967064 0.4317075
3 0.2621964 0.3625143 0.0269816 0.0157393
10 0.3308768 0.4232232 0.0269816 0.0157393
26 0.3995572 0.4232232 0.0269816 0.0157393
33 0.6742787 0.4232232 0.0637746 0.0607089
4 0.6742787 0.4232232 0.0269816 0.0157393
23 0.3308768 0.4839320 0.0269816 0.0157393
21 0.4682376 0.5446409 0.0269816 0.0157393
8 0.6055984 0.5446409 0.0269816 0.0157393
10 0.6055984 0.6053498 0.0269816 0.0157393
5 0.3308768 0.6053498 0.0269816 0.0157393
7 0.4682376 0.3625143 0.0269816 0.0157393
4 0.5369180 0.4839320 0.0269816 0.0157393
28 0.6742787 0.6053498 0.0269816 0.0157393
14 0.5369180 0.4232232 0.0269816 0.0157393
28 0.6742787 0.3625143 0.0269816 0.0157393
17 0.3995572 0.4839320 0.0269816 0.0157393
31 0.6742787 0.4839320 0.0269816 0.0157393
8 0.6055984 0.3625143 0.0269816 0.0157393
5 0.2621964 0.4839320 0.0269816 0.0157393
27 0.5369180 0.6053498 0.0269816 0.0157393
11 0.2621964 0.6053498 0.0269816 0.0157393
11 0.5369180 0.3625143 0.0269816 0.0157393
29 0.3995572 0.3625143 0.0269816 0.0157393
4 0.3995572 0.6053498 0.0269816 0.0157393
27 0.4682376 0.4839320 0.0269816 0.0157393
22 0.4682376 0.4232232 0.0269816 0.0157393
8 0.3308768 0.5446409 0.0269816 0.0157393
11 0.5369180 0.5446409 0.0269816 0.0157393
5 0.2621964 0.4232232 0.0269816 0.0157393
14 0.6742787 0.5446409 0.0269816 0.0157393
5 0.6055984 0.4839320 0.0269816 0.0157393
25 0.2621964 0.5446409 0.0269816 0.0157393
19 0.6055984 0.4232232 0.0269816 0.0157393
13 0.4682376 0.6053498 0.0269816 0.0157393
