7 0.4752545 0.4167726 0.0270320 0.0156665
23 0.4064458 0.5376285 0.0270320 0.0156665
32 0.2645281 0.5667235 0.4976339 0.4297100
17 0.0624027 0.4167726 0.0270320 0.0156665
19 0.2000200 0.4167726 0.0270320 0.0156665
31 0.1312113 0.4772006 0.0270320 0.0156665
1 0.2688286 0.4772006 0.0270320 0.0156665
29 0.4752545 0.4772006 0.0270320 0.0156665
13 0.0624027 0.5376285 0.0270320 0.0156665
5 0.2688286 0.5376285 0.0270320 0.0156665
12 0.4752545 0.5376285 0.0270320 0.0156665
11 0.2688286 0.6584845 0.0270320 0.0156665
10 0.4064458 0.6584845 0.0270320 0.0156665
26 0.2000200 0.7189125 0.0270320 0.0156665
2 0.3376373 0.7189125 0.0270320 0.0156665
33 0.4752545 0.7189125 0.0638937 0.0604280
23 0.4752545 0.7189125 0.0270320 0.0156665
4 0.4064458 0.4772006 0.0270320 0.0156665
14 0.1312113 0.4167726 0.0270320 0.0156665
17 0.4064458 0.7189125 0.0270320 0.0156665
16 0.1312113 0.5980565 0.0270320 0.0156665
27 0.3376373 0.5376285 0.0270320 0.0156665
29 0.0624027 0.4772006 0.0270320 0.0156665
20 0.1312113 0.5376285 0.0270320 0.0156665
4 0.4752545 0.5980565 0.0270320 0.0156665
16 0.2688286 0.4167726 0.0270320 0.0156665
19 0.3376373 0.5980565 0.0270320 0.0156665
17 0.1312113 0.6584845 0.0270320 0.0156665
31 0.2000200 0.6584845 0.0270320 0.0156665
27 0.3376373 0.6584845 0.0270320 0.0156665
31 0.4752545 0.6584845 0.0270320 0.0156665
19 0.3376373 0.4167726 0.0270320 0.0156665
6 0.1312113 0.7189125 0.0270320 0.0156665
23 0.2688286 0.5980565 0.0270320 0.0156665
28 0.0624027 0.7189125 0.0270320 0.0156665
16 0.0624027 0.5980565 0.0270320 0.0156665
26 0.4064458 0.5980565 0.0270320 0.0156665
16 0.2000200 0.5376285 0.0270320 0.0156665
21 0.2000200 0.4772006 0.0270320 0.0156665
30 0.2688286 0.7189125 0.0270320 0.0156665
18 0.3376373 0.4772006 0.0270320 0.0156665
24 0.2000200 0.5980565 0.0270320 0.0156665
6 0.0624027 0.6584845 0.0270320 0.0156665
15 0.4064458 0.4167726 0.0270320 0.0156665
