14 0.3355924 0.5534748 0.0272025 0.0151166
20 0.4048350 0.4368610 0.0272024 0.0151166
32 0.2620222 0.5815485 0.5007721 0.4146270
15 0.3355924 0.4951679 0.0272025 0.0151166
33 0.0586222 0.5534748 0.0642967 0.0583070
11 0.0586222 0.5534748 0.0272024 0.0151166
11 0.1278647 0.5534748 0.0272024 0.0151166
21 0.1971073 0.6117818 0.0272024 0.0151166
31 0.2663499 0.6117818 0.0272024 0.0151166
3 0.2663499 0.6700887 0.0272024 0.0151166
28 0.4740776 0.4368610 0.0272025 0.0151166
7 0.4048350 0.6700887 0.0272024 0.0151166
20 0.1278647 0.4368610 0.0272024 0.0151166
27 0.3355924 0.4368610 0.0272025 0.0151166
13 0.4048350 0.6117818 0.0272024 0.0151166
24 0.2663499 0.5534748 0.0272024 0.0151166
14 0.1971073 0.4951679 0.0272024 0.0151166
29 0.0586222 0.6700887 0.0272024 0.0151166
7 0.2663499 0.4368610 0.0272024 0.0151166
24 0.4048350 0.5534748 0.0272024 0.0151166
16 0.3355924 0.6700887 0.0272025 0.0151166
29 0.1971073 0.4368610 0.0272024 0.0151166
30 0.1278647 0.4951679 0.0272024 0.0151166
16 0.4740776 0.6700887 0.0272025 0.0151166
15 0.1971073 0.5534748 0.0272024 0.0151166
5 0.2663499 0.4951679 0.0272024 0.0151166
29 0.4740776 0.6117818 0.0272025 0.0151166
4 0.4740776 0.5534748 0.0272025 0.0151166
25 0.4740776 0.4951679 0.0272025 0.0151166
26 0.3355924 0.6117818 0.0272025 0.0151166
25 0.0586222 0.4368610 0.0272024 0.0151166
1 0.4048350 0.4951679 0.0272024 0.0151166
30 0.0586222 0.4951679 0.0272024 0.0151166
3 0.1278647 0.6117818 0.0272024 0.0151166
16 0.0586222 0.6117818 0.0272024 0.0151166
28 0.1971073 0.6700887 0.0272024 0.0151166
30 0.1278647 0.6700887 0.0272024 0.0151166
