19 0.3694148 0.3192506 0.0268498 0.0159261
1 0.3010699 0.4421092 0.0268498 0.0159261
32 0.4334882 0.4716863 0.4942801 0.4368305
18 0.5061046 0.3192506 0.0268497 0.0159261
31 0.6427945 0.3192506 0.0268497 0.0159261
22 0.4377597 0.3806799 0.0268497 0.0159261
2 0.6427945 0.3806799 0.0268497 0.0159261
5 0.4377597 0.4421092 0.0268497 0.0159261
10 0.5061046 0.4421092 0.0268497 0.0159261
3 0.3694148 0.5035385 0.0268498 0.0159261
20 0.4377597 0.5035385 0.0268497 0.0159261
33 0.5061047 0.5035385 0.0634631 0.0614293
7 0.5061046 0.5035385 0.0268497 0.0159261
23 0.5744495 0.5035385 0.0268498 0.0159261
12 0.5061046 0.5649678 0.0268497 0.0159261
25 0.5061046 0.6263970 0.0268497 0.0159261
21 0.5744495 0.6263970 0.0268498 0.0159261
23 0.3694148 0.5649678 0.0268498 0.0159261
13 0.5744495 0.3806799 0.0268498 0.0159261
4 0.3694148 0.4421092 0.0268498 0.0159261
23 0.3010699 0.3806799 0.0268498 0.0159261
7 0.2327250 0.5035385 0.0268498 0.0159261
14 0.6427945 0.6263970 0.0268497 0.0159261
8 0.3010699 0.5649678 0.0268498 0.0159261
17 0.5744495 0.3192506 0.0268498 0.0159261
27 0.6427945 0.5035385 0.0268497 0.0159261
17 0.3694148 0.3806799 0.0268498 0.0159261
6 0.3010699 0.6263970 0.0268498 0.0159261
5 0.6427945 0.5649678 0.0268497 0.0159261
20 0.2327250 0.6263970 0.0268498 0.0159261
28 0.4377597 0.3192506 0.0268497 0.0159261
31 0.4377597 0.6263970 0.0268497 0.0159261
29 0.3694148 0.6263970 0.0268498 0.0159261
13 0.4377597 0.5649678 0.0268497 0.0159261
27 0.6427945 0.4421092 0.0268497 0.0159261
31 0.3010699 0.3192506 0.0268498 0.0159261
21 0.5744495 0.5649678 0.0268498 0.0159261
6 0.2327250 0.5649678 0.0268498 0.0159261
18 0.2327250 0.3192506 0.0268498 0.0159261
27 0.3010699 0.5035385 0.0268498 0.0159261
17 0.2327250 0.3806799 0.0268498 0.0159261
31 0.5744495 0.4421092 0.0268498 0.0159261
8 0.2327250 0.4421092 0.0268498 0.0159261
20 0.5061046 0.3806799 0.0268497 0.0159261
