14 0.7260185 0.2866386 0.0265592 0.0154886
28 0.7936239 0.4658641 0.0265593 0.0154886
32 0.5865823 0.4348868 0.4889319 0.4248309
33 0.3879915 0.2866385 0.0627765 0.0597419
13 0.3879915 0.2866386 0.0265593 0.0154886
4 0.5908077 0.3463804 0.0265593 0.0154886
21 0.6584131 0.3463804 0.0265593 0.0154886
5 0.7260185 0.3463804 0.0265592 0.0154886
19 0.5232023 0.4061223 0.0265593 0.0154886
11 0.7936239 0.4061223 0.0265593 0.0154886
10 0.4555969 0.5256060 0.0265593 0.0154886
28 0.5232023 0.2866386 0.0265593 0.0154886
31 0.5908077 0.2866386 0.0265593 0.0154886
6 0.4555969 0.4658641 0.0265593 0.0154886
3 0.7260185 0.5256060 0.0265592 0.0154886
3 0.3879915 0.5256060 0.0265593 0.0154886
25 0.7260185 0.4061223 0.0265592 0.0154886
16 0.5908077 0.4061223 0.0265593 0.0154886
2 0.6584131 0.4658641 0.0265593 0.0154886
16 0.6584131 0.5256060 0.0265593 0.0154886
6 0.6584131 0.4061223 0.0265593 0.0154886
8 0.4555969 0.2866386 0.0265593 0.0154886
31 0.5232023 0.4658641 0.0265593 0.0154886
20 0.7936239 0.2866386 0.0265593 0.0154886
6 0.3879915 0.3463804 0.0265593 0.0154886
15 0.4555969 0.3463804 0.0265593 0.0154886
3 0.4555969 0.4061223 0.0265593 0.0154886
2 0.5908077 0.5256060 0.0265593 0.0154886
29 0.5232023 0.5256060 0.0265593 0.0154886
13 0.6584131 0.2866386 0.0265593 0.0154886
18 0.5908077 0.4658641 0.0265593 0.0154886
28 0.3879915 0.4658641 0.0265593 0.0154886
12 0.3879915 0.4061223 0.0265593 0.0154886
13 0.5232023 0.3463804 0.0265593 0.0154886
9 0.7936239 0.5256060 0.0265593 0.0154886
28 0.7260185 0.4658641 0.0265592 0.0154886
12 0.7936239 0.3463804 0.0265593 0.0154886
