15 0.6238250 0.5327669 0.0272236 0.0153233
6 0.5545287 0.5918711 0.0272235 0.0153233
32 0.4809013 0.5021203 0.5011611 0.4202964
1 0.4159360 0.3554544 0.0272235 0.0153233
33 0.4159360 0.4145585 0.0643466 0.0591042
26 0.4159360 0.4145585 0.0272235 0.0153233
21 0.2773433 0.4736627 0.0272236 0.0153234
23 0.4852323 0.4736627 0.0272235 0.0153234
8 0.4159360 0.5327669 0.0272235 0.0153233
20 0.3466396 0.5918711 0.0272235 0.0153233
6 0.6931213 0.3554544 0.0272236 0.0153233
4 0.6931213 0.5327669 0.0272236 0.0153233
13 0.6931213 0.4145585 0.0272236 0.0153233
16 0.3466396 0.3554544 0.0272235 0.0153233
3 0.5545287 0.5327669 0.0272235 0.0153233
28 0.6238250 0.5918711 0.0272236 0.0153233
21 0.4852323 0.4145585 0.0272235 0.0153233
1 0.2773433 0.4145585 0.0272236 0.0153233
19 0.6238250 0.3554544 0.0272236 0.0153233
16 0.6931213 0.5918711 0.0272236 0.0153233
19 0.6238250 0.4145585 0.0272236 0.0153233
31 0.2773433 0.3554544 0.0272236 0.0153233
27 0.2773433 0.5327669 0.0272236 0.0153233
15 0.3466396 0.5327669 0.0272235 0.0153233
3 0.2773433 0.5918711 0.0272236 0.0153233
7 0.4852323 0.5327669 0.0272235 0.0153233
24 0.4159360 0.4736627 0.0272235 0.0153234
17 0.4852323 0.5918711 0.0272235 0.0153233
15 0.5545287 0.3554544 0.0272235 0.0153233
30 0.4159360 0.5918711 0.0272235 0.0153233
15 0.6238250 0.4736627 0.0272236 0.0153234
3 0.6931213 0.4736627 0.0272236 0.0153234
19 0.3466396 0.4145585 0.0272235 0.0153233
14 0.5545287 0.4736627 0.0272235 0.0153234
13 0.3466396 0.4736627 0.0272235 0.0153234
15 0.5545287 0.4145585 0.0272235 0.0153233
5 0.4852323 0.3554544 0.0272235 0.0153233
