15 0.4795784 0.5673838 0.0285211 0.0153372
27 0.4069793 0.5082261 0.0285211 0.0153372
32 0.5476400 0.5367095 0.5250471 0.4206773
23 0.6247766 0.3899106 0.0285210 0.0153372
13 0.6973756 0.3899106 0.0285211 0.0153372
7 0.3343802 0.4490684 0.0285211 0.0153372
18 0.4795784 0.4490684 0.0285211 0.0153372
16 0.7699748 0.4490684 0.0285210 0.0153372
29 0.6247766 0.5082261 0.0285210 0.0153372
1 0.5521775 0.6265416 0.0285210 0.0153372
10 0.6973756 0.6265416 0.0285211 0.0153372
19 0.7699748 0.6265416 0.0285210 0.0153372
31 0.3343802 0.6856993 0.0285211 0.0153372
3 0.6247766 0.6856993 0.0285210 0.0153372
12 0.6973756 0.6856993 0.0285211 0.0153372
33 0.7699747 0.6856993 0.0674135 0.0591577
7 0.7699748 0.6856993 0.0285210 0.0153372
3 0.6973756 0.5082261 0.0285211 0.0153372
6 0.7699748 0.5673838 0.0285210 0.0153372
29 0.4795784 0.6856993 0.0285211 0.0153372
24 0.4069793 0.6265416 0.0285211 0.0153372
7 0.4069793 0.6856993 0.0285211 0.0153372
30 0.6247766 0.5673838 0.0285210 0.0153372
31 0.5521775 0.5082261 0.0285210 0.0153372
29 0.3343802 0.5082261 0.0285211 0.0153372
19 0.5521775 0.5673838 0.0285210 0.0153372
1 0.4069793 0.4490684 0.0285211 0.0153372
24 0.5521775 0.6856993 0.0285210 0.0153372
5 0.5521775 0.4490684 0.0285210 0.0153372
17 0.7699748 0.5082261 0.0285210 0.0153372
26 0.4795784 0.5082261 0.0285211 0.0153372
15 0.4795784 0.6265416 0.0285211 0.0153372
13 0.4069793 0.3899106 0.0285211 0.0153372
2 0.6973756 0.4490684 0.0285211 0.0153372
16 0.3343802 0.5673838 0.0285211 0.0153372
14 0.3343802 0.6265416 0.0285211 0.0153372
2 0.4069793 0.5673838 0.0285211 0.0153372
15 0.6247766 0.6265416 0.0285210 0.0153372
28 0.3343802 0.3899106 0.0285211 0.0153372
1 0.7699748 0.3899106 0.0285210 0.0153372
16 0.5521775 0.3899106 0.0285210 0.0153372
24 0.4795784 0.3899106 0.0285211 0.0153372
1 0.6973756 0.5673838 0.0285211 0.0153372
13 0.6247766 0.4490684 0.0285210 0.0153372
