9 0.7114642 0.4500183 0.0268555 0.0160699
10 0.6431047 0.6235737 0.0268555 0.0160700
32 0.5753555 0.5887556 0.4943857 0.4113908
16 0.7798238 0.4500183 0.0268555 0.0160699
19 0.3696667 0.5073344 0.0268555 0.0149986
14 0.5063857 0.5073344 0.0268555 0.0149986
25 0.6431047 0.5073344 0.0268555 0.0149986
28 0.7798238 0.5073344 0.0268555 0.0149986
12 0.7798238 0.5657219 0.0268555 0.0160700
7 0.5063857 0.6235737 0.0268555 0.0160700
6 0.5747452 0.6235737 0.0268555 0.0160700
18 0.3696667 0.6814256 0.0268555 0.0160700
33 0.7798238 0.6808899 0.0634766 0.0578518
3 0.7798238 0.6814256 0.0268555 0.0160700
13 0.5747452 0.7387417 0.0268555 0.0149986
2 0.6431047 0.7387417 0.0268555 0.0149986
20 0.7114642 0.7387417 0.0268555 0.0149986
26 0.4380262 0.6814256 0.0268555 0.0160700
21 0.3696667 0.5657219 0.0268555 0.0160700
5 0.7114642 0.5657219 0.0268555 0.0160700
30 0.6431047 0.4500183 0.0268555 0.0160699
21 0.4380262 0.5073344 0.0268555 0.0149986
16 0.5747452 0.5657219 0.0268555 0.0160700
18 0.4380262 0.4500183 0.0268555 0.0160699
28 0.4380262 0.5657219 0.0268555 0.0160700
31 0.5063857 0.7387417 0.0268555 0.0149986
29 0.4380262 0.6235737 0.0268555 0.0160700
27 0.4380262 0.7387417 0.0268555 0.0149986
23 0.7114642 0.6235737 0.0268555 0.0160700
13 0.3696667 0.4500183 0.0268555 0.0160699
23 0.6431047 0.5657219 0.0268555 0.0160700
15 0.5747452 0.5073344 0.0268555 0.0149986
1 0.3696667 0.7387417 0.0268555 0.0149986
26 0.6431047 0.6814256 0.0268555 0.0160700
8 0.5063857 0.6814256 0.0268555 0.0160700
13 0.7114642 0.5073344 0.0268555 0.0149986
23 0.7114642 0.6814256 0.0268555 0.0160700
16 0.5063857 0.5657219 0.0268555 0.0160700
15 0.5747452 0.4500183 0.0268555 0.0160699
8 0.5063857 0.4500183 0.0268555 0.0160699
17 0.3696667 0.6235737 0.0268555 0.0160700
11 0.7798238 0.7387417 0.0268555 0.0149986
27 0.7798238 0.6235737 0.0268555 0.0160700
25 0.5747452 0.6814256 0.0268555 0.0160700
