28 0.4770770 0.6028212 0.0268547 0.0168582
3 0.4087196 0.7242002 0.0268547 0.0168582
32 0.6144021 0.6269846 0.4943702 0.4315693
33 0.5454344 0.4808804 0.0634747 0.0606894
10 0.5454344 0.4814424 0.0268546 0.0168582
30 0.7505064 0.4814424 0.0268546 0.0168582
5 0.6137917 0.5415699 0.0268547 0.0157343
7 0.6821491 0.5415699 0.0268547 0.0157343
3 0.6821491 0.7242002 0.0268547 0.0168582
31 0.8188638 0.7242002 0.0268546 0.0168582
9 0.5454344 0.5415699 0.0268546 0.0157343
6 0.6137917 0.6028212 0.0268547 0.0168582
6 0.4087196 0.5415699 0.0268547 0.0157343
28 0.6821491 0.6028212 0.0268547 0.0168582
30 0.7505064 0.6028212 0.0268546 0.0168582
11 0.5454344 0.6635107 0.0268546 0.0168582
23 0.4087196 0.6028212 0.0268547 0.0168582
7 0.4087196 0.6635107 0.0268547 0.0168582
15 0.4770770 0.6635107 0.0268547 0.0168582
2 0.8188638 0.6635107 0.0268546 0.0168582
16 0.7505064 0.7242002 0.0268546 0.0168582
11 0.8188638 0.5415699 0.0268546 0.0157343
8 0.4770770 0.5415699 0.0268547 0.0157343
18 0.4770770 0.4814424 0.0268547 0.0168582
25 0.4770770 0.7242002 0.0268547 0.0168582
25 0.8188638 0.4814424 0.0268546 0.0168582
29 0.4087196 0.4814424 0.0268547 0.0168582
17 0.5454344 0.6028212 0.0268546 0.0168582
21 0.7505064 0.5415699 0.0268546 0.0157343
3 0.6821491 0.4814424 0.0268547 0.0168582
26 0.5454344 0.7242002 0.0268546 0.0168582
4 0.6137917 0.7242002 0.0268547 0.0168582
12 0.6137917 0.6635107 0.0268547 0.0168582
29 0.6821491 0.6635107 0.0268547 0.0168582
17 0.6137917 0.4814424 0.0268547 0.0168582
18 0.8188638 0.6028212 0.0268546 0.0168582
17 0.7505064 0.6635107 0.0268546 0.0168582
