11 0.2741823 0.7124835 0.0279548 0.0161694
25 0.3453399 0.4630133 0.0279548 0.0161694
32 0.3408925 0.6177772 0.5146215 0.4435025
18 0.1318672 0.5253809 0.0279547 0.0161694
33 0.2030248 0.5877483 0.0660748 0.0623676
19 0.2030248 0.5877483 0.0279548 0.0161694
15 0.5588125 0.5877483 0.0279548 0.0161694
24 0.2030248 0.6501160 0.0279548 0.0161694
8 0.3453399 0.7124835 0.0279548 0.0161694
3 0.4876550 0.7124835 0.0279548 0.0161694
28 0.2741823 0.5877483 0.0279548 0.0161694
15 0.1318672 0.6501160 0.0279547 0.0161694
30 0.3453399 0.5253809 0.0279548 0.0161694
4 0.1318672 0.5877483 0.0279547 0.0161694
25 0.2030248 0.5253809 0.0279548 0.0161694
22 0.1318672 0.4630133 0.0279547 0.0161694
10 0.5588125 0.7124835 0.0279548 0.0161694
21 0.5588125 0.6501160 0.0279548 0.0161694
9 0.1318672 0.7124835 0.0279547 0.0161694
14 0.2741823 0.5253809 0.0279548 0.0161694
18 0.4876550 0.6501160 0.0279548 0.0161694
21 0.5588125 0.5253809 0.0279548 0.0161694
19 0.2030248 0.7124835 0.0279548 0.0161694
25 0.4164974 0.4630133 0.0279548 0.0161694
31 0.4164974 0.6501160 0.0279548 0.0161694
3 0.4164974 0.7124835 0.0279548 0.0161694
10 0.4164974 0.5253809 0.0279548 0.0161694
28 0.4164974 0.5877483 0.0279548 0.0161694
8 0.3453399 0.6501160 0.0279548 0.0161694
9 0.2741823 0.4630133 0.0279548 0.0161694
2 0.4876550 0.5877483 0.0279548 0.0161694
18 0.5588125 0.4630133 0.0279548 0.0161694
3 0.2741823 0.6501160 0.0279548 0.0161694
5 0.4876550 0.4630133 0.0279548 0.0161694
3 0.4876550 0.5253809 0.0279548 0.0161694
13 0.3453399 0.5877483 0.0279548 0.0161694
5 0.2030248 0.4630133 0.0279548 0.0161694
