9 0.3426381 0.7357422 0.0279007 0.0156611
26 0.4136581 0.5545207 0.0279007 0.0156611
32 0.4092194 0.5836056 0.5136272 0.4295620
16 0.4846782 0.4337063 0.0279008 0.0156611
18 0.2005980 0.4941135 0.0279008 0.0156611
6 0.3426381 0.4941135 0.0279007 0.0156611
4 0.4846782 0.4941135 0.0279008 0.0156611
19 0.5556983 0.4941135 0.0279007 0.0156611
29 0.5556983 0.5545207 0.0279007 0.0156611
21 0.3426381 0.6149278 0.0279007 0.0156611
33 0.4136582 0.6149278 0.0659472 0.0604072
1 0.4136581 0.6149278 0.0279007 0.0156611
7 0.2716180 0.6753350 0.0279007 0.0156611
13 0.3426381 0.6753350 0.0279007 0.0156611
30 0.5556983 0.6753350 0.0279007 0.0156611
8 0.4136581 0.7357422 0.0279007 0.0156611
9 0.6267184 0.7357422 0.0279008 0.0156611
13 0.4136581 0.6753350 0.0279007 0.0156611
27 0.4136581 0.4337063 0.0279007 0.0156611
9 0.2716180 0.6149278 0.0279007 0.0156611
17 0.6267184 0.6753350 0.0279008 0.0156611
12 0.2005980 0.6149278 0.0279008 0.0156611
4 0.5556983 0.6149278 0.0279007 0.0156611
26 0.4846782 0.6753350 0.0279008 0.0156611
26 0.2716180 0.4941135 0.0279007 0.0156611
28 0.6267184 0.4941135 0.0279008 0.0156611
13 0.5556983 0.7357422 0.0279007 0.0156611
9 0.4136581 0.4941135 0.0279007 0.0156611
25 0.4846782 0.7357422 0.0279008 0.0156611
6 0.3426381 0.5545207 0.0279007 0.0156611
27 0.2005980 0.4337063 0.0279008 0.0156611
1 0.2716180 0.5545207 0.0279007 0.0156611
20 0.5556983 0.4337063 0.0279007 0.0156611
3 0.6267184 0.6149278 0.0279008 0.0156611
13 0.4846782 0.5545207 0.0279008 0.0156611
20 0.2716180 0.7357422 0.0279007 0.0156611
18 0.2005980 0.6753350 0.0279008 0.0156611
10 0.4846782 0.6149278 0.0279008 0.0156611
4 0.2005980 0.5545207 0.0279008 0.0156611
27 0.2005980 0.7357422 0.0279008 0.0156611
29 0.2716180 0.4337063 0.0279007 0.0156611
29 0.6267184 0.5545207 0.0279008 0.0156611
17 0.6267184 0.4337063 0.0279008 0.0156611
1 0.3426381 0.4337063 0.0279007 0.0156611
