23 0.5552536 0.2747007 0.0283804 0.0151807
27 0.1940486 0.3337968 0.0283804 0.0162650
32 0.3391756 0.3571100 0.5224572 0.4163836
3 0.3385306 0.2166889 0.0283804 0.0162650
18 0.2662896 0.2747007 0.0283804 0.0151807
33 0.3385306 0.2747007 0.0670809 0.0585539
12 0.3385306 0.2747007 0.0283804 0.0151807
22 0.3385306 0.3337968 0.0283804 0.0162650
9 0.4107716 0.3923508 0.0283804 0.0162650
10 0.3385306 0.4509047 0.0283804 0.0162650
21 0.4107716 0.2166889 0.0283804 0.0162650
29 0.4830126 0.2166889 0.0283804 0.0162650
24 0.5552536 0.4509047 0.0283804 0.0162650
7 0.1218077 0.4509047 0.0283804 0.0162650
1 0.1218077 0.2166889 0.0283804 0.0162650
31 0.2662896 0.2166889 0.0283804 0.0162650
20 0.1218077 0.3337968 0.0283804 0.0162650
29 0.5552536 0.3923508 0.0283804 0.0162650
9 0.1940486 0.2747007 0.0283804 0.0151807
22 0.5552536 0.3337968 0.0283804 0.0162650
1 0.4107716 0.4509047 0.0283804 0.0162650
16 0.4830126 0.2747007 0.0283804 0.0151807
10 0.4107716 0.2747007 0.0283804 0.0151807
16 0.1218077 0.2747007 0.0283804 0.0151807
21 0.2662896 0.4509047 0.0283804 0.0162650
26 0.1940486 0.2166889 0.0283804 0.0162650
16 0.2662896 0.3337968 0.0283804 0.0162650
28 0.3385306 0.3923508 0.0283804 0.0162650
20 0.5552536 0.2166889 0.0283804 0.0162650
20 0.4830126 0.3923508 0.0283804 0.0162650
22 0.4830126 0.3337968 0.0283804 0.0162650
18 0.4830126 0.4509047 0.0283804 0.0162650
28 0.1940486 0.3923508 0.0283804 0.0162650
19 0.2662896 0.3923508 0.0283804 0.0162650
7 0.1218077 0.3923508 0.0283804 0.0162650
29 0.1940486 0.4509047 0.0283804 0.0162650
30 0.4107716 0.3337968 0.0283804 0.0162650
