20 0.4948820 0.3096720 0.0271067 0.0163273
23 0.1498882 0.3726489 0.0271067 0.0163274
32 0.3525721 0.4029711 0.4990089 0.4478361
13 0.4258833 0.2466950 0.0271066 0.0163273
7 0.5638808 0.2466950 0.0271067 0.0163273
25 0.4948820 0.3726489 0.0271067 0.0163274
21 0.2878857 0.4356258 0.0271066 0.0163274
8 0.4258833 0.4986028 0.0271066 0.0163274
33 0.4948820 0.4986028 0.0640703 0.0629770
14 0.4948820 0.4986028 0.0271067 0.0163274
8 0.4948820 0.4356258 0.0271067 0.0163274
8 0.1498882 0.3096720 0.0271067 0.0163273
11 0.2188869 0.3096720 0.0271067 0.0163273
24 0.2188869 0.4986028 0.0271067 0.0163274
11 0.5638808 0.4356258 0.0271067 0.0163274
16 0.1498882 0.2466950 0.0271067 0.0163273
1 0.2878857 0.3096720 0.0271066 0.0163273
4 0.4258833 0.4356258 0.0271066 0.0163274
22 0.3568845 0.4356258 0.0271067 0.0163274
8 0.2878857 0.3726489 0.0271066 0.0163274
22 0.3568845 0.2466950 0.0271067 0.0163273
13 0.3568845 0.3726489 0.0271067 0.0163274
14 0.2188869 0.2466950 0.0271067 0.0163273
20 0.2878857 0.4986028 0.0271066 0.0163274
8 0.5638808 0.3726489 0.0271067 0.0163274
22 0.2188869 0.3726489 0.0271067 0.0163274
12 0.3568845 0.4986028 0.0271067 0.0163274
2 0.3568845 0.3096720 0.0271067 0.0163273
20 0.5638808 0.3096720 0.0271067 0.0163273
31 0.1498882 0.4356258 0.0271067 0.0163274
2 0.1498882 0.4986028 0.0271067 0.0163274
17 0.4258833 0.3096720 0.0271066 0.0163273
29 0.5638808 0.4986028 0.0271067 0.0163274
9 0.4258833 0.3726489 0.0271066 0.0163274
20 0.2878857 0.2466950 0.0271066 0.0163273
19 0.4948820 0.2466950 0.0271067 0.0163273
14 0.2188869 0.4356258 0.0271067 0.0163274
