12 0.4055551 0.7024463 0.0264467 0.0154576
31 0.2709173 0.4639574 0.0264467 0.0154576
32 0.2667099 0.5522866 0.4868600 0.4239802
14 0.1362794 0.4043352 0.0264467 0.0154576
31 0.3382362 0.4043352 0.0264467 0.0154576
7 0.0689605 0.4639574 0.0264467 0.0154576
17 0.4055551 0.4639574 0.0264467 0.0154576
11 0.0689605 0.5235796 0.0264467 0.0154576
15 0.2035984 0.5235796 0.0264467 0.0154576
13 0.1362794 0.5832018 0.0264467 0.0154576
22 0.2035984 0.5832018 0.0264467 0.0154576
23 0.2709173 0.5832018 0.0264467 0.0154576
19 0.4728741 0.5832018 0.0264467 0.0154576
10 0.2035984 0.6428240 0.0264467 0.0154576
33 0.2709173 0.7024463 0.0625104 0.0596223
18 0.2709173 0.7024463 0.0264467 0.0154576
8 0.4728741 0.7024463 0.0264467 0.0154576
16 0.2709173 0.5235796 0.0264467 0.0154576
26 0.2035984 0.4043352 0.0264467 0.0154576
22 0.4055551 0.5832018 0.0264467 0.0154576
2 0.2709173 0.4043352 0.0264467 0.0154576
30 0.4055551 0.4043352 0.0264467 0.0154576
29 0.4055551 0.5235796 0.0264467 0.0154576
28 0.3382362 0.6428240 0.0264467 0.0154576
4 0.0689605 0.7024463 0.0264467 0.0154576
5 0.3382362 0.5832018 0.0264467 0.0154576
16 0.1362794 0.7024463 0.0264467 0.0154576
21 0.1362794 0.4639574 0.0264467 0.0154576
12 0.1362794 0.5235796 0.0264467 0.0154576
3 0.4728741 0.4639574 0.0264467 0.0154576
15 0.4055551 0.6428240 0.0264467 0.0154576
20 0.0689605 0.5832018 0.0264467 0.0154576
29 0.2709173 0.6428240 0.0264467 0.0154576
28 0.4728741 0.4043352 0.0264467 0.0154576
10 0.2035984 0.7024463 0.0264467 0.0154576
25 0.3382362 0.5235796 0.0264467 0.0154576
6 0.0689605 0.4043352 0.0264467 0.0154576
18 0.0689605 0.6428240 0.0264467 0.0154576
20 0.3382362 0.4639574 0.0264467 0.0154576
11 0.4728741 0.6428240 0.0264467 0.0154576
5 0.3382362 0.7024463 0.0264467 0.0154576
21 0.1362794 0.6428240 0.0264467 0.0154576
26 0.4728741 0.5235796 0.0264467 0.0154576
24 0.2035984 0.4639574 0.0264467 0.0154576
