4 0.1394299 0.4756075 0.0273753 0.0162989
10 0.3484779 0.2995797 0.0273754 0.0162989
32 0.3491001 0.4402932 0.5039551 0.4172510
27 0.2091126 0.3577123 0.0273753 0.0152123
33 0.4181606 0.3577123 0.0647054 0.0586759
6 0.4181606 0.3577123 0.0273753 0.0152123
14 0.4878433 0.3577123 0.0273753 0.0152123
7 0.2787953 0.4756075 0.0273753 0.0162989
5 0.4878433 0.4756075 0.0273753 0.0162989
17 0.3484779 0.5342834 0.0273754 0.0162988
10 0.4181606 0.4756075 0.0273753 0.0162989
15 0.4181606 0.4169316 0.0273753 0.0162988
23 0.4878433 0.4169316 0.0273753 0.0162988
16 0.5575260 0.4169316 0.0273753 0.0162988
19 0.2091126 0.4169316 0.0273753 0.0162988
14 0.2787953 0.5342834 0.0273753 0.0162988
5 0.4878433 0.5342834 0.0273753 0.0162988
28 0.2091126 0.5342834 0.0273753 0.0162988
22 0.1394299 0.5342834 0.0273753 0.0162988
7 0.1394299 0.3577123 0.0273753 0.0152123
27 0.5575260 0.4756075 0.0273753 0.0162989
31 0.4878433 0.2995797 0.0273753 0.0162989
3 0.3484779 0.4169316 0.0273754 0.0162988
6 0.1394299 0.4169316 0.0273753 0.0162988
9 0.2787953 0.2995797 0.0273753 0.0162989
31 0.4181606 0.2995797 0.0273753 0.0162989
25 0.5575260 0.3577123 0.0273753 0.0152123
1 0.5575260 0.2995797 0.0273753 0.0162989
19 0.2091126 0.4756075 0.0273753 0.0162989
20 0.3484779 0.3577123 0.0273754 0.0152123
5 0.2787953 0.3577123 0.0273753 0.0152123
15 0.1394299 0.2995797 0.0273753 0.0162989
26 0.5575260 0.5342834 0.0273753 0.0162988
1 0.4181606 0.5342834 0.0273753 0.0162988
8 0.2787953 0.4169316 0.0273753 0.0162988
4 0.2091126 0.2995797 0.0273753 0.0162989
6 0.3484779 0.4756075 0.0273754 0.0162989
