23 0.4190304 0.5766325 0.0282732 0.0158136
6 0.2031262 0.5766325 0.0282732 0.0158136
32 0.3425643 0.6060007 0.5204832 0.4337459
11 0.4909984 0.4546415 0.0282732 0.0158136
10 0.5629665 0.4546415 0.0282732 0.0158136
1 0.2031262 0.5156370 0.0282732 0.0158136
19 0.4909984 0.5156370 0.0282732 0.0158136
12 0.5629665 0.5156370 0.0282732 0.0158136
6 0.3470623 0.5766325 0.0282732 0.0158136
22 0.1311582 0.6376280 0.0282732 0.0158137
15 0.4909984 0.6376280 0.0282732 0.0158137
7 0.5629665 0.6376280 0.0282732 0.0158137
33 0.1311582 0.6986236 0.0668275 0.0609955
23 0.1311582 0.6986235 0.0282732 0.0158137
9 0.3470623 0.7596190 0.0282732 0.0158136
18 0.4909984 0.7596190 0.0282732 0.0158136
21 0.5629665 0.7596190 0.0282732 0.0158136
27 0.4190304 0.6986235 0.0282732 0.0158137
7 0.2031262 0.6986235 0.0282732 0.0158137
21 0.3470623 0.6376280 0.0282732 0.0158137
3 0.1311582 0.5156370 0.0282732 0.0158136
13 0.3470623 0.4546415 0.0282732 0.0158136
28 0.5629665 0.6986235 0.0282732 0.0158137
16 0.1311582 0.5766325 0.0282732 0.0158136
17 0.4190304 0.6376280 0.0282732 0.0158137
4 0.2031262 0.4546415 0.0282732 0.0158136
28 0.3470623 0.5156370 0.0282732 0.0158136
14 0.1311582 0.7596190 0.0282732 0.0158136
16 0.1311582 0.4546415 0.0282732 0.0158136
29 0.4190304 0.7596190 0.0282732 0.0158136
29 0.2750943 0.4546415 0.0282732 0.0158136
16 0.4909984 0.5766325 0.0282732 0.0158136
25 0.4190304 0.4546415 0.0282732 0.0158136
6 0.3470623 0.6986235 0.0282732 0.0158137
2 0.5629665 0.5766325 0.0282732 0.0158136
6 0.2750943 0.6986235 0.0282732 0.0158137
28 0.2031262 0.7596190 0.0282732 0.0158136
18 0.2750943 0.5156370 0.0282732 0.0158136
15 0.4190304 0.5156370 0.0282732 0.0158136
6 0.4909984 0.6986235 0.0282732 0.0158137
2 0.2750943 0.5766325 0.0282732 0.0158136
31 0.2031262 0.6376280 0.0282732 0.0158137
24 0.2750943 0.7596190 0.0282732 0.0158136
26 0.2750943 0.6376280 0.0282732 0.0158137
