13 0.3465121 0.2627733 0.0269687 0.0148147
24 0.4838076 0.4341999 0.0269688 0.0148147
32 0.4108693 0.3474284 0.4964703 0.4063446
30 0.4838076 0.2056311 0.0269688 0.0148147
23 0.6211031 0.2056311 0.0269687 0.0148147
16 0.2092166 0.2627733 0.0269688 0.0148147
33 0.2778643 0.2627733 0.0637443 0.0571422
8 0.2778643 0.2627733 0.0269688 0.0148147
3 0.4151598 0.2627733 0.0269688 0.0148147
11 0.2092166 0.3199155 0.0269688 0.0148146
13 0.4151598 0.3199155 0.0269688 0.0148146
28 0.2092166 0.3770577 0.0269688 0.0148147
17 0.2778643 0.3770577 0.0269688 0.0148147
4 0.6211031 0.4341999 0.0269687 0.0148147
5 0.3465121 0.4913421 0.0269687 0.0148147
12 0.4151598 0.4913421 0.0269688 0.0148147
25 0.5524553 0.4913421 0.0269688 0.0148147
21 0.4151598 0.2056311 0.0269688 0.0148147
16 0.6211031 0.4913421 0.0269687 0.0148147
3 0.5524553 0.4341999 0.0269688 0.0148147
15 0.5524553 0.2056311 0.0269688 0.0148147
31 0.6211031 0.3199155 0.0269687 0.0148146
4 0.2778643 0.4913421 0.0269688 0.0148147
23 0.5524553 0.3770577 0.0269688 0.0148147
27 0.3465121 0.3199155 0.0269687 0.0148146
30 0.5524553 0.2627733 0.0269688 0.0148147
14 0.2778643 0.3199155 0.0269688 0.0148146
1 0.2778643 0.2056311 0.0269688 0.0148147
4 0.6211031 0.3770577 0.0269687 0.0148147
3 0.4838076 0.3770577 0.0269688 0.0148147
17 0.3465121 0.4341999 0.0269687 0.0148147
31 0.5524553 0.3199155 0.0269688 0.0148146
21 0.2092166 0.4341999 0.0269688 0.0148147
26 0.6211031 0.2627733 0.0269687 0.0148147
18 0.4838076 0.4913421 0.0269688 0.0148147
27 0.4838076 0.3199155 0.0269688 0.0148146
15 0.2092166 0.2056311 0.0269688 0.0148147
18 0.4838076 0.2627733 0.0269688 0.0148147
29 0.4151598 0.3770577 0.0269688 0.0148147
2 0.4151598 0.4341999 0.0269688 0.0148147
2 0.3465121 0.2056311 0.0269687 0.0148147
18 0.2092166 0.4913421 0.0269688 0.0148147
15 0.3465121 0.3770577 0.0269687 0.0148147
4 0.2778643 0.4341999 0.0269688 0.0148147
