3 0.2247034 0.6862364 0.0264585 0.0151728
13 0.4940990 0.6282545 0.0264585 0.0162566
32 0.4273514 0.5345083 0.4870768 0.4161683
15 0.4940990 0.3941599 0.0264585 0.0162566
18 0.2247034 0.4521417 0.0264585 0.0151728
31 0.5614479 0.4521417 0.0264585 0.0151728
6 0.2920523 0.5112072 0.0264585 0.0162566
33 0.3594012 0.5106654 0.0625382 0.0585237
31 0.3594012 0.5112072 0.0264585 0.0162566
30 0.4267501 0.5112072 0.0264585 0.0162566
4 0.5614479 0.5112072 0.0264585 0.0162566
26 0.2920523 0.5697309 0.0264585 0.0162566
24 0.4267501 0.5697309 0.0264585 0.0162566
28 0.2920523 0.6282545 0.0264585 0.0162566
10 0.3594012 0.6862364 0.0264585 0.0151728
2 0.4267501 0.6862364 0.0264585 0.0151728
9 0.4940990 0.6862364 0.0264585 0.0151728
10 0.2920523 0.6862364 0.0264585 0.0151728
27 0.2920523 0.4521417 0.0264585 0.0151728
19 0.2247034 0.6282545 0.0264585 0.0162566
18 0.5614479 0.6862364 0.0264585 0.0151728
13 0.2920523 0.3941599 0.0264585 0.0162566
17 0.4940990 0.5697309 0.0264585 0.0162566
13 0.2247034 0.5112072 0.0264585 0.0162566
19 0.5614479 0.5697309 0.0264585 0.0162566
23 0.6287967 0.5697309 0.0264585 0.0162566
18 0.6287967 0.6282545 0.0264585 0.0162566
8 0.4940990 0.5112072 0.0264585 0.0162566
20 0.4267501 0.4521417 0.0264585 0.0151728
1 0.3594012 0.6282545 0.0264585 0.0162566
15 0.4940990 0.4521417 0.0264585 0.0151728
29 0.6287967 0.6862364 0.0264585 0.0151728
5 0.5614479 0.3941599 0.0264585 0.0162566
7 0.3594012 0.4521417 0.0264585 0.0151728
9 0.3594012 0.5697309 0.0264585 0.0162566
13 0.6287967 0.4521417 0.0264585 0.0151728
16 0.4267501 0.3941599 0.0264585 0.0162566
18 0.2247034 0.5697309 0.0264585 0.0162566
20 0.4267501 0.6282545 0.0264585 0.0162566
5 0.6287967 0.5112072 0.0264585 0.0162566
29 0.3594012 0.3941599 0.0264585 0.0162566
22 0.2247034 0.3941599 0.0264585 0.0162566
7 0.6287967 0.3941599 0.0264585 0.0162566
3 0.5614479 0.6282545 0.0264585 0.0162566
