8 0.3282048 0.4950541 0.0271432 0.0152077
2 0.4663886 0.6710289 0.0271432 0.0152077
32 0.5311623 0.5232970 0.4996825 0.4171255
1 0.3282048 0.3777376 0.0271432 0.0152077
23 0.4663886 0.3777376 0.0271432 0.0152077
29 0.5354805 0.3777376 0.0271432 0.0152077
16 0.7427562 0.3777376 0.0271432 0.0152077
24 0.3282048 0.4363959 0.0271432 0.0152077
17 0.5354805 0.4363959 0.0271432 0.0152077
10 0.6045724 0.4363959 0.0271432 0.0152077
7 0.7427562 0.4363959 0.0271432 0.0152077
11 0.6045724 0.4950541 0.0271432 0.0152077
14 0.4663886 0.5537124 0.0271432 0.0152077
31 0.5354805 0.5537124 0.0271432 0.0152077
26 0.3282048 0.6123707 0.0271432 0.0152077
33 0.5354805 0.6123707 0.0641568 0.0586583
21 0.5354805 0.6123707 0.0271432 0.0152077
21 0.4663886 0.4950541 0.0271432 0.0152077
6 0.7427562 0.6710289 0.0271432 0.0152077
13 0.6736643 0.4363959 0.0271432 0.0152077
14 0.3972967 0.4950541 0.0271432 0.0152077
10 0.3282048 0.5537124 0.0271432 0.0152077
6 0.6045724 0.6123707 0.0271432 0.0152077
19 0.6736643 0.6710289 0.0271432 0.0152077
27 0.3972967 0.3777376 0.0271432 0.0152077
30 0.7427562 0.5537124 0.0271432 0.0152077
30 0.4663886 0.6123707 0.0271432 0.0152077
4 0.3972967 0.5537124 0.0271432 0.0152077
7 0.6045724 0.6710289 0.0271432 0.0152077
21 0.6045724 0.3777376 0.0271432 0.0152077
2 0.6736643 0.6123707 0.0271432 0.0152077
8 0.3972967 0.6710289 0.0271432 0.0152077
17 0.6045724 0.5537124 0.0271432 0.0152077
19 0.6736643 0.3777376 0.0271432 0.0152077
25 0.5354805 0.4950541 0.0271432 0.0152077
21 0.5354805 0.6710289 0.0271432 0.0152077
31 0.6736643 0.4950541 0.0271432 0.0152077
3 0.3972967 0.4363959 0.0271432 0.0152077
18 0.3972967 0.6123707 0.0271432 0.0152077
11 0.6736643 0.5537124 0.0271432 0.0152077
3 0.7427562 0.6123707 0.0271432 0.0152077
16 0.3282048 0.6710289 0.0271432 0.0152077
18 0.7427562 0.4950541 0.0271432 0.0152077
6 0.4663886 0.4363959 0.0271432 0.0152077
