7 0.2481312 0.3227001 0.0267051 0.0148102
3 0.5880138 0.2084499 0.0267051 0.0148102
32 0.3798357 0.3502048 0.4916158 0.4062230
13 0.3840842 0.2084499 0.0267051 0.0148102
7 0.4520607 0.2655750 0.0267051 0.0148102
27 0.5200372 0.2655750 0.0267051 0.0148102
26 0.5880138 0.2655750 0.0267051 0.0148102
21 0.1801547 0.3227001 0.0267051 0.0148102
1 0.3840842 0.3227001 0.0267051 0.0148102
33 0.4520607 0.3227001 0.0631211 0.0571251
21 0.4520607 0.3227001 0.0267051 0.0148102
9 0.1801547 0.3798252 0.0267051 0.0148102
3 0.3161077 0.4369503 0.0267050 0.0148102
6 0.3840842 0.4369503 0.0267051 0.0148102
29 0.4520607 0.4369503 0.0267051 0.0148102
11 0.5880138 0.4369503 0.0267051 0.0148102
24 0.5880138 0.4940755 0.0267051 0.0148102
4 0.5880138 0.3798252 0.0267051 0.0148102
8 0.3161077 0.4940755 0.0267050 0.0148102
6 0.3161077 0.2084499 0.0267050 0.0148102
25 0.4520607 0.2084499 0.0267051 0.0148102
20 0.1801547 0.4369503 0.0267051 0.0148102
5 0.1801547 0.2084499 0.0267051 0.0148102
7 0.2481312 0.3798252 0.0267051 0.0148102
11 0.2481312 0.2084499 0.0267051 0.0148102
15 0.5200372 0.3227001 0.0267051 0.0148102
9 0.2481312 0.2655750 0.0267051 0.0148102
15 0.4520607 0.4940755 0.0267051 0.0148102
22 0.4520607 0.3798252 0.0267051 0.0148102
26 0.1801547 0.4940755 0.0267051 0.0148102
2 0.2481312 0.4940755 0.0267051 0.0148102
30 0.3161077 0.3798252 0.0267050 0.0148102
28 0.3161077 0.3227001 0.0267050 0.0148102
1 0.2481312 0.4369503 0.0267051 0.0148102
9 0.5200372 0.3798252 0.0267051 0.0148102
28 0.5880138 0.3227001 0.0267051 0.0148102
9 0.3840842 0.3798252 0.0267051 0.0148102
31 0.5200372 0.4940755 0.0267051 0.0148102
11 0.1801547 0.2655750 0.0267051 0.0148102
28 0.5200372 0.4369503 0.0267051 0.0148102
4 0.5200372 0.2084499 0.0267051 0.0148102
27 0.3840842 0.2655750 0.0267051 0.0148102
14 0.3840842 0.4940755 0.0267051 0.0148102
15 0.3161077 0.2655750 0.0267050 0.0148102
