4 0.2328740 0.7185206 0.0280181 0.0169537
27 0.1615553 0.4743882 0.0280180 0.0169536
32 0.3048294 0.6207546 0.5157869 0.4340131
26 0.3041927 0.4743882 0.0280181 0.0169536
21 0.2328740 0.5964544 0.0280181 0.0169537
2 0.3041927 0.5964544 0.0280181 0.0169537
33 0.4468300 0.5958893 0.0662245 0.0610331
11 0.4468300 0.5964544 0.0280180 0.0169537
28 0.4468300 0.6574875 0.0280180 0.0169536
1 0.4468300 0.7185206 0.0280180 0.0169537
19 0.3755113 0.5964544 0.0280181 0.0169537
8 0.5181487 0.7185206 0.0280181 0.0169537
19 0.0902366 0.6574875 0.0280180 0.0169536
3 0.5181487 0.5964544 0.0280181 0.0169537
16 0.3041927 0.6574875 0.0280181 0.0169536
8 0.3755113 0.6574875 0.0280181 0.0169536
29 0.1615553 0.5964544 0.0280180 0.0169537
28 0.4468300 0.5348562 0.0280180 0.0158234
13 0.3755113 0.7185206 0.0280181 0.0169537
30 0.5181487 0.5348562 0.0280181 0.0158234
29 0.0902366 0.5964544 0.0280180 0.0169537
28 0.0902366 0.4743882 0.0280180 0.0169536
31 0.0902366 0.5348562 0.0280180 0.0158234
4 0.0902366 0.7185206 0.0280180 0.0169537
28 0.1615553 0.5348562 0.0280180 0.0158234
25 0.5181487 0.6574875 0.0280181 0.0169536
27 0.3041927 0.7185206 0.0280181 0.0169537
7 0.2328740 0.5348562 0.0280181 0.0158234
29 0.1615553 0.7185206 0.0280180 0.0169537
19 0.5181487 0.4743882 0.0280181 0.0169536
14 0.3041927 0.5348562 0.0280181 0.0158234
31 0.2328740 0.4743882 0.0280181 0.0169536
13 0.3755113 0.5348562 0.0280181 0.0158234
20 0.1615553 0.6574875 0.0280180 0.0169536
27 0.3755113 0.4743882 0.0280181 0.0169536
13 0.2328740 0.6574875 0.0280181 0.0169536
18 0.4468300 0.4743882 0.0280180 0.0169536
