19 0.2696099 0.4623416 0.0262514 0.0152523
26 0.3364317 0.5805467 0.0262514 0.0163417
32 0.4038501 0.5451397 0.4832648 0.4183482
17 0.2027880 0.4040561 0.0262514 0.0163417
7 0.3364317 0.4040561 0.0262514 0.0163417
5 0.3364317 0.4623416 0.0262514 0.0152523
18 0.4032534 0.4623416 0.0262514 0.0152523
26 0.6037188 0.4623416 0.0262514 0.0152523
4 0.2696099 0.5217165 0.0262514 0.0163418
12 0.3364317 0.5217165 0.0262514 0.0163418
10 0.4032534 0.5805467 0.0262514 0.0163417
33 0.6037188 0.5800020 0.0620488 0.0588302
11 0.6037188 0.5805467 0.0262514 0.0163417
24 0.4700752 0.6393770 0.0262514 0.0163417
2 0.3364317 0.6976624 0.0262514 0.0152523
3 0.4032534 0.6976624 0.0262514 0.0152523
16 0.6037188 0.6976624 0.0262514 0.0152523
3 0.4700752 0.5217165 0.0262514 0.0163418
1 0.4700752 0.5805467 0.0262514 0.0163417
2 0.4032534 0.5217165 0.0262514 0.0163418
10 0.2027880 0.5217165 0.0262514 0.0163418
30 0.5368970 0.4040561 0.0262514 0.0163417
1 0.2696099 0.6976624 0.0262514 0.0152523
3 0.4700752 0.4040561 0.0262514 0.0163417
13 0.2027880 0.6976624 0.0262514 0.0152523
7 0.4032534 0.6393770 0.0262514 0.0163417
17 0.2027880 0.6393770 0.0262514 0.0163417
14 0.6037188 0.4040561 0.0262514 0.0163417
12 0.2027880 0.5805467 0.0262514 0.0163417
21 0.2027880 0.4623416 0.0262514 0.0152523
14 0.5368970 0.6393770 0.0262514 0.0163417
6 0.2696099 0.5805467 0.0262514 0.0163417
21 0.5368970 0.5805467 0.0262514 0.0163417
1 0.5368970 0.6976624 0.0262514 0.0152523
11 0.2696099 0.6393770 0.0262514 0.0163417
21 0.4700752 0.6976624 0.0262514 0.0152523
18 0.4032534 0.4040561 0.0262514 0.0163417
22 0.4700752 0.4623416 0.0262514 0.0152523
25 0.6037188 0.5217165 0.0262514 0.0163418
30 0.3364317 0.6393770 0.0262514 0.0163417
2 0.6037188 0.6393770 0.0262514 0.0163417
3 0.5368970 0.4623416 0.0262514 0.0152523
10 0.5368970 0.5217165 0.0262514 0.0163418
5 0.2696099 0.4040561 0.0262514 0.0163417
