3 0.6741031 0.2938073 0.0276260 0.0157029
22 0.6741031 0.4755119 0.0276260 0.0157029
32 0.5290660 0.4441062 0.5085717 0.4307073
16 0.3224980 0.2938073 0.0276261 0.0157029
5 0.5334610 0.2938073 0.0276261 0.0157029
25 0.6741031 0.3543755 0.0276260 0.0157029
23 0.7444241 0.3543755 0.0276261 0.0157029
8 0.6037821 0.4149437 0.0276261 0.0157029
24 0.6741031 0.4149437 0.0276260 0.0157029
2 0.3224980 0.4755119 0.0276261 0.0157029
10 0.4631400 0.4755119 0.0276261 0.0157029
20 0.4631400 0.5360802 0.0276261 0.0157029
9 0.5334610 0.5360802 0.0276261 0.0157029
27 0.6741031 0.5360802 0.0276260 0.0157029
22 0.4631400 0.5966484 0.0276261 0.0157029
33 0.5334610 0.5966484 0.0652981 0.0605682
21 0.5334610 0.5966484 0.0276261 0.0157029
18 0.3928190 0.4755119 0.0276261 0.0157029
27 0.3928190 0.4149437 0.0276261 0.0157029
19 0.5334610 0.4149437 0.0276261 0.0157029
29 0.7444241 0.4755119 0.0276261 0.0157029
14 0.5334610 0.3543755 0.0276261 0.0157029
10 0.4631400 0.2938073 0.0276261 0.0157029
26 0.7444241 0.5966484 0.0276261 0.0157029
31 0.6037821 0.2938073 0.0276261 0.0157029
1 0.6037821 0.4755119 0.0276261 0.0157029
19 0.3928190 0.5966484 0.0276261 0.0157029
20 0.6037821 0.5360802 0.0276261 0.0157029
7 0.3224980 0.5966484 0.0276261 0.0157029
16 0.6741031 0.5966484 0.0276260 0.0157029
28 0.7444241 0.2938073 0.0276261 0.0157029
11 0.7444241 0.5360802 0.0276261 0.0157029
26 0.3224980 0.4149437 0.0276261 0.0157029
12 0.3928190 0.5360802 0.0276261 0.0157029
31 0.5334610 0.4755119 0.0276261 0.0157029
31 0.4631400 0.4149437 0.0276261 0.0157029
4 0.4631400 0.3543755 0.0276261 0.0157029
16 0.7444241 0.4149437 0.0276261 0.0157029
30 0.6037821 0.3543755 0.0276261 0.0157029
28 0.3224980 0.3543755 0.0276261 0.0157029
8 0.6037821 0.5966484 0.0276261 0.0157029
19 0.3928190 0.2938073 0.0276261 0.0157029
22 0.3224980 0.5360802 0.0276261 0.0157029
22 0.3928190 0.3543755 0.0276261 0.0157029
