18 0.6124702 0.4186143 0.0261375 0.0147899
8 0.7455337 0.2474742 0.0261375 0.0147899
32 0.5417803 0.3890345 0.4811669 0.4056654
23 0.6124702 0.2474742 0.0261375 0.0147899
17 0.3463433 0.3045209 0.0261375 0.0147899
7 0.4128751 0.3045209 0.0261375 0.0147899
19 0.5459385 0.3045209 0.0261375 0.0147899
5 0.3463433 0.3615676 0.0261375 0.0147899
27 0.5459385 0.3615676 0.0261375 0.0147899
1 0.6790019 0.3615676 0.0261375 0.0147899
15 0.4128751 0.4186143 0.0261375 0.0147899
2 0.5459385 0.4186143 0.0261375 0.0147899
13 0.6790019 0.4186143 0.0261375 0.0147899
6 0.3463433 0.4756610 0.0261375 0.0147898
29 0.4794068 0.5327077 0.0261375 0.0147899
33 0.6124702 0.5327077 0.0617795 0.0570467
27 0.6124702 0.5327077 0.0261375 0.0147899
31 0.3463433 0.4186143 0.0261375 0.0147899
24 0.6124702 0.4756610 0.0261375 0.0147898
26 0.4128751 0.5327077 0.0261375 0.0147899
25 0.7455337 0.4186143 0.0261375 0.0147899
31 0.4128751 0.3615676 0.0261375 0.0147899
2 0.4794068 0.4186143 0.0261375 0.0147899
1 0.6790019 0.4756610 0.0261375 0.0147898
30 0.6124702 0.3615676 0.0261375 0.0147899
28 0.5459385 0.4756610 0.0261375 0.0147898
2 0.3463433 0.2474742 0.0261375 0.0147899
22 0.7455337 0.3615676 0.0261375 0.0147899
24 0.5459385 0.2474742 0.0261375 0.0147899
12 0.3463433 0.5327077 0.0261375 0.0147899
7 0.4794068 0.3045209 0.0261375 0.0147899
20 0.6790019 0.5327077 0.0261375 0.0147899
28 0.5459385 0.5327077 0.0261375 0.0147899
1 0.7455337 0.5327077 0.0261375 0.0147899
9 0.7455337 0.3045209 0.0261375 0.0147899
20 0.6790019 0.3045209 0.0261375 0.0147899
9 0.4128751 0.2474742 0.0261375 0.0147899
24 0.4794068 0.2474742 0.0261375 0.0147899
25 0.4128751 0.4756610 0.0261375 0.0147898
9 0.6124702 0.3045209 0.0261375 0.0147899
14 0.4794068 0.3615676 0.0261375 0.0147899
1 0.4794068 0.4756610 0.0261375 0.0147898
13 0.7455337 0.4756610 0.0261375 0.0147898
24 0.6790019 0.2474742 0.0261375 0.0147899
