11 0.6529034 0.3696479 0.0270885 0.0162806
6 0.3770926 0.4277153 0.0270885 0.0151952
32 0.4466609 0.5102035 0.4986758 0.4167827
11 0.2391872 0.3696479 0.0270886 0.0162806
5 0.3770926 0.3696479 0.0270885 0.0162806
19 0.4460453 0.3696479 0.0270885 0.0162806
2 0.4460453 0.4277153 0.0270885 0.0151952
16 0.2391872 0.4868680 0.0270886 0.0162805
18 0.5839507 0.4868680 0.0270885 0.0162805
7 0.6529034 0.4868680 0.0270885 0.0162805
33 0.2391872 0.5449354 0.0640275 0.0586101
4 0.2391872 0.5454781 0.0270886 0.0162806
12 0.5149980 0.5454781 0.0270885 0.0162806
10 0.6529034 0.5454781 0.0270885 0.0162806
6 0.3770926 0.6040881 0.0270885 0.0162805
26 0.4460453 0.6040881 0.0270885 0.0162805
14 0.6529034 0.6040881 0.0270885 0.0162805
22 0.3770926 0.6621555 0.0270885 0.0151952
4 0.3081399 0.4277153 0.0270886 0.0151952
26 0.5149980 0.6040881 0.0270885 0.0162805
29 0.5149980 0.3696479 0.0270885 0.0162806
17 0.5839507 0.3696479 0.0270885 0.0162806
6 0.3770926 0.4868680 0.0270885 0.0162805
2 0.3081399 0.5454781 0.0270886 0.0162806
20 0.5839507 0.4277153 0.0270885 0.0151952
28 0.5149980 0.4868680 0.0270885 0.0162805
19 0.6529034 0.6621555 0.0270885 0.0151952
19 0.3770926 0.5454781 0.0270885 0.0162806
28 0.4460453 0.5454781 0.0270885 0.0162806
7 0.3081399 0.6621555 0.0270886 0.0151952
30 0.5149980 0.4277153 0.0270885 0.0151952
30 0.4460453 0.6621555 0.0270885 0.0151952
13 0.5839507 0.6621555 0.0270885 0.0151952
17 0.3081399 0.6040881 0.0270886 0.0162805
11 0.3081399 0.3696479 0.0270886 0.0162806
5 0.2391872 0.6621555 0.0270886 0.0151952
26 0.2391872 0.4277153 0.0270886 0.0151952
23 0.5839507 0.5454781 0.0270885 0.0162806
12 0.5149980 0.6621555 0.0270885 0.0151952
4 0.5839507 0.6040881 0.0270885 0.0162805
20 0.6529034 0.4277153 0.0270885 0.0151952
5 0.3081399 0.4868680 0.0270886 0.0162805
26 0.2391872 0.6040881 0.0270886 0.0162805
25 0.4460453 0.4868680 0.0270885 0.0162805
