8 0.3945595 0.5863902 0.0273510 0.0148117
27 0.5338007 0.4721282 0.0273509 0.0148117
32 0.4598288 0.4996357 0.5035061 0.4062648
4 0.3249389 0.3578662 0.0273509 0.0148117
33 0.3945595 0.3578662 0.0646477 0.0571310
23 0.3945595 0.3578662 0.0273510 0.0148117
16 0.5338007 0.3578662 0.0273509 0.0148117
5 0.6034212 0.3578662 0.0273509 0.0148117
12 0.6730418 0.3578662 0.0273509 0.0148117
19 0.4641801 0.4149972 0.0273510 0.0148117
21 0.5338007 0.4149972 0.0273509 0.0148117
24 0.2553182 0.4721282 0.0273510 0.0148117
8 0.3945595 0.4721282 0.0273510 0.0148117
1 0.3945595 0.5292592 0.0273510 0.0148117
3 0.6034212 0.5292592 0.0273509 0.0148117
20 0.6730418 0.5292592 0.0273509 0.0148117
13 0.6730418 0.6435212 0.0273509 0.0148117
7 0.6034212 0.4149972 0.0273509 0.0148117
17 0.3945595 0.6435212 0.0273510 0.0148117
6 0.2553182 0.4149972 0.0273510 0.0148117
19 0.2553182 0.6435212 0.0273510 0.0148117
10 0.5338007 0.5863902 0.0273509 0.0148117
11 0.4641801 0.6435212 0.0273510 0.0148117
3 0.6730418 0.4721282 0.0273509 0.0148117
7 0.5338007 0.5292592 0.0273509 0.0148117
8 0.5338007 0.6435212 0.0273509 0.0148117
6 0.3249389 0.6435212 0.0273509 0.0148117
28 0.4641801 0.3578662 0.0273510 0.0148117
9 0.3249389 0.5292592 0.0273509 0.0148117
16 0.6034212 0.5863902 0.0273509 0.0148117
18 0.6034212 0.6435212 0.0273509 0.0148117
12 0.2553182 0.5863902 0.0273510 0.0148117
28 0.3945595 0.4149972 0.0273510 0.0148117
7 0.4641801 0.5863902 0.0273510 0.0148117
12 0.2553182 0.3578662 0.0273510 0.0148117
15 0.2553182 0.5292592 0.0273510 0.0148117
12 0.3249389 0.4149972 0.0273509 0.0148117
15 0.6730418 0.4149972 0.0273509 0.0148117
10 0.6034212 0.4721282 0.0273509 0.0148117
16 0.6730418 0.5863902 0.0273509 0.0148117
18 0.4641801 0.4721282 0.0273510 0.0148117
20 0.3249389 0.4721282 0.0273509 0.0148117
6 0.3249389 0.5863902 0.0273509 0.0148117
15 0.4641801 0.5292592 0.0273510 0.0148117
