26 0.3603039 0.6290491 0.0274586 0.0166627
10 0.2205148 0.3891057 0.0274586 0.0166628
32 0.2910334 0.5329607 0.5054876 0.4265662
22 0.0807256 0.4485361 0.0274586 0.0155519
29 0.1506202 0.4485361 0.0274586 0.0155519
18 0.2205148 0.5090774 0.0274586 0.0166627
3 0.0807256 0.5690632 0.0274586 0.0166627
19 0.2205148 0.5690632 0.0274586 0.0166627
33 0.2904093 0.6284937 0.0649021 0.0599859
6 0.2904093 0.6290491 0.0274586 0.0166627
14 0.5000930 0.6290491 0.0274586 0.0166627
28 0.1506202 0.5690632 0.0274586 0.0166627
17 0.5000930 0.5690632 0.0274586 0.0166627
18 0.0807256 0.5090774 0.0274586 0.0166627
30 0.3603039 0.5690632 0.0274586 0.0166627
4 0.5000930 0.4485361 0.0274586 0.0155519
21 0.5000930 0.3891057 0.0274586 0.0166628
13 0.3603039 0.4485361 0.0274586 0.0155519
23 0.2205148 0.6290491 0.0274586 0.0166627
24 0.2904093 0.4485361 0.0274586 0.0155519
10 0.4301984 0.6290491 0.0274586 0.0166627
2 0.2205148 0.4485361 0.0274586 0.0155519
23 0.2904093 0.5690632 0.0274586 0.0166627
31 0.5000930 0.5090774 0.0274586 0.0166627
19 0.0807256 0.3891057 0.0274586 0.0166628
1 0.2904093 0.5090774 0.0274586 0.0166627
27 0.0807256 0.6290491 0.0274586 0.0166627
17 0.2904093 0.3891057 0.0274586 0.0166628
1 0.3603039 0.3891057 0.0274586 0.0166628
14 0.1506202 0.5090774 0.0274586 0.0166627
4 0.4301984 0.5690632 0.0274586 0.0166627
2 0.3603039 0.5090774 0.0274586 0.0166627
5 0.4301984 0.5090774 0.0274586 0.0166627
3 0.4301984 0.4485361 0.0274586 0.0155519
25 0.1506202 0.3891057 0.0274586 0.0166628
21 0.4301984 0.3891057 0.0274586 0.0166628
17 0.1506202 0.6290491 0.0274586 0.0166627
