14 0.6292812 0.3821185 0.0283695 0.0148683
5 0.2682151 0.3247692 0.0283695 0.0148683
32 0.4081282 0.4097312 0.5222562 0.4078174
29 0.3404283 0.2674199 0.0283695 0.0148683
23 0.5570679 0.2674199 0.0283694 0.0148683
22 0.2682151 0.3821185 0.0283695 0.0148683
12 0.3404283 0.3821185 0.0283695 0.0148683
10 0.1960019 0.4394679 0.0283695 0.0148684
3 0.2682151 0.4394679 0.0283695 0.0148684
4 0.4848547 0.4394679 0.0283695 0.0148684
20 0.1960019 0.4968172 0.0283695 0.0148684
33 0.2682151 0.4968172 0.0670551 0.0573494
29 0.2682151 0.4968172 0.0283695 0.0148684
25 0.4126415 0.4968172 0.0283695 0.0148684
15 0.4848547 0.4968172 0.0283695 0.0148684
16 0.3404283 0.5541665 0.0283695 0.0148684
24 0.6292812 0.5541665 0.0283695 0.0148684
2 0.4126415 0.2674199 0.0283695 0.0148683
31 0.6292812 0.2674199 0.0283695 0.0148683
5 0.2682151 0.2674199 0.0283695 0.0148683
28 0.1960019 0.5541665 0.0283695 0.0148684
25 0.4848547 0.3821185 0.0283695 0.0148683
25 0.3404283 0.4394679 0.0283695 0.0148684
29 0.3404283 0.4968172 0.0283695 0.0148684
28 0.6292812 0.4394679 0.0283695 0.0148684
19 0.4848547 0.3247692 0.0283695 0.0148683
30 0.5570679 0.4394679 0.0283694 0.0148684
19 0.6292812 0.3247692 0.0283695 0.0148683
19 0.1960019 0.3821185 0.0283695 0.0148683
27 0.5570679 0.3821185 0.0283694 0.0148683
25 0.3404283 0.3247692 0.0283695 0.0148683
19 0.5570679 0.4968172 0.0283694 0.0148684
30 0.4848547 0.2674199 0.0283695 0.0148683
28 0.6292812 0.4968172 0.0283695 0.0148684
29 0.5570679 0.5541665 0.0283694 0.0148684
26 0.4126415 0.3821185 0.0283695 0.0148683
29 0.1960019 0.2674199 0.0283695 0.0148683
29 0.5570679 0.3247692 0.0283694 0.0148683
1 0.4126415 0.5541665 0.0283695 0.0148684
15 0.4126415 0.4394679 0.0283695 0.0148684
21 0.4848547 0.5541665 0.0283695 0.0148684
3 0.4126415 0.3247692 0.0283695 0.0148683
30 0.2682151 0.5541665 0.0283695 0.0148684
13 0.1960019 0.3247692 0.0283695 0.0148683
