29 0.7830692 0.4191346 0.0284512 0.0149594
15 0.8554903 0.5922362 0.0284511 0.0149594
32 0.6337004 0.4469163 0.5237604 0.4103150
33 0.4933843 0.3037335 0.0672483 0.0577006
23 0.4933843 0.3037335 0.0284512 0.0149594
19 0.7830692 0.3037335 0.0284512 0.0149594
26 0.6382267 0.3614340 0.0284512 0.0149594
13 0.7106479 0.3614340 0.0284512 0.0149594
25 0.4209631 0.4191346 0.0284512 0.0149594
20 0.6382267 0.4191346 0.0284512 0.0149594
29 0.7106479 0.4191346 0.0284512 0.0149594
30 0.4209631 0.4768351 0.0284512 0.0149594
5 0.7830692 0.4768351 0.0284512 0.0149594
16 0.5658055 0.5345357 0.0284512 0.0149594
1 0.8554903 0.5345357 0.0284511 0.0149594
6 0.4933843 0.5922362 0.0284512 0.0149594
26 0.4933843 0.4768351 0.0284512 0.0149594
24 0.4933843 0.5345357 0.0284512 0.0149594
16 0.4933843 0.4191346 0.0284512 0.0149594
16 0.6382267 0.5345357 0.0284512 0.0149594
20 0.7106479 0.5922362 0.0284512 0.0149594
9 0.8554903 0.3037335 0.0284511 0.0149594
28 0.7830692 0.5922362 0.0284512 0.0149594
13 0.7106479 0.5345357 0.0284512 0.0149594
26 0.4933843 0.3614340 0.0284512 0.0149594
14 0.6382267 0.5922362 0.0284512 0.0149594
25 0.7106479 0.4768351 0.0284512 0.0149594
12 0.5658055 0.5922362 0.0284512 0.0149594
21 0.5658055 0.4768351 0.0284512 0.0149594
17 0.5658055 0.3614340 0.0284512 0.0149594
13 0.6382267 0.4768351 0.0284512 0.0149594
28 0.8554903 0.3614340 0.0284511 0.0149594
17 0.6382267 0.3037335 0.0284512 0.0149594
30 0.4209631 0.5345357 0.0284512 0.0149594
13 0.7106479 0.3037335 0.0284512 0.0149594
14 0.5658055 0.3037335 0.0284512 0.0149594
31 0.5658055 0.4191346 0.0284512 0.0149594
19 0.7830692 0.5345357 0.0284512 0.0149594
23 0.8554903 0.4191346 0.0284511 0.0149594
28 0.4209631 0.3037335 0.0284512 0.0149594
10 0.7830692 0.3614340 0.0284512 0.0149594
18 0.8554903 0.4768351 0.0284511 0.0149594
9 0.4209631 0.5922362 0.0284512 0.0149594
12 0.4209631 0.3614340 0.0284512 0.0149594
