3 0.5521468 0.4988357 0.0275067 0.0159835
2 0.5521468 0.4371850 0.0275067 0.0159835
32 0.4777536 0.3435674 0.5063739 0.4384045
5 0.2720783 0.1905825 0.0275067 0.0159835
1 0.6221640 0.1905825 0.0275067 0.0159835
13 0.2720783 0.2522331 0.0275067 0.0159835
3 0.4121126 0.3138837 0.0275067 0.0159835
2 0.3420954 0.3755344 0.0275068 0.0159835
8 0.5521468 0.3755344 0.0275067 0.0159835
29 0.6921811 0.3755344 0.0275067 0.0159835
24 0.2720783 0.4371850 0.0275067 0.0159835
26 0.4121126 0.4371850 0.0275067 0.0159835
6 0.4821297 0.4371850 0.0275067 0.0159835
33 0.2720783 0.4988357 0.0650159 0.0616507
8 0.2720783 0.4988357 0.0275067 0.0159835
12 0.6221640 0.4988357 0.0275067 0.0159835
10 0.5521468 0.2522331 0.0275067 0.0159835
10 0.6921811 0.2522331 0.0275067 0.0159835
12 0.6221640 0.3138837 0.0275067 0.0159835
5 0.6221640 0.4371850 0.0275067 0.0159835
31 0.5521468 0.3138837 0.0275067 0.0159835
1 0.2720783 0.3138837 0.0275067 0.0159835
8 0.4821297 0.3138837 0.0275067 0.0159835
27 0.3420954 0.1905825 0.0275068 0.0159835
10 0.3420954 0.4988357 0.0275068 0.0159835
21 0.6921811 0.4371850 0.0275067 0.0159835
4 0.6921811 0.1905825 0.0275067 0.0159835
24 0.4121126 0.4988357 0.0275067 0.0159835
7 0.4121126 0.2522331 0.0275067 0.0159835
23 0.5521468 0.1905825 0.0275067 0.0159835
7 0.6221640 0.2522331 0.0275067 0.0159835
22 0.4121126 0.3755344 0.0275067 0.0159835
5 0.4121126 0.1905825 0.0275067 0.0159835
31 0.6921811 0.3138837 0.0275067 0.0159835
28 0.6921811 0.4988357 0.0275067 0.0159835
26 0.6221640 0.3755344 0.0275067 0.0159835
7 0.3420954 0.3138837 0.0275068 0.0159835
15 0.4821297 0.1905825 0.0275067 0.0159835
10 0.4821297 0.2522331 0.0275067 0.0159835
21 0.4821297 0.4988357 0.0275067 0.0159835
25 0.3420954 0.4371850 0.0275068 0.0159835
26 0.2720783 0.3755344 0.0275067 0.0159835
10 0.3420954 0.2522331 0.0275068 0.0159835
8 0.4821297 0.3755344 0.0275067 0.0159835
