23 0.5967002 0.5312906 0.0264799 0.0170287
4 0.3944894 0.6538972 0.0264800 0.0170287
32 0.5973020 0.5556984 0.4874726 0.4359348
24 0.3944894 0.4086839 0.0264800 0.0170287
20 0.7989111 0.4086839 0.0264799 0.0170287
16 0.5292966 0.4694196 0.0264800 0.0158935
6 0.7315075 0.4694196 0.0264799 0.0158935
31 0.3944894 0.5312906 0.0264800 0.0170287
13 0.4618930 0.5312906 0.0264800 0.0170287
28 0.6641039 0.5312906 0.0264800 0.0170287
33 0.7989111 0.5307229 0.0625890 0.0613033
20 0.7989111 0.5312906 0.0264799 0.0170287
26 0.6641039 0.6538972 0.0264800 0.0170287
30 0.7315075 0.6538972 0.0264799 0.0170287
4 0.3944894 0.7146330 0.0264800 0.0158935
3 0.5967002 0.7146330 0.0264799 0.0158935
5 0.6641039 0.4086839 0.0264800 0.0170287
8 0.5967002 0.6538972 0.0264799 0.0170287
10 0.7989111 0.7146330 0.0264799 0.0158935
23 0.7315075 0.7146330 0.0264799 0.0158935
27 0.6641039 0.4694196 0.0264800 0.0158935
5 0.5967002 0.4086839 0.0264799 0.0170287
23 0.3944894 0.5925939 0.0264800 0.0170287
26 0.7315075 0.4086839 0.0264799 0.0170287
27 0.4618930 0.4086839 0.0264800 0.0170287
24 0.5967002 0.4694196 0.0264799 0.0158935
2 0.4618930 0.5925939 0.0264800 0.0170287
28 0.7315075 0.5312906 0.0264799 0.0170287
9 0.7989111 0.4694196 0.0264799 0.0158935
22 0.4618930 0.6538972 0.0264800 0.0170287
12 0.3944894 0.4694196 0.0264800 0.0158935
10 0.4618930 0.4694196 0.0264800 0.0158935
1 0.5292966 0.4086839 0.0264800 0.0170287
15 0.5292966 0.5312906 0.0264800 0.0170287
9 0.4618930 0.7146330 0.0264800 0.0158935
9 0.7315075 0.5925939 0.0264799 0.0170287
19 0.5292966 0.5925939 0.0264800 0.0170287
27 0.5292966 0.7146330 0.0264800 0.0158935
29 0.6641039 0.7146330 0.0264800 0.0158935
21 0.6641039 0.5925939 0.0264800 0.0170287
31 0.7989111 0.5925939 0.0264799 0.0170287
3 0.5967002 0.5925939 0.0264799 0.0170287
26 0.7989111 0.6538972 0.0264799 0.0170287
21 0.5292966 0.6538972 0.0264800 0.0170287
