13 0.3640113 0.5917849 0.0280921 0.0157147
29 0.2209971 0.4705570 0.0280921 0.0157147
32 0.4310493 0.5603554 0.5171498 0.4310326
8 0.3640113 0.4099430 0.0280921 0.0157148
22 0.5070256 0.4099430 0.0280921 0.0157148
33 0.5785327 0.4099430 0.0663995 0.0606140
28 0.5785327 0.4099430 0.0280921 0.0157148
9 0.2925042 0.4705570 0.0280921 0.0157147
11 0.4355185 0.4705570 0.0280921 0.0157147
19 0.5070256 0.4705570 0.0280921 0.0157147
1 0.2925042 0.5311710 0.0280921 0.0157147
4 0.4355185 0.5311710 0.0280921 0.0157147
6 0.6500398 0.5311710 0.0280921 0.0157147
15 0.2925042 0.5917849 0.0280921 0.0157147
17 0.2209971 0.7130128 0.0280921 0.0157147
27 0.6500398 0.7130128 0.0280921 0.0157147
10 0.2209971 0.4099430 0.0280921 0.0157148
29 0.4355185 0.5917849 0.0280921 0.0157147
18 0.5070256 0.5917849 0.0280921 0.0157147
2 0.2925042 0.6523988 0.0280921 0.0157147
10 0.3640113 0.6523988 0.0280921 0.0157147
1 0.2209971 0.6523988 0.0280921 0.0157147
2 0.3640113 0.5311710 0.0280921 0.0157147
18 0.5070256 0.6523988 0.0280921 0.0157147
17 0.6500398 0.4099430 0.0280921 0.0157148
28 0.2209971 0.5311710 0.0280921 0.0157147
31 0.2925042 0.4099430 0.0280921 0.0157148
8 0.5070256 0.7130128 0.0280921 0.0157147
16 0.3640113 0.4705570 0.0280921 0.0157147
15 0.5070256 0.5311710 0.0280921 0.0157147
11 0.4355185 0.4099430 0.0280921 0.0157148
15 0.5785327 0.7130128 0.0280921 0.0157147
16 0.2209971 0.5917849 0.0280921 0.0157147
19 0.6500398 0.4705570 0.0280921 0.0157147
3 0.6500398 0.6523988 0.0280921 0.0157147
20 0.5785327 0.5311710 0.0280921 0.0157147
8 0.4355185 0.7130128 0.0280921 0.0157147
20 0.5785327 0.4705570 0.0280921 0.0157147
26 0.5785327 0.5917849 0.0280921 0.0157147
2 0.6500398 0.5917849 0.0280921 0.0157147
15 0.5785327 0.6523988 0.0280921 0.0157147
19 0.3640113 0.7130128 0.0280921 0.0157147
12 0.4355185 0.6523988 0.0280921 0.0157147
31 0.2925042 0.7130128 0.0280921 0.0157147
