2 0.0923653 0.4376435 0.0287240 0.0161173
14 0.2385966 0.6241435 0.0287240 0.0161173
32 0.3071425 0.5297422 0.5287828 0.4420739
9 0.5310592 0.3754769 0.0287240 0.0161173
19 0.1654810 0.5619768 0.0287240 0.0161173
27 0.1654810 0.6241435 0.0287240 0.0161173
33 0.3848279 0.6241435 0.0678931 0.0621666
19 0.3848279 0.6241435 0.0287240 0.0161173
16 0.5310592 0.6241435 0.0287240 0.0161173
13 0.2385966 0.5619768 0.0287240 0.0161173
29 0.2385966 0.4998101 0.0287240 0.0161173
13 0.3848279 0.4998101 0.0287240 0.0161173
23 0.2385966 0.4376435 0.0287240 0.0161173
24 0.4579436 0.4998101 0.0287240 0.0161173
20 0.3117123 0.4998101 0.0287240 0.0161173
15 0.5310592 0.4376435 0.0287240 0.0161173
5 0.1654810 0.3754769 0.0287240 0.0161173
1 0.0923653 0.4998101 0.0287240 0.0161173
27 0.4579436 0.6241435 0.0287240 0.0161173
15 0.3848279 0.3754769 0.0287240 0.0161173
17 0.0923653 0.6241435 0.0287240 0.0161173
7 0.4579436 0.4376435 0.0287240 0.0161173
27 0.1654810 0.4998101 0.0287240 0.0161173
14 0.0923653 0.3754769 0.0287240 0.0161173
28 0.3117123 0.5619768 0.0287240 0.0161173
5 0.5310592 0.5619768 0.0287240 0.0161173
1 0.1654810 0.4376435 0.0287240 0.0161173
1 0.4579436 0.5619768 0.0287240 0.0161173
19 0.3848279 0.5619768 0.0287240 0.0161173
13 0.4579436 0.3754769 0.0287240 0.0161173
4 0.2385966 0.3754769 0.0287240 0.0161173
7 0.5310592 0.4998101 0.0287240 0.0161173
24 0.0923653 0.5619768 0.0287240 0.0161173
6 0.3117123 0.4376435 0.0287240 0.0161173
6 0.3117123 0.3754769 0.0287240 0.0161173
3 0.3117123 0.6241435 0.0287240 0.0161173
23 0.3848279 0.4376435 0.0287240 0.0161173
