27 0.3598445 0.4780878 0.0267088 0.0174249
28 0.4278307 0.5402365 0.0267089 0.0162632
32 0.4964239 0.6285225 0.4916859 0.4460769
10 0.6997755 0.4780878 0.0267088 0.0174249
31 0.2918583 0.6035470 0.0267089 0.0174249
12 0.4278307 0.6662764 0.0267089 0.0174249
30 0.3598445 0.7290061 0.0267088 0.0174249
33 0.6997755 0.7284252 0.0631300 0.0627296
30 0.6997755 0.7290061 0.0267088 0.0174249
31 0.5638031 0.6035470 0.0267089 0.0174249
12 0.3598445 0.6035470 0.0267088 0.0174249
20 0.6997755 0.5402365 0.0267088 0.0162632
22 0.2918583 0.6662764 0.0267089 0.0174249
22 0.2918583 0.7290061 0.0267089 0.0174249
16 0.5638031 0.5402365 0.0267089 0.0162632
6 0.3598445 0.5402365 0.0267088 0.0162632
24 0.6317893 0.6662764 0.0267089 0.0174249
1 0.4958169 0.7290061 0.0267088 0.0174249
14 0.4958169 0.4780878 0.0267088 0.0174249
22 0.5638031 0.4780878 0.0267089 0.0174249
10 0.6997755 0.6035470 0.0267088 0.0174249
3 0.4958169 0.6035470 0.0267088 0.0174249
25 0.6317893 0.5402365 0.0267089 0.0162632
12 0.4958169 0.5402365 0.0267088 0.0162632
18 0.6317893 0.7290061 0.0267089 0.0174249
5 0.6317893 0.6035470 0.0267089 0.0174249
25 0.6997755 0.6662764 0.0267088 0.0174249
6 0.5638031 0.6662764 0.0267089 0.0174249
2 0.6317893 0.4780878 0.0267089 0.0174249
27 0.2918583 0.5402365 0.0267089 0.0162632
28 0.5638031 0.7290061 0.0267089 0.0174249
10 0.4278307 0.6035470 0.0267089 0.0174249
25 0.4278307 0.4780878 0.0267089 0.0174249
18 0.4278307 0.7290061 0.0267089 0.0174249
29 0.4958169 0.6662764 0.0267088 0.0174249
27 0.2918583 0.4780878 0.0267089 0.0174249
9 0.3598445 0.6662764 0.0267088 0.0174249
