20 0.4918860 0.2253487 0.0278310 0.0151100
20 0.2085156 0.4001934 0.0278310 0.0151101
32 0.2749305 0.3699733 0.5123437 0.4144467
16 0.3502008 0.2253487 0.0278310 0.0151100
10 0.2085156 0.2836303 0.0278310 0.0151100
25 0.2793582 0.2836303 0.0278310 0.0151100
8 0.4210434 0.2836303 0.0278310 0.0151100
17 0.4918860 0.2836303 0.0278310 0.0151100
1 0.3502008 0.3419118 0.0278310 0.0151100
20 0.4210434 0.3419118 0.0278310 0.0151100
19 0.1376730 0.4001934 0.0278310 0.0151101
33 0.3502008 0.4001934 0.0657824 0.0582816
26 0.3502008 0.4001934 0.0278310 0.0151101
5 0.4918860 0.4001934 0.0278310 0.0151101
24 0.2793582 0.4584750 0.0278310 0.0151101
27 0.3502008 0.5167565 0.0278310 0.0151100
30 0.0668304 0.2836303 0.0278310 0.0151100
5 0.2793582 0.4001934 0.0278310 0.0151101
27 0.2793582 0.2253487 0.0278310 0.0151100
24 0.2793582 0.5167565 0.0278310 0.0151100
19 0.2085156 0.4584750 0.0278310 0.0151101
29 0.3502008 0.4584750 0.0278310 0.0151101
20 0.2085156 0.2253487 0.0278310 0.0151100
30 0.1376730 0.2253487 0.0278310 0.0151100
4 0.4210434 0.5167565 0.0278310 0.0151100
7 0.3502008 0.2836303 0.0278310 0.0151100
4 0.4918860 0.3419118 0.0278310 0.0151100
4 0.4918860 0.5167565 0.0278310 0.0151100
6 0.2793582 0.3419118 0.0278310 0.0151100
8 0.1376730 0.5167565 0.0278310 0.0151100
18 0.2085156 0.5167565 0.0278310 0.0151100
26 0.4918860 0.4584750 0.0278310 0.0151101
21 0.1376730 0.4584750 0.0278310 0.0151101
30 0.0668304 0.3419118 0.0278310 0.0151100
1 0.0668304 0.2253487 0.0278310 0.0151100
17 0.1376730 0.2836303 0.0278310 0.0151100
13 0.4210434 0.2253487 0.0278310 0.0151100
15 0.0668304 0.4001934 0.0278310 0.0151101
17 0.4210434 0.4584750 0.0278310 0.0151101
14 0.2085156 0.3419118 0.0278310 0.0151100
10 0.0668304 0.4584750 0.0278310 0.0151101
14 0.0668304 0.5167565 0.0278310 0.0151100
1 0.4210434 0.4001934 0.0278310 0.0151101
3 0.1376730 0.3419118 0.0278310 0.0151100
