16 0.3510276 0.6977024 0.0276653 0.0162012
2 0.6327108 0.6977024 0.0276653 0.0162012
32 0.5578887 0.6028096 0.5092933 0.4443760
33 0.3510276 0.4477409 0.0653907 0.0624904
14 0.3510276 0.4477409 0.0276653 0.0162012
3 0.4918692 0.4477409 0.0276653 0.0162012
20 0.7735524 0.4477409 0.0276653 0.0162012
24 0.3510276 0.5102313 0.0276653 0.0162012
15 0.6327108 0.6352120 0.0276653 0.0162012
28 0.4214484 0.4477409 0.0276653 0.0162012
30 0.5622900 0.5727216 0.0276653 0.0162012
21 0.7031316 0.6977024 0.0276653 0.0162012
3 0.4918692 0.5102313 0.0276653 0.0162012
9 0.5622900 0.6352120 0.0276653 0.0162012
16 0.5622900 0.4477409 0.0276653 0.0162012
24 0.7031316 0.5102313 0.0276653 0.0162012
17 0.7031316 0.5727216 0.0276653 0.0162012
14 0.4918692 0.5727216 0.0276653 0.0162012
27 0.5622900 0.6977024 0.0276653 0.0162012
2 0.7031316 0.4477409 0.0276653 0.0162012
19 0.7735524 0.6352120 0.0276653 0.0162012
8 0.4918692 0.6352120 0.0276653 0.0162012
11 0.4918692 0.6977024 0.0276653 0.0162012
26 0.4214484 0.6352120 0.0276653 0.0162012
17 0.7735524 0.5727216 0.0276653 0.0162012
8 0.3510276 0.5727216 0.0276653 0.0162012
8 0.4214484 0.6977024 0.0276653 0.0162012
12 0.7735524 0.5102313 0.0276653 0.0162012
9 0.4214484 0.5102313 0.0276653 0.0162012
10 0.3510276 0.6352120 0.0276653 0.0162012
21 0.6327108 0.4477409 0.0276653 0.0162012
28 0.4214484 0.5727216 0.0276653 0.0162012
2 0.7735524 0.6977024 0.0276653 0.0162012
11 0.5622900 0.5102313 0.0276653 0.0162012
3 0.6327108 0.5727216 0.0276653 0.0162012
29 0.6327108 0.5102313 0.0276653 0.0162012
28 0.7031316 0.6352120 0.0276653 0.0162012
