7 0.3161493 0.2867406 0.0279487 0.0161973
19 0.1027229 0.5366425 0.0279487 0.0161974
32 0.3117029 0.3792968 0.5145102 0.4442701
26 0.2450071 0.2242651 0.0279487 0.0161973
5 0.3161493 0.2242651 0.0279487 0.0161973
27 0.5295757 0.2242651 0.0279487 0.0161973
18 0.1027229 0.2867406 0.0279487 0.0161973
6 0.1738650 0.2867406 0.0279487 0.0161973
14 0.4584336 0.2867406 0.0279487 0.0161973
11 0.2450071 0.3492160 0.0279487 0.0161974
17 0.3872915 0.3492160 0.0279487 0.0161974
33 0.2450072 0.4116915 0.0660606 0.0624755
29 0.2450071 0.4116915 0.0279487 0.0161973
2 0.1027229 0.4741670 0.0279487 0.0161974
4 0.5295757 0.4741670 0.0279487 0.0161974
30 0.3161493 0.5366425 0.0279487 0.0161974
2 0.3161493 0.4116915 0.0279487 0.0161973
31 0.4584336 0.4116915 0.0279487 0.0161973
22 0.5295757 0.5366425 0.0279487 0.0161974
24 0.4584336 0.4741670 0.0279487 0.0161974
20 0.3872915 0.2242651 0.0279487 0.0161973
20 0.1738650 0.4741670 0.0279487 0.0161974
16 0.5295757 0.4116915 0.0279487 0.0161973
20 0.3872915 0.4116915 0.0279487 0.0161973
13 0.3872915 0.5366425 0.0279487 0.0161974
8 0.1027229 0.3492160 0.0279487 0.0161974
20 0.2450071 0.2867406 0.0279487 0.0161973
27 0.3161493 0.4741670 0.0279487 0.0161974
1 0.5295757 0.3492160 0.0279487 0.0161974
22 0.1738650 0.2242651 0.0279487 0.0161973
21 0.1027229 0.2242651 0.0279487 0.0161973
27 0.1738650 0.3492160 0.0279487 0.0161974
28 0.1027229 0.4116915 0.0279487 0.0161973
12 0.4584336 0.5366425 0.0279487 0.0161974
17 0.3872915 0.4741670 0.0279487 0.0161974
3 0.4584336 0.2242651 0.0279487 0.0161973
25 0.5295757 0.2867406 0.0279487 0.0161973
26 0.4584336 0.3492160 0.0279487 0.0161974
20 0.3161493 0.3492160 0.0279487 0.0161974
5 0.1738650 0.5366425 0.0279487 0.0161974
14 0.1738650 0.4116915 0.0279487 0.0161973
1 0.3872915 0.2867406 0.0279487 0.0161973
6 0.2450071 0.5366425 0.0279487 0.0161974
3 0.2450071 0.4741670 0.0279487 0.0161974
