18 0.4102755 0.2690111 0.0273681 0.0149060
14 0.4799399 0.3840004 0.0273681 0.0149060
32 0.6149145 0.4116831 0.5038223 0.4088512
4 0.6192685 0.2690111 0.0273682 0.0149060
22 0.8282614 0.2690111 0.0273682 0.0149060
33 0.4799399 0.3265057 0.0646883 0.0574947
28 0.4799399 0.3265057 0.0273681 0.0149060
24 0.8282614 0.3265057 0.0273682 0.0149060
19 0.4102755 0.3840004 0.0273681 0.0149060
10 0.7585971 0.3840004 0.0273682 0.0149060
6 0.7585971 0.4414952 0.0273682 0.0149060
21 0.5496042 0.4989898 0.0273681 0.0149061
23 0.6889328 0.4989898 0.0273682 0.0149061
29 0.5496042 0.5564845 0.0273681 0.0149061
25 0.6889328 0.5564845 0.0273682 0.0149061
9 0.7585971 0.5564845 0.0273682 0.0149061
12 0.4799399 0.4414952 0.0273681 0.0149060
12 0.8282614 0.3840004 0.0273682 0.0149060
18 0.5496042 0.2690111 0.0273681 0.0149060
22 0.8282614 0.4989898 0.0273682 0.0149061
10 0.4799399 0.2690111 0.0273681 0.0149060
11 0.4799399 0.4989898 0.0273681 0.0149061
15 0.4102755 0.5564845 0.0273681 0.0149061
28 0.6192685 0.4414952 0.0273682 0.0149060
29 0.7585971 0.3265057 0.0273682 0.0149060
12 0.6889328 0.3265057 0.0273682 0.0149060
21 0.6889328 0.2690111 0.0273682 0.0149060
21 0.4102755 0.3265057 0.0273681 0.0149060
24 0.4102755 0.4414952 0.0273681 0.0149060
25 0.6192685 0.3840004 0.0273682 0.0149060
24 0.7585971 0.2690111 0.0273682 0.0149060
5 0.5496042 0.4414952 0.0273681 0.0149060
30 0.8282614 0.4414952 0.0273682 0.0149060
29 0.7585971 0.4989898 0.0273682 0.0149061
5 0.6889328 0.4414952 0.0273682 0.0149060
4 0.4102755 0.4989898 0.0273681 0.0149061
3 0.5496042 0.3840004 0.0273681 0.0149060
30 0.4799399 0.5564845 0.0273681 0.0149061
11 0.6192685 0.5564845 0.0273682 0.0149061
15 0.8282614 0.5564845 0.0273682 0.0149061
17 0.6192685 0.3265057 0.0273682 0.0149060
26 0.6889328 0.3840004 0.0273682 0.0149060
26 0.6192685 0.4989898 0.0273682 0.0149061
30 0.5496042 0.3265057 0.0273681 0.0149060
