21 0.2170984 0.3861141 0.0267830 0.0174423
8 0.1489236 0.6372834 0.0267830 0.0174423
32 0.3540567 0.5366994 0.4930499 0.4465232
10 0.4216228 0.3861141 0.0267830 0.0174423
16 0.4897976 0.4483250 0.0267830 0.0162795
3 0.3534480 0.5116987 0.0267830 0.0174424
12 0.2852732 0.5744911 0.0267830 0.0174423
33 0.2170984 0.6367019 0.0633052 0.0627924
14 0.2170984 0.6372834 0.0267830 0.0174423
28 0.1489236 0.3861141 0.0267830 0.0174423
14 0.3534480 0.6372834 0.0267830 0.0174423
25 0.5579723 0.6372834 0.0267830 0.0174423
9 0.4897976 0.6372834 0.0267830 0.0174423
21 0.4897976 0.3861141 0.0267830 0.0174423
6 0.2170984 0.5744911 0.0267830 0.0174423
1 0.5579723 0.5744911 0.0267830 0.0174423
31 0.2852732 0.6372834 0.0267830 0.0174423
21 0.5579723 0.4483250 0.0267830 0.0162795
24 0.1489236 0.5744911 0.0267830 0.0174423
26 0.3534480 0.4483250 0.0267830 0.0162795
25 0.2852732 0.5116987 0.0267830 0.0174424
19 0.4216228 0.6372834 0.0267830 0.0174423
8 0.2852732 0.3861141 0.0267830 0.0174423
17 0.2170984 0.4483250 0.0267830 0.0162795
22 0.2852732 0.4483250 0.0267830 0.0162795
18 0.4897976 0.5116987 0.0267830 0.0174424
11 0.4216228 0.5744911 0.0267830 0.0174423
21 0.1489236 0.5116987 0.0267830 0.0174424
27 0.2170984 0.5116987 0.0267830 0.0174424
12 0.5579723 0.5116987 0.0267830 0.0174424
31 0.1489236 0.4483250 0.0267830 0.0162795
21 0.4897976 0.5744911 0.0267830 0.0174423
21 0.3534480 0.3861141 0.0267830 0.0174423
15 0.4216228 0.5116987 0.0267830 0.0174424
8 0.4216228 0.4483250 0.0267830 0.0162795
3 0.3534480 0.5744911 0.0267830 0.0174423
18 0.5579723 0.3861141 0.0267830 0.0174423
