24 0.4118148 0.5221330 0.0266964 0.0159878
25 0.5477237 0.5221330 0.0266964 0.0159878
32 0.5434766 0.6134914 0.4914563 0.4385203
33 0.4797693 0.4604661 0.0631006 0.0616669
16 0.4797692 0.4604661 0.0266964 0.0159877
3 0.6156782 0.5838000 0.0266964 0.0159878
12 0.5477237 0.6454669 0.0266964 0.0159877
5 0.4797692 0.7071338 0.0266964 0.0159877
7 0.6156782 0.7071338 0.0266964 0.0159877
3 0.4797692 0.5838000 0.0266964 0.0159878
16 0.6836327 0.6454669 0.0266964 0.0159877
11 0.7515871 0.7071338 0.0266964 0.0159877
9 0.3438604 0.6454669 0.0266964 0.0159877
18 0.4797692 0.5221330 0.0266964 0.0159878
20 0.6836327 0.4604661 0.0266964 0.0159877
15 0.7515871 0.4604661 0.0266964 0.0159877
17 0.6156782 0.5221330 0.0266964 0.0159878
1 0.3438604 0.4604661 0.0266964 0.0159877
7 0.5477237 0.7071338 0.0266964 0.0159877
18 0.4118148 0.7071338 0.0266964 0.0159877
15 0.7515871 0.5221330 0.0266964 0.0159878
18 0.5477237 0.4604661 0.0266964 0.0159877
2 0.3438604 0.7071338 0.0266964 0.0159877
25 0.4118148 0.6454669 0.0266964 0.0159877
16 0.7515871 0.6454669 0.0266964 0.0159877
15 0.3438604 0.5838000 0.0266964 0.0159878
7 0.4797692 0.6454669 0.0266964 0.0159877
20 0.6836327 0.5221330 0.0266964 0.0159878
24 0.5477237 0.5838000 0.0266964 0.0159878
3 0.6836327 0.7071338 0.0266964 0.0159877
20 0.6156782 0.6454669 0.0266964 0.0159877
7 0.6156782 0.4604661 0.0266964 0.0159877
7 0.4118148 0.4604661 0.0266964 0.0159877
8 0.6836327 0.5838000 0.0266964 0.0159878
16 0.7515871 0.5838000 0.0266964 0.0159878
1 0.3438604 0.5221330 0.0266964 0.0159878
9 0.4118148 0.5838000 0.0266964 0.0159878
