28 0.5036346 0.5416122 0.0285886 0.0151581
19 0.5764055 0.4831452 0.0285886 0.0151581
32 0.4263155 0.4528290 0.5262895 0.4157647
33 0.3580928 0.3077445 0.0675730 0.0584669
12 0.3580928 0.3077445 0.0285886 0.0151581
14 0.4308637 0.3077445 0.0285886 0.0151581
16 0.2125510 0.4246783 0.0285886 0.0151581
2 0.2853219 0.4246783 0.0285886 0.0151581
5 0.3580928 0.4246783 0.0285886 0.0151581
17 0.5764055 0.4246783 0.0285886 0.0151581
15 0.2853219 0.4831452 0.0285886 0.0151581
24 0.2125510 0.6000791 0.0285886 0.0151581
25 0.2853219 0.6000791 0.0285886 0.0151581
21 0.3580928 0.6000791 0.0285886 0.0151581
22 0.4308637 0.6000791 0.0285886 0.0151581
18 0.6491765 0.6000791 0.0285886 0.0151581
14 0.6491765 0.4831452 0.0285886 0.0151581
9 0.5036346 0.4831452 0.0285886 0.0151581
25 0.2125510 0.5416122 0.0285886 0.0151581
11 0.2125510 0.3077445 0.0285886 0.0151581
5 0.2125510 0.3662114 0.0285886 0.0151581
12 0.6491765 0.3662114 0.0285886 0.0151581
18 0.5764055 0.6000791 0.0285886 0.0151581
25 0.3580928 0.3662114 0.0285886 0.0151581
3 0.4308637 0.4246783 0.0285886 0.0151581
22 0.5764055 0.5416122 0.0285886 0.0151581
4 0.4308637 0.4831452 0.0285886 0.0151581
4 0.2853219 0.3077445 0.0285886 0.0151581
11 0.6491765 0.4246783 0.0285886 0.0151581
30 0.5764055 0.3077445 0.0285886 0.0151581
29 0.5036346 0.4246783 0.0285886 0.0151581
13 0.5036346 0.3662114 0.0285886 0.0151581
4 0.2853219 0.5416122 0.0285886 0.0151581
5 0.5036346 0.3077445 0.0285886 0.0151581
4 0.3580928 0.4831452 0.0285886 0.0151581
11 0.6491765 0.3077445 0.0285886 0.0151581
9 0.5764055 0.3662114 0.0285886 0.0151581
15 0.5036346 0.6000791 0.0285886 0.0151581
16 0.4308637 0.3662114 0.0285886 0.0151581
24 0.6491765 0.5416122 0.0285886 0.0151581
10 0.4308637 0.5416122 0.0285886 0.0151581
8 0.2853219 0.3662114 0.0285886 0.0151581
19 0.3580928 0.5416122 0.0285886 0.0151581
20 0.2125510 0.4831452 0.0285886 0.0151581
