7 0.1979114 0.3345993 0.0283357 0.0168408
25 0.2700385 0.3952258 0.0283357 0.0168408
32 0.2706825 0.3587376 0.5216339 0.4311218
33 0.2700385 0.2127849 0.0669752 0.0606265
16 0.2700385 0.2133463 0.0283357 0.0168407
30 0.4864200 0.2133463 0.0283357 0.0168407
3 0.4864200 0.2734114 0.0283357 0.0157180
10 0.4142928 0.3952258 0.0283357 0.0168408
22 0.3421657 0.4558523 0.0283357 0.0168407
7 0.1979114 0.4558523 0.0283357 0.0168407
14 0.4864200 0.3345993 0.0283357 0.0168408
11 0.0536571 0.2133463 0.0283357 0.0168407
23 0.3421657 0.3345993 0.0283357 0.0168408
1 0.2700385 0.2734114 0.0283357 0.0157180
28 0.1257842 0.4558523 0.0283357 0.0168407
7 0.3421657 0.2734114 0.0283357 0.0157180
20 0.1979114 0.2133463 0.0283357 0.0168407
10 0.0536571 0.4558523 0.0283357 0.0168407
25 0.1257842 0.2133463 0.0283357 0.0168407
21 0.1257842 0.3952258 0.0283357 0.0168408
19 0.2700385 0.3345993 0.0283357 0.0168408
12 0.1257842 0.3345993 0.0283357 0.0168408
8 0.4142928 0.4558523 0.0283357 0.0168407
29 0.0536571 0.2734114 0.0283357 0.0157180
26 0.3421657 0.2133463 0.0283357 0.0168407
1 0.0536571 0.3345993 0.0283357 0.0168408
18 0.2700385 0.4558523 0.0283357 0.0168407
2 0.4142928 0.2734114 0.0283357 0.0157180
23 0.4864200 0.4558523 0.0283357 0.0168407
7 0.4142928 0.3345993 0.0283357 0.0168408
17 0.0536571 0.3952258 0.0283357 0.0168408
28 0.1257842 0.2734114 0.0283357 0.0157180
18 0.4142928 0.2133463 0.0283357 0.0168407
30 0.1979114 0.2734114 0.0283357 0.0157180
22 0.1979114 0.3952258 0.0283357 0.0168408
30 0.3421657 0.3952258 0.0283357 0.0168408
16 0.4864200 0.3952258 0.0283357 0.0168408
