23 0.6081367 0.1988003 0.0274026 0.0162288
9 0.7476407 0.5117847 0.0274026 0.0162288
32 0.6037772 0.3541333 0.5044563 0.4451333
8 0.3988808 0.1988003 0.0274026 0.0162288
25 0.6081367 0.2613972 0.0274026 0.0162288
11 0.6778887 0.2613972 0.0274025 0.0162288
27 0.7476407 0.2613972 0.0274026 0.0162288
33 0.5383848 0.3239941 0.0647697 0.0625968
7 0.5383847 0.3239941 0.0274026 0.0162288
24 0.6778887 0.3239941 0.0274025 0.0162288
9 0.7476407 0.3865909 0.0274026 0.0162288
17 0.4686328 0.4491878 0.0274026 0.0162288
26 0.6081367 0.4491878 0.0274026 0.0162288
29 0.3988808 0.5117847 0.0274026 0.0162288
15 0.4686328 0.5117847 0.0274026 0.0162288
20 0.6081367 0.5117847 0.0274026 0.0162288
25 0.3988808 0.2613972 0.0274026 0.0162288
24 0.8173927 0.2613972 0.0274026 0.0162288
5 0.6081367 0.3239941 0.0274026 0.0162288
13 0.5383847 0.2613972 0.0274026 0.0162288
22 0.6081367 0.3865909 0.0274026 0.0162288
28 0.6778887 0.4491878 0.0274025 0.0162288
15 0.4686328 0.3865909 0.0274026 0.0162288
24 0.6778887 0.3865909 0.0274025 0.0162288
3 0.8173927 0.1988003 0.0274026 0.0162288
18 0.8173927 0.3239941 0.0274026 0.0162288
21 0.5383847 0.4491878 0.0274026 0.0162288
8 0.8173927 0.5117847 0.0274026 0.0162288
19 0.3988808 0.4491878 0.0274026 0.0162288
5 0.3988808 0.3239941 0.0274026 0.0162288
3 0.5383847 0.5117847 0.0274026 0.0162288
22 0.6778887 0.5117847 0.0274025 0.0162288
2 0.4686328 0.1988003 0.0274026 0.0162288
13 0.8173927 0.4491878 0.0274026 0.0162288
21 0.3988808 0.3865909 0.0274026 0.0162288
21 0.8173927 0.3865909 0.0274026 0.0162288
20 0.4686328 0.2613972 0.0274026 0.0162288
12 0.6778887 0.1988003 0.0274025 0.0162288
30 0.4686328 0.3239941 0.0274026 0.0162288
8 0.5383847 0.3865909 0.0274026 0.0162288
21 0.7476407 0.3239941 0.0274026 0.0162288
24 0.7476407 0.4491878 0.0274026 0.0162288
22 0.7476407 0.1988003 0.0274026 0.0162288
24 0.5383847 0.1988003 0.0274026 0.0162288
