25 0.2984923 0.5151996 0.0287027 0.0153477
1 0.3715536 0.3968031 0.0287027 0.0153477
32 0.4400486 0.4845042 0.5283900 0.4209651
13 0.4446150 0.3376049 0.0287027 0.0153477
27 0.2254310 0.3968031 0.0287027 0.0153477
1 0.2984923 0.3968031 0.0287027 0.0153477
28 0.4446150 0.3968031 0.0287027 0.0153477
33 0.5907377 0.3968031 0.0678427 0.0591982
28 0.5907377 0.3968031 0.0287027 0.0153477
19 0.3715536 0.4560013 0.0287027 0.0153477
7 0.2254310 0.5151996 0.0287027 0.0153477
31 0.6637990 0.5151996 0.0287027 0.0153477
20 0.2254310 0.5743978 0.0287027 0.0153477
23 0.2984923 0.6335961 0.0287027 0.0153477
8 0.3715536 0.6335961 0.0287027 0.0153477
10 0.6637990 0.6335961 0.0287027 0.0153477
28 0.5176763 0.6335961 0.0287027 0.0153477
25 0.2984923 0.4560013 0.0287027 0.0153477
6 0.6637990 0.4560013 0.0287027 0.0153477
24 0.6637990 0.3968031 0.0287027 0.0153477
28 0.2254310 0.4560013 0.0287027 0.0153477
2 0.5176763 0.5151996 0.0287027 0.0153477
21 0.5176763 0.3376049 0.0287027 0.0153477
6 0.4446150 0.5151996 0.0287027 0.0153477
4 0.5907377 0.6335961 0.0287027 0.0153477
28 0.2984923 0.3376049 0.0287027 0.0153477
6 0.4446150 0.6335961 0.0287027 0.0153477
26 0.4446150 0.5743978 0.0287027 0.0153477
15 0.5907377 0.4560013 0.0287027 0.0153477
5 0.5907377 0.5743978 0.0287027 0.0153477
18 0.5176763 0.5743978 0.0287027 0.0153477
3 0.3715536 0.5151996 0.0287027 0.0153477
16 0.5176763 0.3968031 0.0287027 0.0153477
5 0.3715536 0.3376049 0.0287027 0.0153477
24 0.3715536 0.5743978 0.0287027 0.0153477
16 0.2254310 0.3376049 0.0287027 0.0153477
24 0.2254310 0.6335961 0.0287027 0.0153477
17 0.5907377 0.5151996 0.0287027 0.0153477
30 0.6637990 0.5743978 0.0287027 0.0153477
31 0.6637990 0.3376049 0.0287027 0.0153477
16 0.4446150 0.4560013 0.0287027 0.0153477
21 0.5907377 0.3376049 0.0287027 0.0153477
5 0.5176763 0.4560013 0.0287027 0.0153477
13 0.2984923 0.5743978 0.0287027 0.0153477
