8 0.6875411 0.3073897 0.0272227 0.0167385
24 0.6182468 0.4881658 0.0272227 0.0167385
32 0.5495713 0.4518990 0.5011459 0.4285063
33 0.4103642 0.3068317 0.0643446 0.0602587
17 0.4103642 0.3073897 0.0272227 0.0167385
10 0.3410699 0.4279071 0.0272227 0.0167386
22 0.6182468 0.4279071 0.0272227 0.0167386
25 0.7568353 0.4881658 0.0272227 0.0167385
9 0.4796584 0.5484245 0.0272227 0.0167386
25 0.3410699 0.3073897 0.0272227 0.0167385
16 0.5489526 0.4881658 0.0272227 0.0167385
21 0.4796584 0.3670904 0.0272227 0.0156226
12 0.4103642 0.4881658 0.0272227 0.0167385
25 0.4103642 0.5484245 0.0272227 0.0167386
1 0.5489526 0.3670904 0.0272227 0.0156226
24 0.6875411 0.5484245 0.0272227 0.0167386
22 0.4796584 0.4881658 0.0272227 0.0167385
9 0.6182468 0.3073897 0.0272227 0.0167385
2 0.4103642 0.3670904 0.0272227 0.0156226
3 0.3410699 0.4881658 0.0272227 0.0167385
31 0.7568353 0.3670904 0.0272227 0.0156226
8 0.7568353 0.3073897 0.0272227 0.0167385
3 0.3410699 0.3670904 0.0272227 0.0156226
5 0.7568353 0.5484245 0.0272227 0.0167386
29 0.5489526 0.5484245 0.0272227 0.0167386
27 0.6875411 0.3670904 0.0272227 0.0156226
23 0.4796584 0.4279071 0.0272227 0.0167386
17 0.6182468 0.5484245 0.0272227 0.0167386
1 0.5489526 0.3073897 0.0272227 0.0167385
31 0.6875411 0.4881658 0.0272227 0.0167385
11 0.6875411 0.4279071 0.0272227 0.0167386
7 0.5489526 0.4279071 0.0272227 0.0167386
4 0.4103642 0.4279071 0.0272227 0.0167386
16 0.4796584 0.3073897 0.0272227 0.0167385
23 0.7568353 0.4279071 0.0272227 0.0167386
8 0.6182468 0.3670904 0.0272227 0.0156226
27 0.3410699 0.5484245 0.0272227 0.0167386
