15 0.2708113 0.1932597 0.0270505 0.0153802
10 0.2708113 0.2525832 0.0270505 0.0153801
32 0.2665078 0.3404698 0.4979741 0.4218556
5 0.0642442 0.3119066 0.0270504 0.0153802
33 0.2019556 0.3119066 0.0639374 0.0593235
5 0.2019556 0.3119066 0.0270504 0.0153802
3 0.4773783 0.3119066 0.0270504 0.0153802
24 0.0642442 0.3712301 0.0270504 0.0153802
1 0.4773783 0.3712301 0.0270504 0.0153802
31 0.0642442 0.4305535 0.0270504 0.0153802
10 0.1330999 0.4305535 0.0270504 0.0153802
16 0.4085226 0.4305535 0.0270504 0.0153802
21 0.4773783 0.4305535 0.0270504 0.0153802
2 0.2708113 0.4898770 0.0270505 0.0153802
15 0.3396670 0.4898770 0.0270504 0.0153802
18 0.4085226 0.4898770 0.0270504 0.0153802
8 0.3396670 0.2525832 0.0270504 0.0153801
25 0.1330999 0.3119066 0.0270504 0.0153802
31 0.1330999 0.2525832 0.0270504 0.0153801
29 0.4085226 0.1932597 0.0270504 0.0153802
8 0.1330999 0.1932597 0.0270504 0.0153802
31 0.3396670 0.3712301 0.0270504 0.0153802
11 0.2708113 0.4305535 0.0270505 0.0153802
8 0.2019556 0.3712301 0.0270504 0.0153802
2 0.4773783 0.1932597 0.0270504 0.0153802
26 0.0642442 0.4898770 0.0270504 0.0153802
15 0.2708113 0.3119066 0.0270505 0.0153802
28 0.4085226 0.3119066 0.0270504 0.0153802
17 0.4085226 0.2525832 0.0270504 0.0153801
26 0.2019556 0.4898770 0.0270504 0.0153802
15 0.4773783 0.2525832 0.0270504 0.0153801
1 0.2019556 0.1932597 0.0270504 0.0153802
14 0.4773783 0.4898770 0.0270504 0.0153802
14 0.3396670 0.4305535 0.0270504 0.0153802
17 0.3396670 0.3119066 0.0270504 0.0153802
11 0.1330999 0.3712301 0.0270504 0.0153802
18 0.0642442 0.2525832 0.0270504 0.0153801
15 0.2708113 0.3712301 0.0270505 0.0153802
4 0.4085226 0.3712301 0.0270504 0.0153802
4 0.0642442 0.1932597 0.0270504 0.0153802
4 0.2019556 0.4305535 0.0270504 0.0153802
4 0.1330999 0.4898770 0.0270504 0.0153802
28 0.2019556 0.2525832 0.0270504 0.0153801
15 0.3396670 0.1932597 0.0270504 0.0153802
