25 0.3781166 0.4372395 0.0276316 0.0157569
6 0.2374466 0.4372395 0.0276316 0.0157569
32 0.4440556 0.4665023 0.5086727 0.4321895
9 0.2374466 0.3156862 0.0276316 0.0157569
13 0.4484515 0.3764628 0.0276316 0.0157569
33 0.2374466 0.4980162 0.0653111 0.0607766
30 0.2374466 0.4980161 0.0276316 0.0157569
21 0.3077816 0.4980161 0.0276316 0.0157569
19 0.5891215 0.5587928 0.0276316 0.0157569
23 0.3781166 0.5587928 0.0276316 0.0157569
9 0.6594565 0.3156862 0.0276316 0.0157569
24 0.3781166 0.3764628 0.0276316 0.0157569
12 0.5891215 0.4980161 0.0276316 0.0157569
28 0.2374466 0.3764628 0.0276316 0.0157569
10 0.5187865 0.4372395 0.0276316 0.0157569
7 0.6594565 0.4372395 0.0276316 0.0157569
2 0.4484515 0.5587928 0.0276316 0.0157569
3 0.6594565 0.4980161 0.0276316 0.0157569
2 0.3077816 0.4372395 0.0276316 0.0157569
26 0.3077816 0.5587928 0.0276316 0.0157569
10 0.5187865 0.3156862 0.0276316 0.0157569
11 0.5187865 0.4980161 0.0276316 0.0157569
18 0.3077816 0.3156862 0.0276316 0.0157569
13 0.3781166 0.3156862 0.0276316 0.0157569
23 0.5891215 0.3764628 0.0276316 0.0157569
20 0.5187865 0.3764628 0.0276316 0.0157569
4 0.5187865 0.5587928 0.0276316 0.0157569
14 0.6594565 0.3764628 0.0276316 0.0157569
29 0.4484515 0.4980161 0.0276316 0.0157569
12 0.5891215 0.4372395 0.0276316 0.0157569
11 0.3077816 0.3764628 0.0276316 0.0157569
4 0.4484515 0.4372395 0.0276316 0.0157569
15 0.6594565 0.5587928 0.0276316 0.0157569
8 0.2374466 0.5587928 0.0276316 0.0157569
5 0.4484515 0.3156862 0.0276316 0.0157569
13 0.5891215 0.3156862 0.0276316 0.0157569
26 0.3781166 0.4980161 0.0276316 0.0157569
