29 0.6409154 0.4054530 0.0273454 0.0158943
27 0.8497344 0.2828396 0.0273454 0.0158943
32 0.6365650 0.4349710 0.5034030 0.4359588
15 0.7801281 0.2828396 0.0273454 0.0158943
1 0.4320964 0.4054530 0.0273454 0.0158943
33 0.5017027 0.4054530 0.0646345 0.0613067
17 0.5017027 0.4054530 0.0273454 0.0158943
8 0.4320964 0.4667597 0.0273454 0.0158944
7 0.5017027 0.4667597 0.0273454 0.0158944
15 0.8497344 0.5280664 0.0273454 0.0158944
16 0.5713091 0.5280664 0.0273454 0.0158944
7 0.6409154 0.2828396 0.0273454 0.0158943
28 0.5713091 0.4054530 0.0273454 0.0158943
26 0.5017027 0.5280664 0.0273454 0.0158944
21 0.8497344 0.4054530 0.0273454 0.0158943
30 0.6409154 0.5280664 0.0273454 0.0158944
5 0.6409154 0.3441463 0.0273454 0.0158943
25 0.7801281 0.3441463 0.0273454 0.0158943
4 0.6409154 0.4667597 0.0273454 0.0158944
19 0.7105217 0.4054530 0.0273454 0.0158943
27 0.7105217 0.5280664 0.0273454 0.0158944
20 0.5017027 0.3441463 0.0273454 0.0158943
20 0.7801281 0.4054530 0.0273454 0.0158943
23 0.4320964 0.2828396 0.0273454 0.0158943
17 0.4320964 0.5280664 0.0273454 0.0158944
24 0.8497344 0.4667597 0.0273454 0.0158944
31 0.5017027 0.2828396 0.0273454 0.0158943
2 0.4320964 0.3441463 0.0273454 0.0158943
26 0.5713091 0.3441463 0.0273454 0.0158943
7 0.7105217 0.3441463 0.0273454 0.0158943
23 0.8497344 0.3441463 0.0273454 0.0158943
17 0.7105217 0.4667597 0.0273454 0.0158944
31 0.5713091 0.2828396 0.0273454 0.0158943
30 0.7801281 0.5280664 0.0273454 0.0158944
17 0.7801281 0.4667597 0.0273454 0.0158944
23 0.7105217 0.2828396 0.0273454 0.0158943
30 0.5713091 0.4667597 0.0273454 0.0158944
