7 0.2867807 0.3079315 0.0274448 0.0160378
25 0.4963591 0.3079315 0.0274448 0.0160378
32 0.3522739 0.4614356 0.5052337 0.4398925
1 0.3566402 0.3079315 0.0274448 0.0160378
5 0.1470617 0.3697914 0.0274448 0.0160378
20 0.2169212 0.3697914 0.0274448 0.0160378
4 0.3566402 0.4316513 0.0274448 0.0160377
11 0.4264996 0.4316513 0.0274448 0.0160377
12 0.3566402 0.4935111 0.0274448 0.0160377
26 0.1470617 0.5553710 0.0274448 0.0160377
24 0.2169212 0.5553710 0.0274448 0.0160377
8 0.2867807 0.5553710 0.0274448 0.0160377
33 0.4963591 0.5553711 0.0648695 0.0618599
3 0.4963591 0.5553710 0.0274448 0.0160377
14 0.2867807 0.6172309 0.0274448 0.0160378
16 0.5662186 0.6172309 0.0274448 0.0160378
5 0.5662186 0.4316513 0.0274448 0.0160377
15 0.1470617 0.6172309 0.0274448 0.0160378
27 0.3566402 0.3697914 0.0274448 0.0160378
18 0.4264996 0.5553710 0.0274448 0.0160377
31 0.4963591 0.4935111 0.0274448 0.0160377
13 0.5662186 0.4935111 0.0274448 0.0160377
31 0.1470617 0.4935111 0.0274448 0.0160377
29 0.3566402 0.5553710 0.0274448 0.0160377
16 0.5662186 0.3697914 0.0274448 0.0160378
14 0.4963591 0.3697914 0.0274448 0.0160378
13 0.4963591 0.4316513 0.0274448 0.0160377
29 0.5662186 0.5553710 0.0274448 0.0160377
25 0.4264996 0.6172309 0.0274448 0.0160378
2 0.2169212 0.4316513 0.0274448 0.0160377
26 0.4264996 0.4935111 0.0274448 0.0160377
24 0.3566402 0.6172309 0.0274448 0.0160378
14 0.4963591 0.6172309 0.0274448 0.0160378
19 0.1470617 0.4316513 0.0274448 0.0160377
6 0.4264996 0.3697914 0.0274448 0.0160378
13 0.4264996 0.3079315 0.0274448 0.0160378
16 0.2867807 0.4935111 0.0274448 0.0160377
27 0.5662186 0.3079315 0.0274448 0.0160378
2 0.1470617 0.3079315 0.0274448 0.0160378
30 0.2169212 0.6172309 0.0274448 0.0160378
30 0.2169212 0.3079315 0.0274448 0.0160378
25 0.2867807 0.4316513 0.0274448 0.0160377
14 0.2169212 0.4935111 0.0274448 0.0160377
14 0.2867807 0.3697914 0.0274448 0.0160378
