20 0.5851128 0.6941085 0.0285238 0.0147823
15 0.4399007 0.4660379 0.0285238 0.0147823
32 0.5805749 0.5505086 0.5250972 0.4054588
2 0.5851128 0.4090203 0.0285238 0.0147823
13 0.3672946 0.4660379 0.0285238 0.0147823
27 0.3672946 0.5230556 0.0285238 0.0147823
4 0.4399007 0.5230556 0.0285238 0.0147823
33 0.3672946 0.5800732 0.0674199 0.0570177
5 0.3672946 0.5800732 0.0285238 0.0147824
24 0.5125067 0.5800732 0.0285238 0.0147824
7 0.5851128 0.5800732 0.0285238 0.0147824
20 0.7303249 0.5800732 0.0285239 0.0147824
14 0.8029309 0.5800732 0.0285238 0.0147824
29 0.3672946 0.6941085 0.0285238 0.0147823
5 0.4399007 0.6941085 0.0285238 0.0147823
11 0.6577188 0.6941085 0.0285239 0.0147823
28 0.7303249 0.6370909 0.0285239 0.0147823
1 0.3672946 0.6370909 0.0285238 0.0147823
7 0.8029309 0.5230556 0.0285238 0.0147823
17 0.8029309 0.4090203 0.0285238 0.0147823
30 0.6577188 0.6370909 0.0285239 0.0147823
14 0.6577188 0.5230556 0.0285239 0.0147823
18 0.5125067 0.6370909 0.0285238 0.0147823
22 0.4399007 0.6370909 0.0285238 0.0147823
3 0.7303249 0.6941085 0.0285239 0.0147823
19 0.3672946 0.4090203 0.0285238 0.0147823
14 0.5851128 0.6370909 0.0285238 0.0147823
25 0.5125067 0.6941085 0.0285238 0.0147823
29 0.8029309 0.6941085 0.0285238 0.0147823
9 0.7303249 0.5230556 0.0285239 0.0147823
20 0.8029309 0.4660379 0.0285238 0.0147823
29 0.7303249 0.4660379 0.0285239 0.0147823
14 0.5125067 0.4090203 0.0285238 0.0147823
30 0.6577188 0.5800732 0.0285239 0.0147824
6 0.5851128 0.5230556 0.0285238 0.0147823
27 0.5125067 0.5230556 0.0285238 0.0147823
11 0.7303249 0.4090203 0.0285239 0.0147823
13 0.6577188 0.4090203 0.0285239 0.0147823
31 0.4399007 0.5800732 0.0285238 0.0147824
26 0.5851128 0.4660379 0.0285238 0.0147823
10 0.8029309 0.6370909 0.0285238 0.0147823
3 0.4399007 0.4090203 0.0285238 0.0147823
11 0.5125067 0.4660379 0.0285238 0.0147823
8 0.6577188 0.4660379 0.0285239 0.0147823
