27 0.4686710 0.6767308 0.0278772 0.0151551
10 0.0429096 0.6182753 0.0278772 0.0151552
32 0.2546012 0.5879650 0.5067025 0.4156837
33 0.0429096 0.4429087 0.0658916 0.0584555
18 0.0429096 0.4429087 0.0278772 0.0151551
29 0.1138698 0.4429087 0.0278772 0.0151551
25 0.4686710 0.4429087 0.0278772 0.0151551
22 0.2557903 0.5013642 0.0278772 0.0151551
20 0.1138698 0.5598197 0.0278772 0.0151552
1 0.1138698 0.6182753 0.0278772 0.0151552
2 0.3267505 0.6182753 0.0278772 0.0151552
7 0.1138698 0.6767308 0.0278772 0.0151551
3 0.3977107 0.6767308 0.0278772 0.0151551
30 0.1848300 0.7351864 0.0278772 0.0151551
9 0.2557903 0.7351864 0.0278772 0.0151551
27 0.4686710 0.7351864 0.0278772 0.0151551
26 0.3267505 0.4429087 0.0278772 0.0151551
11 0.3267505 0.5013642 0.0278772 0.0151551
29 0.3977107 0.4429087 0.0278772 0.0151551
28 0.2557903 0.4429087 0.0278772 0.0151551
2 0.1848300 0.4429087 0.0278772 0.0151551
9 0.0429096 0.5013642 0.0278772 0.0151551
6 0.3977107 0.5598197 0.0278772 0.0151552
5 0.2557903 0.6767308 0.0278772 0.0151551
25 0.4686710 0.6182753 0.0278772 0.0151552
2 0.1848300 0.6767308 0.0278772 0.0151551
21 0.1848300 0.5013642 0.0278772 0.0151551
9 0.3267505 0.6767308 0.0278772 0.0151551
6 0.1848300 0.5598197 0.0278772 0.0151552
19 0.0429096 0.6767308 0.0278772 0.0151551
13 0.1138698 0.5013642 0.0278772 0.0151551
6 0.0429096 0.5598197 0.0278772 0.0151552
15 0.3267505 0.7351864 0.0278772 0.0151551
8 0.4686710 0.5598197 0.0278772 0.0151552
2 0.3977107 0.7351864 0.0278772 0.0151551
28 0.0429096 0.7351864 0.0278772 0.0151551
19 0.3267505 0.5598197 0.0278772 0.0151552
15 0.3977107 0.5013642 0.0278772 0.0151551
31 0.1848300 0.6182753 0.0278772 0.0151552
20 0.2557903 0.5598197 0.0278772 0.0151552
31 0.4686710 0.5013642 0.0278772 0.0151551
15 0.3977107 0.6182753 0.0278772 0.0151552
2 0.2557903 0.6182753 0.0278772 0.0151552
18 0.1138698 0.7351864 0.0278772 0.0151551
