11 0.4703735 0.2913894 0.0277010 0.0174397
13 0.3293500 0.4169556 0.0277010 0.0174398
32 0.2594678 0.4419527 0.5099509 0.4464577
30 0.0473031 0.3535912 0.0277010 0.0162771
7 0.1883266 0.4169556 0.0277010 0.0174398
5 0.1883266 0.4797387 0.0277010 0.0174397
33 0.4703735 0.4791574 0.0654752 0.0627831
1 0.4703735 0.4797387 0.0277010 0.0174397
6 0.3293500 0.5425218 0.0277010 0.0174398
17 0.1883266 0.2913894 0.0277010 0.0174397
14 0.2588383 0.5425218 0.0277010 0.0174398
20 0.2588383 0.3535912 0.0277010 0.0162771
25 0.0473031 0.2913894 0.0277010 0.0174397
2 0.1178148 0.3535912 0.0277010 0.0162771
5 0.4703735 0.4169556 0.0277010 0.0174398
30 0.3293500 0.3535912 0.0277010 0.0162771
2 0.3998618 0.4169556 0.0277010 0.0174398
22 0.3293500 0.4797387 0.0277010 0.0174397
24 0.0473031 0.4169556 0.0277010 0.0174398
15 0.2588383 0.2913894 0.0277010 0.0174397
6 0.0473031 0.4797387 0.0277010 0.0174397
18 0.3998618 0.2913894 0.0277010 0.0174397
12 0.1178148 0.2913894 0.0277010 0.0174397
14 0.1178148 0.5425218 0.0277010 0.0174398
29 0.3293500 0.2913894 0.0277010 0.0174397
9 0.3998618 0.4797387 0.0277010 0.0174397
19 0.1883266 0.5425218 0.0277010 0.0174398
16 0.4703735 0.5425218 0.0277010 0.0174398
7 0.1178148 0.4169556 0.0277010 0.0174398
5 0.1178148 0.4797387 0.0277010 0.0174397
5 0.3998618 0.5425218 0.0277010 0.0174398
4 0.2588383 0.4797387 0.0277010 0.0174397
14 0.4703735 0.3535912 0.0277010 0.0162771
1 0.3998618 0.3535912 0.0277010 0.0162771
15 0.2588383 0.4169556 0.0277010 0.0174398
28 0.0473031 0.5425218 0.0277010 0.0174398
4 0.1883266 0.3535912 0.0277010 0.0162771
