19 0.7154955 0.4846722 0.0276987 0.0158234
4 0.3629658 0.5457053 0.0276987 0.0158234
32 0.5700770 0.4530254 0.5099091 0.4340131
33 0.3629658 0.3015729 0.0654698 0.0610331
10 0.3629658 0.3015730 0.0276987 0.0158234
5 0.5744836 0.3626061 0.0276987 0.0158234
13 0.6449895 0.3626061 0.0276988 0.0158234
18 0.5744836 0.4846722 0.0276987 0.0158234
9 0.7860014 0.5457053 0.0276987 0.0158234
18 0.5039777 0.5457053 0.0276988 0.0158234
18 0.5039777 0.4236392 0.0276988 0.0158234
8 0.7860014 0.3015730 0.0276987 0.0158234
13 0.5039777 0.3015730 0.0276988 0.0158234
9 0.4334717 0.5457053 0.0276987 0.0158234
5 0.4334717 0.3626061 0.0276987 0.0158234
26 0.4334717 0.3015730 0.0276987 0.0158234
16 0.7860014 0.3626061 0.0276987 0.0158234
10 0.6449895 0.4236392 0.0276988 0.0158234
10 0.3629658 0.4236392 0.0276987 0.0158234
25 0.4334717 0.4846722 0.0276987 0.0158234
3 0.6449895 0.4846722 0.0276988 0.0158234
2 0.7154955 0.3015730 0.0276987 0.0158234
2 0.7154955 0.4236392 0.0276987 0.0158234
3 0.7860014 0.4236392 0.0276987 0.0158234
5 0.7154955 0.3626061 0.0276987 0.0158234
23 0.6449895 0.5457053 0.0276988 0.0158234
8 0.4334717 0.4236392 0.0276987 0.0158234
7 0.5744836 0.5457053 0.0276987 0.0158234
25 0.6449895 0.3015730 0.0276988 0.0158234
5 0.5744836 0.3015730 0.0276987 0.0158234
21 0.5039777 0.3626061 0.0276988 0.0158234
25 0.7860014 0.4846722 0.0276987 0.0158234
18 0.3629658 0.3626061 0.0276987 0.0158234
14 0.3629658 0.4846722 0.0276987 0.0158234
12 0.5039777 0.4846722 0.0276988 0.0158234
7 0.5744836 0.4236392 0.0276987 0.0158234
12 0.7154955 0.5457053 0.0276987 0.0158234
