28 0.3787584 0.4156822 0.0283020 0.0164575
15 0.5228411 0.2379408 0.0283019 0.0164575
32 0.3073603 0.3800242 0.5210132 0.4213127
4 0.2346757 0.2379408 0.0283020 0.0164575
18 0.2346757 0.2966394 0.0283020 0.0153604
20 0.3067171 0.2966394 0.0283019 0.0153604
5 0.0905931 0.3564351 0.0283020 0.0164575
28 0.3067171 0.3564351 0.0283019 0.0164575
9 0.0905931 0.4156822 0.0283020 0.0164575
23 0.3787584 0.4749293 0.0283020 0.0164575
6 0.5228411 0.4749293 0.0283019 0.0164575
25 0.0905931 0.5336278 0.0283020 0.0153604
33 0.3067171 0.5336278 0.0668955 0.0592471
18 0.3067171 0.5336278 0.0283019 0.0153604
12 0.4507997 0.5336278 0.0283020 0.0153604
16 0.5228411 0.5336278 0.0283019 0.0153604
21 0.1626344 0.4156822 0.0283020 0.0164575
11 0.1626344 0.5336278 0.0283020 0.0153604
26 0.4507997 0.4749293 0.0283020 0.0164575
14 0.0905931 0.2966394 0.0283020 0.0153604
28 0.3787584 0.5336278 0.0283020 0.0153604
17 0.4507997 0.4156822 0.0283020 0.0164575
21 0.2346757 0.5336278 0.0283020 0.0153604
9 0.2346757 0.4156822 0.0283020 0.0164575
27 0.3067171 0.4156822 0.0283019 0.0164575
16 0.2346757 0.3564351 0.0283020 0.0164575
5 0.5228411 0.4156822 0.0283019 0.0164575
21 0.2346757 0.4749293 0.0283020 0.0164575
2 0.1626344 0.2379408 0.0283020 0.0164575
22 0.5228411 0.2966394 0.0283019 0.0153604
1 0.1626344 0.4749293 0.0283020 0.0164575
27 0.3787584 0.2379408 0.0283020 0.0164575
4 0.1626344 0.2966394 0.0283020 0.0153604
10 0.4507997 0.3564351 0.0283020 0.0164575
25 0.3067171 0.2379408 0.0283019 0.0164575
13 0.3787584 0.2966394 0.0283020 0.0153604
20 0.4507997 0.2379408 0.0283020 0.0164575
4 0.3067171 0.4749293 0.0283019 0.0164575
30 0.1626344 0.3564351 0.0283020 0.0164575
11 0.0905931 0.2379408 0.0283020 0.0164575
3 0.4507997 0.2966394 0.0283020 0.0153604
16 0.0905931 0.4749293 0.0283020 0.0164575
30 0.3787584 0.3564351 0.0283020 0.0164575
17 0.5228411 0.3564351 0.0283019 0.0164575
