10 0.3463058 0.5975495 0.0277414 0.0161641
17 0.4169202 0.5352023 0.0277414 0.0161641
32 0.4831213 0.5652214 0.5106937 0.4433577
26 0.5581491 0.4105080 0.0277414 0.0161641
24 0.6993779 0.4105080 0.0277414 0.0161641
33 0.3463058 0.5352024 0.0655705 0.0623471
14 0.3463058 0.5352023 0.0277414 0.0161641
20 0.5581491 0.5352023 0.0277414 0.0161641
29 0.6993779 0.5352023 0.0277414 0.0161641
1 0.4875346 0.5975495 0.0277414 0.0161641
11 0.6287635 0.4728552 0.0277414 0.0161641
11 0.5581491 0.4728552 0.0277414 0.0161641
14 0.3463058 0.6598968 0.0277414 0.0161641
19 0.5581491 0.6598968 0.0277414 0.0161641
31 0.2756914 0.5975495 0.0277414 0.0161641
14 0.2756914 0.6598968 0.0277414 0.0161641
14 0.3463058 0.4728552 0.0277414 0.0161641
28 0.2756914 0.5352023 0.0277414 0.0161641
10 0.4875346 0.4105080 0.0277414 0.0161641
19 0.3463058 0.4105080 0.0277414 0.0161641
28 0.6287635 0.6598968 0.0277414 0.0161641
8 0.6993779 0.4728552 0.0277414 0.0161641
27 0.6287635 0.4105080 0.0277414 0.0161641
3 0.4875346 0.5352023 0.0277414 0.0161641
7 0.4875346 0.4728552 0.0277414 0.0161641
13 0.5581491 0.5975495 0.0277414 0.0161641
13 0.2756914 0.4728552 0.0277414 0.0161641
14 0.6287635 0.5975495 0.0277414 0.0161641
4 0.4169202 0.4728552 0.0277414 0.0161641
19 0.4169202 0.6598968 0.0277414 0.0161641
31 0.4169202 0.4105080 0.0277414 0.0161641
13 0.4169202 0.5975495 0.0277414 0.0161641
11 0.6287635 0.5352023 0.0277414 0.0161641
19 0.6993779 0.6598968 0.0277414 0.0161641
5 0.2756914 0.4105080 0.0277414 0.0161641
26 0.4875346 0.6598968 0.0277414 0.0161641
31 0.6993779 0.5975495 0.0277414 0.0161641
