7 0.7056801 0.4461733 0.0269064 0.0163016
3 0.7056801 0.5048590 0.0269064 0.0163016
32 0.6378029 0.4108531 0.4953201 0.4173210
33 0.6371914 0.2695726 0.0635966 0.0586857
5 0.6371914 0.2701160 0.0269063 0.0163016
28 0.7056801 0.3282584 0.0269064 0.0152148
9 0.7741688 0.3282584 0.0269063 0.0152148
27 0.4317252 0.3874875 0.0269062 0.0163016
26 0.5002140 0.3874875 0.0269063 0.0163016
22 0.4317252 0.4461733 0.0269062 0.0163016
2 0.7741688 0.4461733 0.0269063 0.0163016
6 0.5002140 0.5048590 0.0269063 0.0163016
21 0.5687027 0.5048590 0.0269063 0.0163016
20 0.8426575 0.5048590 0.0269063 0.0163016
25 0.4317252 0.5630014 0.0269062 0.0152148
29 0.8426575 0.5630014 0.0269063 0.0152148
3 0.6371914 0.5048590 0.0269063 0.0163016
19 0.8426575 0.2701160 0.0269063 0.0163016
22 0.5687027 0.3282584 0.0269063 0.0152148
8 0.7741688 0.2701160 0.0269063 0.0163016
31 0.7056801 0.3874875 0.0269064 0.0163016
25 0.8426575 0.3874875 0.0269063 0.0163016
9 0.6371914 0.3874875 0.0269063 0.0163016
26 0.5687027 0.3874875 0.0269063 0.0163016
10 0.8426575 0.3282584 0.0269063 0.0152148
27 0.5002140 0.5630014 0.0269063 0.0152148
30 0.7056801 0.5630014 0.0269064 0.0152148
12 0.5687027 0.2701160 0.0269063 0.0163016
16 0.5002140 0.4461733 0.0269063 0.0163016
28 0.4317252 0.5048590 0.0269062 0.0163016
10 0.6371914 0.4461733 0.0269063 0.0163016
6 0.8426575 0.4461733 0.0269063 0.0163016
27 0.5687027 0.5630014 0.0269063 0.0152148
20 0.5002140 0.2701160 0.0269063 0.0163016
25 0.6371914 0.5630014 0.0269063 0.0152148
15 0.7741688 0.5630014 0.0269063 0.0152148
22 0.7741688 0.5048590 0.0269063 0.0163016
31 0.7741688 0.3874875 0.0269063 0.0163016
1 0.7056801 0.2701160 0.0269064 0.0163016
17 0.5002140 0.3282584 0.0269063 0.0152148
21 0.6371914 0.3282584 0.0269063 0.0152148
7 0.4317252 0.2701160 0.0269062 0.0163016
17 0.5687027 0.4461733 0.0269063 0.0163016
10 0.4317252 0.3282584 0.0269062 0.0152148
