10 0.4621404 0.2883717 0.0282743 0.0156218
13 0.5341113 0.2286741 0.0282743 0.0167377
32 0.3188413 0.3731757 0.5205035 0.4284836
11 0.1022862 0.2286741 0.0282743 0.0167377
4 0.1742570 0.2286741 0.0282743 0.0167377
2 0.1022862 0.4094406 0.0282743 0.0167377
6 0.1742570 0.4094406 0.0282743 0.0167377
33 0.2462279 0.4088827 0.0668301 0.0602555
16 0.2462279 0.4094406 0.0282743 0.0167377
22 0.3901696 0.4696961 0.0282743 0.0167377
31 0.2462279 0.3491851 0.0282743 0.0167376
29 0.4621404 0.4094406 0.0282743 0.0167377
29 0.1022862 0.4696961 0.0282743 0.0167377
3 0.1022862 0.3491851 0.0282743 0.0167376
20 0.5341113 0.3491851 0.0282743 0.0167376
14 0.3181987 0.4696961 0.0282743 0.0167377
15 0.5341113 0.4094406 0.0282743 0.0167377
12 0.1742570 0.2883717 0.0282743 0.0156218
12 0.3181987 0.2286741 0.0282743 0.0167377
11 0.3901696 0.2883717 0.0282743 0.0156218
3 0.5341113 0.2883717 0.0282743 0.0156218
9 0.4621404 0.2286741 0.0282743 0.0167377
27 0.3901696 0.3491851 0.0282743 0.0167376
2 0.2462279 0.4696961 0.0282743 0.0167377
9 0.4621404 0.4696961 0.0282743 0.0167377
14 0.5341113 0.4696961 0.0282743 0.0167377
28 0.1742570 0.4696961 0.0282743 0.0167377
9 0.2462279 0.2883717 0.0282743 0.0156218
12 0.3901696 0.2286741 0.0282743 0.0167377
19 0.3181987 0.4094406 0.0282743 0.0167377
6 0.3181987 0.3491851 0.0282743 0.0167376
9 0.2462279 0.2286741 0.0282743 0.0167377
8 0.4621404 0.3491851 0.0282743 0.0167376
1 0.1022862 0.2883717 0.0282743 0.0156218
20 0.1742570 0.3491851 0.0282743 0.0167376
4 0.3901696 0.4094406 0.0282743 0.0167377
11 0.3181987 0.2883717 0.0282743 0.0156218
