4 0.6891391 0.6083198 0.0282577 0.0152397
5 0.4733535 0.7258835 0.0282577 0.0152398
32 0.5407865 0.5778404 0.5201976 0.4180042
22 0.3294963 0.4319744 0.0282577 0.0152398
21 0.3294963 0.4907562 0.0282577 0.0152398
18 0.4014249 0.5495380 0.0282576 0.0152397
17 0.6172106 0.5495380 0.0282577 0.0152397
11 0.3294963 0.6083198 0.0282577 0.0152397
31 0.4014249 0.6083198 0.0282576 0.0152397
20 0.6172106 0.6083198 0.0282577 0.0152397
7 0.7610677 0.6083198 0.0282577 0.0152397
33 0.3294964 0.6671017 0.0667908 0.0587819
18 0.3294963 0.6671017 0.0282577 0.0152397
24 0.6172106 0.6671017 0.0282577 0.0152397
1 0.6891391 0.6671017 0.0282577 0.0152397
28 0.6172106 0.7258835 0.0282577 0.0152398
24 0.4733535 0.5495380 0.0282577 0.0152397
16 0.5452820 0.6671017 0.0282577 0.0152397
20 0.6172106 0.4907562 0.0282577 0.0152398
25 0.5452820 0.4907562 0.0282577 0.0152398
30 0.4733535 0.6671017 0.0282577 0.0152397
17 0.3294963 0.5495380 0.0282577 0.0152397
31 0.5452820 0.6083198 0.0282577 0.0152397
27 0.6891391 0.5495380 0.0282577 0.0152397
15 0.4014249 0.4319744 0.0282576 0.0152398
3 0.4014249 0.4907562 0.0282576 0.0152398
5 0.6891391 0.7258835 0.0282577 0.0152398
14 0.4014249 0.7258835 0.0282576 0.0152398
19 0.6172106 0.4319744 0.0282577 0.0152398
26 0.7610677 0.5495380 0.0282577 0.0152397
29 0.5452820 0.5495380 0.0282577 0.0152397
16 0.7610677 0.4319744 0.0282577 0.0152398
28 0.5452820 0.4319744 0.0282577 0.0152398
2 0.6891391 0.4319744 0.0282577 0.0152398
25 0.4014249 0.6671017 0.0282576 0.0152397
16 0.7610677 0.6671017 0.0282577 0.0152397
1 0.4733535 0.6083198 0.0282577 0.0152397
3 0.3294963 0.7258835 0.0282577 0.0152398
13 0.6891391 0.4907562 0.0282577 0.0152398
19 0.7610677 0.7258835 0.0282577 0.0152398
30 0.4733535 0.4319744 0.0282577 0.0152398
30 0.7610677 0.4907562 0.0282577 0.0152398
25 0.4733535 0.4907562 0.0282577 0.0152398
27 0.5452820 0.7258835 0.0282577 0.0152398
