5 0.3072785 0.2630856 0.0264658 0.0155183
19 0.3746459 0.3229420 0.0264658 0.0155183
32 0.5051704 0.4116181 0.4872110 0.4256454
30 0.6441158 0.2630856 0.0264658 0.0155183
17 0.5093808 0.3229420 0.0264658 0.0155183
33 0.4420134 0.3827984 0.0625555 0.0598564
7 0.4420133 0.3827984 0.0264658 0.0155183
15 0.5093808 0.3827984 0.0264658 0.0155183
7 0.3746459 0.5025112 0.0264658 0.0155183
8 0.7114832 0.3827984 0.0264658 0.0155183
3 0.6441158 0.5025112 0.0264658 0.0155183
17 0.7114832 0.3229420 0.0264658 0.0155183
19 0.4420133 0.2630856 0.0264658 0.0155183
9 0.3746459 0.2630856 0.0264658 0.0155183
3 0.3746459 0.4426548 0.0264658 0.0155183
18 0.5093808 0.2630856 0.0264658 0.0155183
8 0.5767483 0.4426548 0.0264658 0.0155183
26 0.7114832 0.5025112 0.0264658 0.0155183
23 0.7114832 0.4426548 0.0264658 0.0155183
6 0.6441158 0.4426548 0.0264658 0.0155183
22 0.3072785 0.4426548 0.0264658 0.0155183
8 0.3072785 0.3827984 0.0264658 0.0155183
4 0.4420133 0.4426548 0.0264658 0.0155183
31 0.3072785 0.5025112 0.0264658 0.0155183
6 0.5767483 0.3229420 0.0264658 0.0155183
25 0.6441158 0.3229420 0.0264658 0.0155183
18 0.3746459 0.3827984 0.0264658 0.0155183
4 0.5093808 0.4426548 0.0264658 0.0155183
24 0.4420133 0.3229420 0.0264658 0.0155183
28 0.6441158 0.3827984 0.0264658 0.0155183
27 0.3072785 0.3229420 0.0264658 0.0155183
11 0.5093808 0.5025112 0.0264658 0.0155183
12 0.5767483 0.3827984 0.0264658 0.0155183
4 0.5767483 0.5025112 0.0264658 0.0155183
17 0.7114832 0.2630856 0.0264658 0.0155183
25 0.5767483 0.2630856 0.0264658 0.0155183
31 0.4420133 0.5025112 0.0264658 0.0155183
