8 0.4431182 0.4809233 0.0278115 0.0163363
12 0.7262896 0.3044917 0.0278114 0.0163363
32 0.5145431 0.4455281 0.5119840 0.4182083
22 0.3723254 0.3044917 0.0278115 0.0163363
3 0.4431182 0.3044917 0.0278115 0.0163363
12 0.3015325 0.3627577 0.0278115 0.0152472
7 0.5847039 0.3627577 0.0278115 0.0152472
30 0.6554967 0.3627577 0.0278114 0.0152472
10 0.5847039 0.4221128 0.0278115 0.0163363
15 0.6554967 0.4221128 0.0278114 0.0163363
29 0.3015325 0.4809233 0.0278115 0.0163363
24 0.6554967 0.5397339 0.0278114 0.0163363
5 0.3723254 0.5979998 0.0278115 0.0152472
33 0.5847039 0.5979998 0.0657362 0.0588106
21 0.5847039 0.5979998 0.0278115 0.0152472
13 0.7262896 0.5979998 0.0278114 0.0152472
15 0.7262896 0.4809233 0.0278114 0.0163363
25 0.4431182 0.3627577 0.0278115 0.0152472
16 0.6554967 0.4809233 0.0278114 0.0163363
31 0.4431182 0.4221128 0.0278115 0.0163363
3 0.5139111 0.5397339 0.0278115 0.0163363
7 0.5139111 0.3627577 0.0278115 0.0152472
5 0.3015325 0.5397339 0.0278115 0.0163363
12 0.5847039 0.4809233 0.0278115 0.0163363
30 0.7262896 0.3627577 0.0278114 0.0152472
27 0.3015325 0.3044917 0.0278115 0.0163363
9 0.3723254 0.4221128 0.0278115 0.0163363
10 0.5139111 0.4809233 0.0278115 0.0163363
19 0.5139111 0.4221128 0.0278115 0.0163363
31 0.5847039 0.3044917 0.0278115 0.0163363
10 0.5139111 0.5979998 0.0278115 0.0152472
22 0.7262896 0.5397339 0.0278114 0.0163363
27 0.3015325 0.5979998 0.0278115 0.0152472
28 0.6554967 0.3044917 0.0278114 0.0163363
18 0.5847039 0.5397339 0.0278115 0.0163363
3 0.4431182 0.5397339 0.0278115 0.0163363
18 0.3723254 0.4809233 0.0278115 0.0163363
19 0.7262896 0.4221128 0.0278114 0.0163363
13 0.5139111 0.3044917 0.0278115 0.0163363
25 0.6554967 0.5979998 0.0278114 0.0152472
7 0.3723254 0.5397339 0.0278115 0.0163363
22 0.3015325 0.4221128 0.0278115 0.0163363
12 0.3723254 0.3627577 0.0278115 0.0152472
24 0.4431182 0.5979998 0.0278115 0.0152472
