25 0.4173659 0.3342175 0.0264669 0.0160195
12 0.6868475 0.4577963 0.0264670 0.0160195
32 0.6152665 0.4257574 0.4872324 0.4393914
23 0.6868475 0.2724281 0.0264670 0.0160195
21 0.6868475 0.3342175 0.0264670 0.0160195
29 0.4173659 0.4577963 0.0264669 0.0160195
16 0.4847363 0.4577963 0.0264669 0.0160195
33 0.7542180 0.4577963 0.0625582 0.0617895
8 0.7542180 0.4577963 0.0264669 0.0160195
5 0.8215883 0.5195857 0.0264669 0.0160195
5 0.4847363 0.3342175 0.0264669 0.0160195
14 0.4173659 0.3960069 0.0264669 0.0160195
31 0.4847363 0.3960069 0.0264669 0.0160195
13 0.5521067 0.4577963 0.0264669 0.0160195
11 0.8215883 0.4577963 0.0264669 0.0160195
29 0.4847363 0.2724281 0.0264669 0.0160195
10 0.6194771 0.3342175 0.0264669 0.0160195
20 0.6194771 0.5195857 0.0264669 0.0160195
14 0.6868475 0.5195857 0.0264670 0.0160195
31 0.5521067 0.2724281 0.0264669 0.0160195
31 0.8215883 0.2724281 0.0264669 0.0160195
19 0.8215883 0.3960069 0.0264669 0.0160195
20 0.5521067 0.5195857 0.0264669 0.0160195
7 0.7542180 0.3342175 0.0264669 0.0160195
24 0.4173659 0.2724281 0.0264669 0.0160195
4 0.4847363 0.5195857 0.0264669 0.0160195
18 0.8215883 0.3342175 0.0264669 0.0160195
25 0.7542180 0.3960069 0.0264669 0.0160195
9 0.7542180 0.2724281 0.0264669 0.0160195
25 0.4173659 0.5195857 0.0264669 0.0160195
18 0.5521067 0.3342175 0.0264669 0.0160195
24 0.6194771 0.3960069 0.0264669 0.0160195
11 0.6868475 0.3960069 0.0264670 0.0160195
5 0.5521067 0.3960069 0.0264669 0.0160195
30 0.6194771 0.2724281 0.0264669 0.0160195
30 0.7542180 0.5195857 0.0264669 0.0160195
1 0.6194771 0.4577963 0.0264669 0.0160195
