25 0.4218680 0.4584015 0.0266080 0.0152361
2 0.3541386 0.3408658 0.0266079 0.0152361
32 0.5530935 0.3691614 0.4898281 0.4179046
25 0.6927852 0.2820980 0.0266079 0.0152361
33 0.4895973 0.3408658 0.0628915 0.0587679
11 0.4895973 0.3408658 0.0266079 0.0152361
24 0.3541386 0.3996337 0.0266079 0.0152361
17 0.5573266 0.3996337 0.0266079 0.0152361
16 0.7605145 0.3996337 0.0266080 0.0152361
17 0.5573266 0.2820980 0.0266079 0.0152361
26 0.6927852 0.3408658 0.0266079 0.0152361
20 0.5573266 0.4584015 0.0266079 0.0152361
15 0.6927852 0.4584015 0.0266079 0.0152361
2 0.6250559 0.2233302 0.0266080 0.0152361
5 0.6250559 0.3408658 0.0266080 0.0152361
19 0.4218680 0.2820980 0.0266080 0.0152361
7 0.5573266 0.3408658 0.0266079 0.0152361
15 0.4895973 0.3996337 0.0266079 0.0152361
3 0.7605145 0.2820980 0.0266080 0.0152361
31 0.6927852 0.2233302 0.0266079 0.0152361
24 0.4218680 0.3408658 0.0266080 0.0152361
13 0.6927852 0.3996337 0.0266079 0.0152361
27 0.7605145 0.4584015 0.0266080 0.0152361
6 0.7605145 0.2233302 0.0266080 0.0152361
25 0.4895973 0.2820980 0.0266079 0.0152361
28 0.4218680 0.3996337 0.0266080 0.0152361
29 0.3541386 0.4584015 0.0266079 0.0152361
21 0.4218680 0.2233302 0.0266080 0.0152361
5 0.6250559 0.2820980 0.0266080 0.0152361
19 0.4895973 0.2233302 0.0266079 0.0152361
28 0.3541386 0.2820980 0.0266079 0.0152361
15 0.6250559 0.3996337 0.0266080 0.0152361
23 0.7605145 0.3408658 0.0266080 0.0152361
13 0.5573266 0.2233302 0.0266079 0.0152361
31 0.6250559 0.4584015 0.0266080 0.0152361
13 0.3541386 0.2233302 0.0266079 0.0152361
31 0.4895973 0.4584015 0.0266079 0.0152361
