16 0.2921616 0.5285956 0.0264660 0.0150496
14 0.4268978 0.5866440 0.0264660 0.0150496
32 0.2879511 0.5565448 0.4872156 0.4127890
26 0.4942659 0.4705471 0.0264660 0.0150496
28 0.0900574 0.5285956 0.0264660 0.0150496
33 0.1574254 0.5285956 0.0625561 0.0580484
18 0.1574254 0.5285956 0.0264660 0.0150496
5 0.4268978 0.5285956 0.0264660 0.0150496
6 0.2247935 0.5866440 0.0264660 0.0150496
1 0.3595297 0.4124987 0.0264660 0.0150496
27 0.4268978 0.4124987 0.0264660 0.0150496
18 0.0900574 0.4124987 0.0264660 0.0150496
18 0.2247935 0.4705471 0.0264660 0.0150496
25 0.2247935 0.4124987 0.0264660 0.0150496
31 0.3595297 0.6446925 0.0264660 0.0150496
16 0.1574254 0.5866440 0.0264660 0.0150496
19 0.2921616 0.4705471 0.0264660 0.0150496
7 0.0900574 0.5866440 0.0264660 0.0150496
23 0.2921616 0.4124987 0.0264660 0.0150496
1 0.4268978 0.4705471 0.0264660 0.0150496
17 0.0900574 0.4705471 0.0264660 0.0150496
18 0.1574254 0.6446925 0.0264660 0.0150496
26 0.4942659 0.5866440 0.0264660 0.0150496
17 0.2247935 0.6446925 0.0264660 0.0150496
13 0.3595297 0.4705471 0.0264660 0.0150496
16 0.2247935 0.5285956 0.0264660 0.0150496
19 0.4942659 0.4124987 0.0264660 0.0150496
4 0.4942659 0.5285956 0.0264660 0.0150496
28 0.4942659 0.6446925 0.0264660 0.0150496
20 0.2921616 0.5866440 0.0264660 0.0150496
3 0.1574254 0.4124987 0.0264660 0.0150496
25 0.3595297 0.5285956 0.0264660 0.0150496
25 0.0900574 0.6446925 0.0264660 0.0150496
31 0.2921616 0.6446925 0.0264660 0.0150496
28 0.3595297 0.5866440 0.0264660 0.0150496
19 0.4268978 0.6446925 0.0264660 0.0150496
20 0.1574254 0.4705471 0.0264660 0.0150496
