20 0.5647253 0.4477655 0.0267504 0.0161892
20 0.3604497 0.3228769 0.0267504 0.0161892
32 0.5604696 0.4153870 0.4924501 0.4440482
33 0.6328172 0.2604327 0.0632281 0.0624443
19 0.6328172 0.2604327 0.0267504 0.0161893
3 0.7690009 0.2604327 0.0267504 0.0161893
17 0.7009090 0.3228769 0.0267503 0.0161892
10 0.7690009 0.3853212 0.0267504 0.0161892
14 0.3604497 0.4477655 0.0267504 0.0161892
26 0.7009090 0.4477655 0.0267503 0.0161892
4 0.7690009 0.4477655 0.0267504 0.0161892
9 0.3604497 0.5102098 0.0267504 0.0161892
23 0.7009090 0.5102098 0.0267503 0.0161892
21 0.4285416 0.5726541 0.0267504 0.0161893
8 0.6328172 0.5726541 0.0267504 0.0161893
16 0.7009090 0.5726541 0.0267503 0.0161893
19 0.4966335 0.3228769 0.0267503 0.0161892
4 0.4285416 0.3228769 0.0267504 0.0161892
2 0.4966335 0.3853212 0.0267503 0.0161892
7 0.4966335 0.4477655 0.0267503 0.0161892
29 0.5647253 0.2604327 0.0267504 0.0161893
8 0.6328172 0.3853212 0.0267504 0.0161892
3 0.7009090 0.3853212 0.0267503 0.0161892
27 0.5647253 0.3853212 0.0267504 0.0161892
15 0.7009090 0.2604327 0.0267503 0.0161893
22 0.5647253 0.5102098 0.0267504 0.0161892
17 0.4285416 0.2604327 0.0267504 0.0161893
18 0.4285416 0.4477655 0.0267504 0.0161892
8 0.3604497 0.5726541 0.0267504 0.0161893
3 0.5647253 0.3228769 0.0267504 0.0161892
11 0.7690009 0.5726541 0.0267504 0.0161893
2 0.3604497 0.3853212 0.0267504 0.0161892
27 0.3604497 0.2604327 0.0267504 0.0161893
19 0.4285416 0.3853212 0.0267504 0.0161892
22 0.4285416 0.5102098 0.0267504 0.0161892
13 0.7690009 0.5102098 0.0267504 0.0161892
1 0.6328172 0.3228769 0.0267504 0.0161892
20 0.7690009 0.3228769 0.0267504 0.0161892
29 0.4966335 0.5102098 0.0267503 0.0161892
2 0.4966335 0.5726541 0.0267503 0.0161893
24 0.6328172 0.5102098 0.0267504 0.0161892
18 0.4966335 0.2604327 0.0267503 0.0161893
5 0.6328172 0.4477655 0.0267504 0.0161892
3 0.5647253 0.5726541 0.0267504 0.0161893
