19 0.4496073 0.6096953 0.0284159 0.0165127
8 0.3049444 0.6096953 0.0284159 0.0165127
32 0.3779217 0.6333636 0.5231115 0.4227256
33 0.5942702 0.4902533 0.0671649 0.0594458
23 0.5942702 0.4908037 0.0284159 0.0165127
21 0.3772758 0.5496991 0.0284159 0.0154119
30 0.2326129 0.6691411 0.0284159 0.0165127
11 0.3049444 0.6691411 0.0284159 0.0165127
9 0.5219388 0.7285869 0.0284159 0.0165127
16 0.3772758 0.6096953 0.0284159 0.0165127
19 0.3049444 0.5496991 0.0284159 0.0154119
19 0.5219388 0.5496991 0.0284159 0.0154119
7 0.3772758 0.6691411 0.0284159 0.0165127
16 0.4496073 0.6691411 0.0284159 0.0165127
21 0.3772758 0.4908037 0.0284159 0.0165127
29 0.1602814 0.6096953 0.0284159 0.0165127
3 0.5942702 0.5496991 0.0284159 0.0154119
4 0.4496073 0.7285869 0.0284159 0.0165127
23 0.5942702 0.6691411 0.0284159 0.0165127
27 0.5219388 0.4908037 0.0284159 0.0165127
14 0.2326129 0.7285869 0.0284159 0.0165127
25 0.5942702 0.7285869 0.0284159 0.0165127
25 0.3049444 0.7285869 0.0284159 0.0165127
22 0.5942702 0.6096953 0.0284159 0.0165127
10 0.5219388 0.6691411 0.0284159 0.0165127
19 0.3049444 0.4908037 0.0284159 0.0165127
15 0.2326129 0.4908037 0.0284159 0.0165127
18 0.2326129 0.6096953 0.0284159 0.0165127
16 0.2326129 0.5496991 0.0284159 0.0154119
7 0.4496073 0.5496991 0.0284159 0.0154119
25 0.5219388 0.6096953 0.0284159 0.0165127
28 0.3772758 0.7285869 0.0284159 0.0165127
1 0.1602814 0.7285869 0.0284159 0.0165127
22 0.4496073 0.4908037 0.0284159 0.0165127
22 0.1602814 0.6691411 0.0284159 0.0165127
19 0.1602814 0.5496991 0.0284159 0.0154119
21 0.1602814 0.4908037 0.0284159 0.0165127
