30 0.3552695 0.6590038 0.0269067 0.0157242
5 0.6292285 0.5983531 0.0269067 0.0157242
32 0.4194786 0.5669047 0.4953277 0.4312931
16 0.2867797 0.4164014 0.0269067 0.0157242
33 0.5607388 0.4164014 0.0635976 0.0606506
5 0.5607388 0.4164014 0.0269067 0.0157242
30 0.6292285 0.4164014 0.0269067 0.0157242
15 0.4922490 0.4770520 0.0269067 0.0157242
18 0.5607388 0.4770520 0.0269067 0.0157242
8 0.2182899 0.5377026 0.0269067 0.0157242
7 0.6292285 0.5377026 0.0269067 0.0157242
12 0.5607388 0.5983531 0.0269067 0.0157242
11 0.2867797 0.6590038 0.0269067 0.0157242
2 0.6292285 0.6590038 0.0269067 0.0157242
3 0.2182899 0.7196544 0.0269067 0.0157242
6 0.5607388 0.7196544 0.0269067 0.0157242
19 0.5607388 0.5377026 0.0269067 0.0157242
21 0.4922490 0.4164014 0.0269067 0.0157242
6 0.4922490 0.7196544 0.0269067 0.0157242
24 0.4237592 0.5377026 0.0269067 0.0157242
17 0.3552695 0.7196544 0.0269067 0.0157242
5 0.6292285 0.7196544 0.0269067 0.0157242
1 0.3552695 0.4770520 0.0269067 0.0157242
16 0.2867797 0.7196544 0.0269067 0.0157242
3 0.2182899 0.4770520 0.0269067 0.0157242
30 0.2867797 0.5377026 0.0269067 0.0157242
1 0.2867797 0.5983531 0.0269067 0.0157242
19 0.2867797 0.4770520 0.0269067 0.0157242
23 0.4922490 0.6590038 0.0269067 0.0157242
24 0.4922490 0.5377026 0.0269067 0.0157242
21 0.2182899 0.4164014 0.0269067 0.0157242
21 0.6292285 0.4770520 0.0269067 0.0157242
3 0.4922490 0.5983531 0.0269067 0.0157242
19 0.4237592 0.4164014 0.0269067 0.0157242
5 0.2182899 0.6590038 0.0269067 0.0157242
14 0.3552695 0.5983531 0.0269067 0.0157242
20 0.4237592 0.5983531 0.0269067 0.0157242
13 0.3552695 0.4164014 0.0269067 0.0157242
13 0.3552695 0.5377026 0.0269067 0.0157242
26 0.2182899 0.5983531 0.0269067 0.0157242
29 0.4237592 0.7196544 0.0269067 0.0157242
1 0.5607388 0.6590038 0.0269067 0.0157242
17 0.4237592 0.6590038 0.0269067 0.0157242
1 0.4237592 0.4770520 0.0269067 0.0157242
