14 0.7650095 0.3399400 0.0270309 0.0158700
20 0.6273974 0.2787273 0.0270309 0.0158700
32 0.5542909 0.3694128 0.4976154 0.4352907
28 0.6273974 0.2175145 0.0270309 0.0158700
4 0.3521731 0.2787273 0.0270310 0.0158700
2 0.4209792 0.2787273 0.0270309 0.0158700
15 0.5585913 0.2787273 0.0270309 0.0158700
20 0.6962035 0.3399400 0.0270309 0.0158700
7 0.4209792 0.4011528 0.0270309 0.0158700
8 0.5585913 0.4011528 0.0270309 0.0158700
33 0.7650095 0.4011528 0.0638914 0.0612128
28 0.7650095 0.4011528 0.0270309 0.0158700
9 0.6962035 0.4623655 0.0270309 0.0158700
30 0.5585913 0.5235783 0.0270309 0.0158700
3 0.6962035 0.5235783 0.0270309 0.0158700
6 0.7650095 0.5235783 0.0270309 0.0158700
26 0.3521731 0.4623655 0.0270310 0.0158700
16 0.6273974 0.4011528 0.0270309 0.0158700
22 0.4897852 0.4011528 0.0270309 0.0158700
2 0.4897852 0.3399400 0.0270309 0.0158700
4 0.6273974 0.5235783 0.0270309 0.0158700
9 0.5585913 0.4623655 0.0270309 0.0158700
21 0.6273974 0.3399400 0.0270309 0.0158700
11 0.6962035 0.2787273 0.0270309 0.0158700
9 0.4209792 0.2175145 0.0270309 0.0158700
11 0.6962035 0.2175145 0.0270309 0.0158700
12 0.4897852 0.2787273 0.0270309 0.0158700
22 0.4209792 0.5235783 0.0270309 0.0158700
25 0.4209792 0.4623655 0.0270309 0.0158700
4 0.7650095 0.2175145 0.0270309 0.0158700
1 0.7650095 0.2787273 0.0270309 0.0158700
11 0.3521731 0.4011528 0.0270310 0.0158700
17 0.3521731 0.2175145 0.0270310 0.0158700
23 0.4897852 0.5235783 0.0270309 0.0158700
25 0.3521731 0.5235783 0.0270310 0.0158700
9 0.5585913 0.2175145 0.0270309 0.0158700
20 0.7650095 0.4623655 0.0270309 0.0158700
10 0.6962035 0.4011528 0.0270309 0.0158700
9 0.4897852 0.4623655 0.0270309 0.0158700
23 0.5585913 0.3399400 0.0270309 0.0158700
16 0.6273974 0.4623655 0.0270309 0.0158700
11 0.3521731 0.3399400 0.0270310 0.0158700
25 0.4897852 0.2175145 0.0270309 0.0158700
14 0.4209792 0.3399400 0.0270309 0.0158700
