23 0.1308745 0.3952561 0.0285724 0.0162334
22 0.0581447 0.3326416 0.0285724 0.0162334
32 0.2717885 0.4880184 0.5259924 0.4452589
7 0.2036043 0.3952561 0.0285724 0.0162334
23 0.1308745 0.4578706 0.0285724 0.0162335
18 0.2036043 0.4578706 0.0285724 0.0162335
33 0.4217937 0.4578706 0.0675348 0.0626145
10 0.4217937 0.4578706 0.0285724 0.0162335
6 0.4217937 0.5830996 0.0285724 0.0162334
13 0.4945235 0.4578706 0.0285724 0.0162335
28 0.4217937 0.5204851 0.0285724 0.0162334
7 0.2036043 0.5204851 0.0285724 0.0162334
23 0.3490639 0.3326416 0.0285724 0.0162334
13 0.2763341 0.5830996 0.0285724 0.0162334
4 0.2763341 0.4578706 0.0285724 0.0162335
16 0.0581447 0.5204851 0.0285724 0.0162334
29 0.2763341 0.3952561 0.0285724 0.0162334
27 0.2036043 0.3326416 0.0285724 0.0162334
18 0.1308745 0.5830996 0.0285724 0.0162334
20 0.3490639 0.5204851 0.0285724 0.0162334
24 0.3490639 0.4578706 0.0285724 0.0162335
29 0.3490639 0.5830996 0.0285724 0.0162334
24 0.0581447 0.3952561 0.0285724 0.0162334
16 0.4945235 0.5204851 0.0285724 0.0162334
4 0.4217937 0.3326416 0.0285724 0.0162334
16 0.4945235 0.3952561 0.0285724 0.0162334
27 0.1308745 0.3326416 0.0285724 0.0162334
23 0.4217937 0.3952561 0.0285724 0.0162334
4 0.2036043 0.5830996 0.0285724 0.0162334
17 0.1308745 0.5204851 0.0285724 0.0162334
12 0.0581447 0.4578706 0.0285724 0.0162335
7 0.4945235 0.5830996 0.0285724 0.0162334
6 0.2763341 0.3326416 0.0285724 0.0162334
15 0.2763341 0.5204851 0.0285724 0.0162334
17 0.0581447 0.5830996 0.0285724 0.0162334
10 0.3490639 0.3952561 0.0285724 0.0162334
18 0.4945235 0.3326416 0.0285724 0.0162334
