23 0.4078988 0.3315369 0.0280342 0.0160596
19 0.1938189 0.4471662 0.0280343 0.0160596
32 0.4085359 0.4701850 0.5160854 0.4111264
14 0.1938189 0.3315369 0.0280343 0.0160596
11 0.3365388 0.3315369 0.0280342 0.0160596
31 0.3365388 0.3888163 0.0280342 0.0149890
17 0.2651789 0.4471662 0.0280343 0.0160596
24 0.4078988 0.4471662 0.0280342 0.0160596
7 0.3365388 0.5049809 0.0280342 0.0160596
33 0.5506187 0.5044456 0.0662628 0.0578146
21 0.5506187 0.5049809 0.0280342 0.0160596
6 0.6219786 0.5627955 0.0280343 0.0160596
2 0.1938189 0.6200749 0.0280343 0.0149890
13 0.2651789 0.6200749 0.0280343 0.0149890
30 0.3365388 0.6200749 0.0280342 0.0149890
9 0.4792587 0.4471662 0.0280342 0.0160596
3 0.4792587 0.5627955 0.0280342 0.0160596
14 0.5506187 0.3888163 0.0280342 0.0149890
22 0.4792587 0.3888163 0.0280342 0.0149890
4 0.4078988 0.3888163 0.0280342 0.0149890
15 0.3365388 0.5627955 0.0280342 0.0160596
30 0.4078988 0.6200749 0.0280342 0.0149890
27 0.2651789 0.5627955 0.0280343 0.0160596
6 0.6219786 0.3315369 0.0280343 0.0160596
8 0.4078988 0.5627955 0.0280342 0.0160596
20 0.2651789 0.3315369 0.0280343 0.0160596
28 0.4792587 0.3315369 0.0280342 0.0160596
11 0.1938189 0.5049809 0.0280343 0.0160596
18 0.2651789 0.5049809 0.0280343 0.0160596
16 0.5506187 0.4471662 0.0280342 0.0160596
11 0.5506187 0.6200749 0.0280342 0.0149890
4 0.4792587 0.5049809 0.0280342 0.0160596
15 0.4078988 0.5049809 0.0280342 0.0160596
21 0.4792587 0.6200749 0.0280342 0.0149890
20 0.5506187 0.3315369 0.0280342 0.0160596
10 0.1938189 0.3888163 0.0280343 0.0149890
27 0.6219786 0.5049809 0.0280343 0.0160596
9 0.6219786 0.4471662 0.0280343 0.0160596
30 0.6219786 0.6200749 0.0280343 0.0149890
26 0.1938189 0.5627955 0.0280343 0.0160596
21 0.3365388 0.4471662 0.0280342 0.0160596
25 0.5506187 0.5627955 0.0280342 0.0160596
12 0.6219786 0.3888163 0.0280343 0.0149890
24 0.2651789 0.3888163 0.0280343 0.0149890
