15 0.6210448 0.4190089 0.0264127 0.0163294
31 0.5538125 0.4819938 0.0264127 0.0163294
32 0.4823782 0.5123198 0.4862337 0.4478925
33 0.5538125 0.4190089 0.0624300 0.0629849
16 0.5538125 0.4190089 0.0264127 0.0163294
18 0.3521156 0.4819938 0.0264127 0.0163294
7 0.2848833 0.6079635 0.0264127 0.0163294
12 0.4865802 0.6079635 0.0264127 0.0163294
16 0.6882771 0.6079635 0.0264127 0.0163294
22 0.6210448 0.3560240 0.0264127 0.0163294
11 0.5538125 0.3560240 0.0264127 0.0163294
6 0.4865802 0.3560240 0.0264127 0.0163294
29 0.4865802 0.4819938 0.0264127 0.0163294
11 0.6882771 0.5449787 0.0264127 0.0163294
1 0.6882771 0.4190089 0.0264127 0.0163294
14 0.5538125 0.5449787 0.0264127 0.0163294
16 0.4193478 0.4190089 0.0264127 0.0163294
25 0.6210448 0.6079635 0.0264127 0.0163294
11 0.4865802 0.4190089 0.0264127 0.0163294
10 0.2848833 0.3560240 0.0264127 0.0163294
18 0.4193478 0.3560240 0.0264127 0.0163294
7 0.6882771 0.3560240 0.0264127 0.0163294
6 0.3521156 0.5449787 0.0264127 0.0163294
14 0.4193478 0.4819938 0.0264127 0.0163294
4 0.5538125 0.6079635 0.0264127 0.0163294
6 0.4193478 0.6079635 0.0264127 0.0163294
26 0.3521156 0.6079635 0.0264127 0.0163294
6 0.6210448 0.4819938 0.0264127 0.0163294
19 0.6882771 0.4819938 0.0264127 0.0163294
22 0.3521156 0.3560240 0.0264127 0.0163294
1 0.4865802 0.5449787 0.0264127 0.0163294
8 0.6210448 0.5449787 0.0264127 0.0163294
31 0.2848833 0.5449787 0.0264127 0.0163294
19 0.2848833 0.4190089 0.0264127 0.0163294
8 0.4193478 0.5449787 0.0264127 0.0163294
20 0.3521156 0.4190089 0.0264127 0.0163294
30 0.2848833 0.4819938 0.0264127 0.0163294
