9 0.2815177 0.5674711 0.0279929 0.0149363
26 0.1390085 0.5098599 0.0279929 0.0149363
32 0.2770643 0.4799874 0.5153233 0.4096798
33 0.1390085 0.4522487 0.0661650 0.0576113
18 0.1390085 0.4522486 0.0279929 0.0149362
21 0.3527723 0.5098599 0.0279929 0.0149363
27 0.4952814 0.5098599 0.0279929 0.0149363
17 0.1390085 0.5674711 0.0279929 0.0149363
8 0.2102631 0.3370262 0.0279929 0.0149362
13 0.0677539 0.3370262 0.0279929 0.0149362
4 0.2102631 0.5674711 0.0279929 0.0149363
21 0.4240269 0.4522486 0.0279929 0.0149362
13 0.0677539 0.4522486 0.0279929 0.0149362
3 0.2102631 0.3946374 0.0279929 0.0149363
21 0.4240269 0.5674711 0.0279929 0.0149363
4 0.4240269 0.3946374 0.0279929 0.0149363
18 0.3527723 0.5674711 0.0279929 0.0149363
19 0.0677539 0.3946374 0.0279929 0.0149363
26 0.2815177 0.3370262 0.0279929 0.0149362
29 0.2815177 0.4522486 0.0279929 0.0149362
13 0.0677539 0.5674711 0.0279929 0.0149363
9 0.4952814 0.3946374 0.0279929 0.0149363
13 0.1390085 0.3946374 0.0279929 0.0149363
25 0.3527723 0.3946374 0.0279929 0.0149363
29 0.1390085 0.3370262 0.0279929 0.0149362
15 0.4952814 0.5674711 0.0279929 0.0149363
16 0.2102631 0.5098599 0.0279929 0.0149363
24 0.4952814 0.4522486 0.0279929 0.0149362
3 0.3527723 0.4522486 0.0279929 0.0149362
3 0.0677539 0.5098599 0.0279929 0.0149363
24 0.4240269 0.5098599 0.0279929 0.0149363
16 0.4952814 0.3370262 0.0279929 0.0149362
17 0.3527723 0.3370262 0.0279929 0.0149362
6 0.2102631 0.4522486 0.0279929 0.0149362
13 0.2815177 0.5098599 0.0279929 0.0149363
23 0.4240269 0.3370262 0.0279929 0.0149362
26 0.2815177 0.3946374 0.0279929 0.0149363
