7 0.4620363 0.4620284 0.0263695 0.0155220
31 0.5962811 0.3422877 0.0263695 0.0155219
32 0.5920860 0.3711141 0.4854387 0.4257447
20 0.5962811 0.2225469 0.0263695 0.0155220
25 0.3949139 0.3422877 0.0263695 0.0155219
23 0.5291587 0.3422877 0.0263695 0.0155219
33 0.4620363 0.4021580 0.0623280 0.0598703
4 0.4620363 0.4021580 0.0263695 0.0155219
24 0.3949139 0.4021580 0.0263695 0.0155219
8 0.5962811 0.4021580 0.0263695 0.0155219
30 0.3949139 0.2824173 0.0263695 0.0155219
3 0.7976483 0.2824173 0.0263696 0.0155219
11 0.6634035 0.4021580 0.0263696 0.0155219
15 0.7305259 0.4620284 0.0263695 0.0155220
16 0.7305259 0.2225469 0.0263695 0.0155220
19 0.7976483 0.2225469 0.0263696 0.0155220
30 0.5291587 0.2225469 0.0263695 0.0155220
4 0.7976483 0.3422877 0.0263696 0.0155219
5 0.7976483 0.4620284 0.0263696 0.0155220
3 0.7305259 0.4021580 0.0263695 0.0155219
29 0.6634035 0.4620284 0.0263696 0.0155220
27 0.7305259 0.3422877 0.0263695 0.0155219
18 0.3949139 0.4620284 0.0263695 0.0155220
28 0.4620363 0.2225469 0.0263695 0.0155220
4 0.7305259 0.2824173 0.0263695 0.0155219
9 0.5291587 0.4021580 0.0263695 0.0155219
20 0.7976483 0.4021580 0.0263696 0.0155219
6 0.5962811 0.2824173 0.0263695 0.0155219
17 0.4620363 0.3422877 0.0263695 0.0155219
2 0.4620363 0.2824173 0.0263695 0.0155219
19 0.5291587 0.4620284 0.0263695 0.0155220
5 0.3949139 0.2225469 0.0263695 0.0155220
6 0.6634035 0.2824173 0.0263696 0.0155219
26 0.5962811 0.4620284 0.0263695 0.0155220
19 0.5291587 0.2824173 0.0263695 0.0155219
5 0.6634035 0.3422877 0.0263696 0.0155219
8 0.6634035 0.2225469 0.0263696 0.0155220
