16 0.8287924 0.7265279 0.0279724 0.0169734
13 0.6151843 0.5426491 0.0279725 0.0158419
32 0.6158201 0.6286479 0.5149482 0.4345198
19 0.4727789 0.4821106 0.0279725 0.0169734
10 0.6863870 0.4821106 0.0279724 0.0169734
14 0.8287924 0.4821106 0.0279724 0.0169734
15 0.4015762 0.5426491 0.0279725 0.0158419
7 0.5439816 0.5426491 0.0279725 0.0158419
23 0.8287924 0.5426491 0.0279724 0.0158419
5 0.6863870 0.6043193 0.0279724 0.0169735
33 0.4727789 0.6648579 0.0661168 0.0611044
22 0.4727789 0.6654236 0.0279725 0.0169734
13 0.4727789 0.7265279 0.0279725 0.0169734
22 0.5439816 0.7265279 0.0279725 0.0169734
28 0.7575897 0.7870665 0.0279724 0.0158419
29 0.8287924 0.6043193 0.0279724 0.0169735
9 0.6863870 0.6654236 0.0279724 0.0169734
6 0.7575897 0.5426491 0.0279724 0.0158419
10 0.6151843 0.4821106 0.0279725 0.0169734
20 0.7575897 0.4821106 0.0279724 0.0169734
11 0.4727789 0.7870665 0.0279725 0.0158419
7 0.6863870 0.7870665 0.0279724 0.0158419
12 0.4727789 0.5426491 0.0279725 0.0158419
23 0.6151843 0.6654236 0.0279725 0.0169734
28 0.7575897 0.7265279 0.0279724 0.0169734
2 0.6151843 0.7265279 0.0279725 0.0169734
3 0.6151843 0.6043193 0.0279725 0.0169735
13 0.4015762 0.4821106 0.0279725 0.0169734
16 0.5439816 0.6043193 0.0279725 0.0169735
23 0.4727789 0.6043193 0.0279725 0.0169735
22 0.6863870 0.7265279 0.0279724 0.0169734
29 0.7575897 0.6654236 0.0279724 0.0169734
11 0.4015762 0.7265279 0.0279725 0.0169734
12 0.8287924 0.6654236 0.0279724 0.0169734
29 0.4015762 0.6043193 0.0279725 0.0169735
20 0.6863870 0.5426491 0.0279724 0.0158419
9 0.4015762 0.7870665 0.0279725 0.0158419
21 0.4015762 0.6654236 0.0279725 0.0169734
1 0.5439816 0.4821106 0.0279725 0.0169734
16 0.6151843 0.7870665 0.0279725 0.0158419
29 0.5439816 0.6654236 0.0279725 0.0169734
19 0.7575897 0.6043193 0.0279724 0.0169735
10 0.8287924 0.7870665 0.0279724 0.0158419
22 0.5439816 0.7870665 0.0279725 0.0158419
