4 0.1760642 0.4128068 0.0274006 0.0154482
6 0.2458112 0.5319787 0.0274006 0.0154482
32 0.3111990 0.3819104 0.5044204 0.4237221
33 0.3155582 0.2936350 0.0647651 0.0595859
29 0.3155582 0.2936349 0.0274006 0.0154482
21 0.3853053 0.2936349 0.0274006 0.0154482
25 0.1063171 0.3532209 0.0274006 0.0154482
1 0.4550523 0.3532209 0.0274006 0.0154482
18 0.3155582 0.4128068 0.0274006 0.0154482
22 0.1760642 0.4723927 0.0274006 0.0154482
7 0.3853053 0.4723927 0.0274006 0.0154482
9 0.4550523 0.4723927 0.0274006 0.0154482
27 0.1760642 0.5319787 0.0274006 0.0154482
15 0.3155582 0.5319787 0.0274006 0.0154482
11 0.5247993 0.5319787 0.0274006 0.0154482
8 0.2458112 0.4128068 0.0274006 0.0154482
22 0.3853053 0.4128068 0.0274006 0.0154482
7 0.3853053 0.2340490 0.0274006 0.0154482
24 0.5247993 0.3532209 0.0274006 0.0154482
15 0.1063171 0.5319787 0.0274006 0.0154482
24 0.3155582 0.2340490 0.0274006 0.0154482
31 0.2458112 0.4723927 0.0274006 0.0154482
6 0.2458112 0.2936349 0.0274006 0.0154482
22 0.1760642 0.2936349 0.0274006 0.0154482
4 0.2458112 0.3532209 0.0274006 0.0154482
13 0.1063171 0.2340490 0.0274006 0.0154482
20 0.3155582 0.4723927 0.0274006 0.0154482
4 0.5247993 0.4723927 0.0274006 0.0154482
31 0.3155582 0.3532209 0.0274006 0.0154482
19 0.4550523 0.4128068 0.0274006 0.0154482
13 0.5247993 0.2340490 0.0274006 0.0154482
22 0.3853053 0.5319787 0.0274006 0.0154482
27 0.1063171 0.4128068 0.0274006 0.0154482
22 0.3853053 0.3532209 0.0274006 0.0154482
12 0.1063171 0.2936349 0.0274006 0.0154482
8 0.5247993 0.4128068 0.0274006 0.0154482
25 0.4550523 0.2936349 0.0274006 0.0154482
27 0.1760642 0.2340490 0.0274006 0.0154482
1 0.4550523 0.5319787 0.0274006 0.0154482
1 0.2458112 0.2340490 0.0274006 0.0154482
16 0.4550523 0.2340490 0.0274006 0.0154482
27 0.5247993 0.2936349 0.0274006 0.0154482
3 0.1760642 0.3532209 0.0274006 0.0154482
28 0.1063171 0.4723927 0.0274006 0.0154482
