8 0.5984842 0.4978488 0.0264835 0.0151241
19 0.2614207 0.4395130 0.0264836 0.0151241
32 0.4594455 0.5259365 0.4875381 0.4148328
30 0.5310714 0.3811771 0.0264835 0.0151241
6 0.3288334 0.4395130 0.0264836 0.0151241
1 0.5984842 0.4395130 0.0264835 0.0151241
4 0.3288334 0.4978488 0.0264836 0.0151241
23 0.5310714 0.4978488 0.0264835 0.0151241
11 0.6658968 0.4978488 0.0264835 0.0151241
28 0.4636588 0.5561847 0.0264835 0.0151241
33 0.2614207 0.6728564 0.0625975 0.0583358
11 0.2614207 0.6728564 0.0264836 0.0151241
13 0.3288334 0.6728564 0.0264836 0.0151241
29 0.3962461 0.6728564 0.0264835 0.0151241
8 0.6658968 0.6728564 0.0264835 0.0151241
13 0.2614207 0.3811771 0.0264836 0.0151241
19 0.3962461 0.3811771 0.0264835 0.0151241
17 0.3962461 0.5561847 0.0264835 0.0151241
18 0.5984842 0.6728564 0.0264835 0.0151241
6 0.3962461 0.4978488 0.0264835 0.0151241
2 0.2614207 0.5561847 0.0264836 0.0151241
18 0.4636588 0.3811771 0.0264835 0.0151241
9 0.5984842 0.5561847 0.0264835 0.0151241
10 0.6658968 0.4395130 0.0264835 0.0151241
20 0.5984842 0.3811771 0.0264835 0.0151241
15 0.5310714 0.6728564 0.0264835 0.0151241
18 0.4636588 0.4978488 0.0264835 0.0151241
14 0.5984842 0.6145205 0.0264835 0.0151241
30 0.3962461 0.6145205 0.0264835 0.0151241
28 0.4636588 0.4395130 0.0264835 0.0151241
4 0.5310714 0.5561847 0.0264835 0.0151241
17 0.6658968 0.5561847 0.0264835 0.0151241
17 0.3288334 0.6145205 0.0264836 0.0151241
6 0.6658968 0.3811771 0.0264835 0.0151241
22 0.3288334 0.3811771 0.0264836 0.0151241
14 0.5310714 0.4395130 0.0264835 0.0151241
1 0.4636588 0.6145205 0.0264835 0.0151241
21 0.3962461 0.4395130 0.0264835 0.0151241
24 0.2614207 0.6145205 0.0264836 0.0151241
29 0.6658968 0.6145205 0.0264835 0.0151241
6 0.4636588 0.6728564 0.0264835 0.0151241
7 0.3288334 0.5561847 0.0264836 0.0151241
22 0.2614207 0.4978488 0.0264836 0.0151241
19 0.5310714 0.6145205 0.0264835 0.0151241
