10 0.0926491 0.4125073 0.0268777 0.0161337
31 0.4347293 0.5991965 0.0268777 0.0161336
32 0.2936212 0.5046995 0.4947947 0.4425226
3 0.2978972 0.4125073 0.0268777 0.0161337
33 0.5031454 0.4125073 0.0635292 0.0622297
4 0.5031454 0.4125073 0.0268777 0.0161337
22 0.4347293 0.4747370 0.0268777 0.0161337
19 0.3663133 0.5991965 0.0268777 0.0161336
28 0.3663133 0.4125073 0.0268777 0.0161337
9 0.0926491 0.4747370 0.0268777 0.0161337
26 0.5031454 0.5369668 0.0268777 0.0161336
11 0.2978972 0.4747370 0.0268777 0.0161337
29 0.1610651 0.5991965 0.0268777 0.0161336
9 0.5031454 0.5991965 0.0268777 0.0161336
5 0.3663133 0.4747370 0.0268777 0.0161337
6 0.1610651 0.5369668 0.0268777 0.0161336
14 0.0926491 0.3502776 0.0268777 0.0161336
1 0.1610651 0.4125073 0.0268777 0.0161337
24 0.5031454 0.4747370 0.0268777 0.0161337
31 0.2978972 0.3502776 0.0268777 0.0161336
25 0.2294812 0.5991965 0.0268777 0.0161336
21 0.3663133 0.3502776 0.0268777 0.0161336
12 0.2978972 0.5369668 0.0268777 0.0161336
6 0.1610651 0.4747370 0.0268777 0.0161337
29 0.3663133 0.5369668 0.0268777 0.0161336
12 0.2294812 0.3502776 0.0268777 0.0161336
13 0.2294812 0.5369668 0.0268777 0.0161336
18 0.0926491 0.5369668 0.0268777 0.0161336
1 0.2978972 0.5991965 0.0268777 0.0161336
27 0.2294812 0.4747370 0.0268777 0.0161337
29 0.4347293 0.3502776 0.0268777 0.0161336
29 0.4347293 0.5369668 0.0268777 0.0161336
27 0.1610651 0.3502776 0.0268777 0.0161336
2 0.2294812 0.4125073 0.0268777 0.0161337
11 0.4347293 0.4125073 0.0268777 0.0161337
21 0.5031454 0.3502776 0.0268777 0.0161336
17 0.0926491 0.5991965 0.0268777 0.0161336
