8 0.0681761 0.4611925 0.0279230 0.0158462
8 0.1392530 0.5177105 0.0279230 0.0147898
32 0.2820413 0.5979977 0.5140379 0.4056618
13 0.3524835 0.4611925 0.0279230 0.0158462
22 0.4235603 0.4611925 0.0279230 0.0158462
33 0.2103298 0.5177105 0.0659999 0.0570462
24 0.2103298 0.5177105 0.0279230 0.0147898
26 0.4235603 0.5177105 0.0279230 0.0147898
28 0.2103298 0.5752848 0.0279230 0.0158462
1 0.4946372 0.5752848 0.0279230 0.0158462
12 0.3524835 0.6323311 0.0279230 0.0158462
11 0.3524835 0.6893773 0.0279230 0.0158462
14 0.1392530 0.7458953 0.0279230 0.0147898
31 0.2103298 0.7458953 0.0279230 0.0147898
8 0.2814067 0.7458953 0.0279230 0.0147898
12 0.2814067 0.6323311 0.0279230 0.0158462
15 0.1392530 0.6323311 0.0279230 0.0158462
18 0.2814067 0.4611925 0.0279230 0.0158462
24 0.4946372 0.6323311 0.0279230 0.0158462
4 0.2103298 0.6893773 0.0279230 0.0158462
18 0.1392530 0.6893773 0.0279230 0.0158462
7 0.2814067 0.6893773 0.0279230 0.0158462
25 0.3524835 0.5752848 0.0279230 0.0158462
16 0.4235603 0.7458953 0.0279230 0.0147898
17 0.1392530 0.5752848 0.0279230 0.0158462
11 0.3524835 0.5177105 0.0279230 0.0147898
12 0.4235603 0.6323311 0.0279230 0.0158462
31 0.4946372 0.5177105 0.0279230 0.0147898
19 0.4235603 0.5752848 0.0279230 0.0158462
29 0.4946372 0.4611925 0.0279230 0.0158462
16 0.0681761 0.7458953 0.0279230 0.0147898
5 0.4946372 0.7458953 0.0279230 0.0147898
30 0.0681761 0.6893773 0.0279230 0.0158462
18 0.3524835 0.7458953 0.0279230 0.0147898
22 0.0681761 0.5752848 0.0279230 0.0158462
30 0.1392530 0.4611925 0.0279230 0.0158462
4 0.0681761 0.5177105 0.0279230 0.0147898
31 0.0681761 0.6323311 0.0279230 0.0158462
18 0.2103298 0.4611925 0.0279230 0.0158462
1 0.2814067 0.5177105 0.0279230 0.0147898
21 0.2103298 0.6323311 0.0279230 0.0158462
25 0.2814067 0.5752848 0.0279230 0.0158462
19 0.4235603 0.6893773 0.0279230 0.0158462
9 0.4946372 0.6893773 0.0279230 0.0158462
