7 0.4193005 0.4212002 0.0287754 0.0147876
31 0.1995608 0.4782382 0.0287754 0.0147877
32 0.2682294 0.3916249 0.5297297 0.4056035
33 0.1263142 0.2500862 0.0680147 0.0570380
6 0.1263142 0.2500862 0.0287754 0.0147876
12 0.3460539 0.3071242 0.0287754 0.0147876
8 0.1995608 0.3641622 0.0287754 0.0147877
5 0.2728073 0.4212002 0.0287754 0.0147876
26 0.0530676 0.4782382 0.0287754 0.0147877
18 0.0530676 0.2500862 0.0287754 0.0147876
28 0.4193005 0.4782382 0.0287754 0.0147877
27 0.0530676 0.3071242 0.0287754 0.0147876
6 0.3460539 0.2500862 0.0287754 0.0147876
10 0.4925471 0.3641622 0.0287754 0.0147877
16 0.2728073 0.4782382 0.0287754 0.0147877
1 0.0530676 0.4212002 0.0287754 0.0147876
18 0.4193005 0.2500862 0.0287754 0.0147876
2 0.4925471 0.2500862 0.0287754 0.0147876
22 0.1995608 0.4212002 0.0287754 0.0147876
24 0.1263142 0.4212002 0.0287754 0.0147876
22 0.2728073 0.3641622 0.0287754 0.0147877
31 0.2728073 0.2500862 0.0287754 0.0147876
17 0.4193005 0.3071242 0.0287754 0.0147876
25 0.1263142 0.3641622 0.0287754 0.0147877
25 0.4925471 0.4782382 0.0287754 0.0147877
19 0.1995608 0.3071242 0.0287754 0.0147876
26 0.3460539 0.4212002 0.0287754 0.0147876
25 0.1263142 0.4782382 0.0287754 0.0147877
6 0.1263142 0.3071242 0.0287754 0.0147876
24 0.0530676 0.3641622 0.0287754 0.0147877
2 0.4925471 0.4212002 0.0287754 0.0147876
24 0.1995608 0.2500862 0.0287754 0.0147876
18 0.3460539 0.3641622 0.0287754 0.0147877
29 0.4193005 0.3641622 0.0287754 0.0147877
16 0.2728073 0.3071242 0.0287754 0.0147876
18 0.4925471 0.3071242 0.0287754 0.0147876
8 0.3460539 0.4782382 0.0287754 0.0147877
