27 0.5630009 0.5256431 0.0280827 0.0159403
28 0.4200344 0.3411907 0.0280827 0.0159403
32 0.4155667 0.4937624 0.5169769 0.4372206
22 0.2770680 0.3411907 0.0280827 0.0159403
17 0.3485512 0.3411907 0.0280827 0.0159403
30 0.4915177 0.3411907 0.0280827 0.0159403
33 0.2055847 0.4026748 0.0663773 0.0614842
2 0.2055847 0.4026748 0.0280827 0.0159403
31 0.2055847 0.3411907 0.0280827 0.0159403
23 0.5630009 0.3411907 0.0280827 0.0159403
31 0.3485512 0.5871273 0.0280827 0.0159403
27 0.2770680 0.4641589 0.0280827 0.0159403
23 0.6344842 0.4641589 0.0280827 0.0159403
1 0.4200344 0.4641589 0.0280827 0.0159403
2 0.2770680 0.5256431 0.0280827 0.0159403
1 0.6344842 0.3411907 0.0280827 0.0159403
26 0.4915177 0.4641589 0.0280827 0.0159403
28 0.2770680 0.4026748 0.0280827 0.0159403
26 0.3485512 0.4641589 0.0280827 0.0159403
31 0.2055847 0.5871273 0.0280827 0.0159403
17 0.6344842 0.4026748 0.0280827 0.0159403
3 0.6344842 0.5256431 0.0280827 0.0159403
16 0.4915177 0.4026748 0.0280827 0.0159403
20 0.4915177 0.5871273 0.0280827 0.0159403
13 0.5630009 0.4026748 0.0280827 0.0159403
23 0.3485512 0.4026748 0.0280827 0.0159403
7 0.2055847 0.4641589 0.0280827 0.0159403
7 0.4200344 0.4026748 0.0280827 0.0159403
23 0.5630009 0.4641589 0.0280827 0.0159403
29 0.6344842 0.5871273 0.0280827 0.0159403
24 0.4200344 0.5871273 0.0280827 0.0159403
6 0.5630009 0.5871273 0.0280827 0.0159403
14 0.2770680 0.5871273 0.0280827 0.0159403
3 0.3485512 0.5256431 0.0280827 0.0159403
21 0.2055847 0.5256431 0.0280827 0.0159403
21 0.4200344 0.5256431 0.0280827 0.0159403
7 0.4915177 0.5256431 0.0280827 0.0159403
