8 0.7096481 0.5320979 0.0265549 0.0161831
16 0.5744599 0.3448374 0.0265549 0.0161830
32 0.5702353 0.4997319 0.4888504 0.4438768
12 0.7096481 0.4072576 0.0265549 0.0161830
14 0.5744599 0.4696778 0.0265549 0.0161831
33 0.5068658 0.5320979 0.0627660 0.0624202
19 0.5068658 0.5320979 0.0265548 0.0161831
6 0.5068658 0.5945181 0.0265548 0.0161831
8 0.7772423 0.5320979 0.0265549 0.0161831
6 0.3716776 0.4696778 0.0265548 0.0161831
31 0.3716776 0.4072576 0.0265548 0.0161830
15 0.3716776 0.3448374 0.0265548 0.0161830
26 0.4392716 0.3448374 0.0265548 0.0161830
1 0.4392716 0.5320979 0.0265548 0.0161831
10 0.5744599 0.5945181 0.0265549 0.0161831
15 0.5744599 0.5320979 0.0265549 0.0161831
6 0.7772423 0.4696778 0.0265549 0.0161831
12 0.6420540 0.4696778 0.0265548 0.0161831
14 0.4392716 0.4696778 0.0265548 0.0161831
19 0.3716776 0.5945181 0.0265548 0.0161831
29 0.7096481 0.4696778 0.0265549 0.0161831
9 0.5068658 0.4072576 0.0265548 0.0161830
26 0.6420540 0.3448374 0.0265548 0.0161830
28 0.3716776 0.5320979 0.0265548 0.0161831
5 0.7772423 0.4072576 0.0265549 0.0161830
12 0.5068658 0.4696778 0.0265548 0.0161831
17 0.6420540 0.4072576 0.0265548 0.0161830
28 0.4392716 0.5945181 0.0265548 0.0161831
19 0.4392716 0.4072576 0.0265548 0.0161830
11 0.7772423 0.3448374 0.0265549 0.0161830
25 0.5744599 0.4072576 0.0265549 0.0161830
28 0.5068658 0.3448374 0.0265548 0.0161830
3 0.6420540 0.5945181 0.0265548 0.0161831
24 0.7096481 0.3448374 0.0265549 0.0161830
9 0.6420540 0.5320979 0.0265548 0.0161831
26 0.7772423 0.5945181 0.0265549 0.0161831
8 0.7096481 0.5945181 0.0265549 0.0161831
