16 0.2069295 0.4149890 0.0286999 0.0161737
17 0.2799838 0.5397578 0.0286999 0.0161738
32 0.4215266 0.3826415 0.5283393 0.4436224
10 0.2799838 0.2278358 0.0286999 0.0161737
33 0.3530381 0.2278358 0.0678362 0.0623844
5 0.3530381 0.2278358 0.0286999 0.0161737
8 0.4260925 0.2278358 0.0286999 0.0161737
5 0.4991468 0.2902202 0.0286999 0.0161737
13 0.2799838 0.3526046 0.0286999 0.0161737
19 0.5722011 0.3526046 0.0286999 0.0161737
31 0.3530381 0.4149890 0.0286999 0.0161737
25 0.4260925 0.4149890 0.0286999 0.0161737
15 0.3530381 0.4773734 0.0286999 0.0161738
4 0.5722011 0.4773734 0.0286999 0.0161738
27 0.2069295 0.5397578 0.0286999 0.0161738
15 0.4991468 0.2278358 0.0286999 0.0161737
14 0.3530381 0.2902202 0.0286999 0.0161737
8 0.4991468 0.4773734 0.0286999 0.0161738
30 0.6452554 0.4149890 0.0286999 0.0161737
16 0.3530381 0.3526046 0.0286999 0.0161737
27 0.5722011 0.4149890 0.0286999 0.0161737
13 0.3530381 0.5397578 0.0286999 0.0161738
26 0.6452554 0.4773734 0.0286999 0.0161738
22 0.6452554 0.2902202 0.0286999 0.0161737
31 0.2069295 0.2278358 0.0286999 0.0161737
4 0.6452554 0.3526046 0.0286999 0.0161737
18 0.5722011 0.2902202 0.0286999 0.0161737
21 0.5722011 0.2278358 0.0286999 0.0161737
7 0.2799838 0.4773734 0.0286999 0.0161738
25 0.4260925 0.2902202 0.0286999 0.0161737
2 0.4260925 0.3526046 0.0286999 0.0161737
24 0.6452554 0.5397578 0.0286999 0.0161738
7 0.2799838 0.2902202 0.0286999 0.0161737
21 0.2069295 0.3526046 0.0286999 0.0161737
2 0.4991468 0.5397578 0.0286999 0.0161738
9 0.2069295 0.4773734 0.0286999 0.0161738
7 0.4991468 0.3526046 0.0286999 0.0161737
18 0.6452554 0.2278358 0.0286999 0.0161737
24 0.4260925 0.4773734 0.0286999 0.0161738
1 0.2799838 0.4149890 0.0286999 0.0161737
22 0.4991468 0.4149890 0.0286999 0.0161737
27 0.5722011 0.5397578 0.0286999 0.0161738
20 0.4260925 0.5397578 0.0286999 0.0161738
18 0.2069295 0.2902202 0.0286999 0.0161737
