9 0.6234428 0.6221670 0.0275101 0.0169562
29 0.2032877 0.6221670 0.0275101 0.0169562
32 0.4139905 0.5243862 0.5064368 0.4340788
4 0.3433394 0.4384747 0.0275101 0.0158258
20 0.4133652 0.4384747 0.0275101 0.0158258
9 0.4133652 0.5000823 0.0275101 0.0169562
33 0.2032877 0.5605594 0.0650240 0.0610423
27 0.2032877 0.5611246 0.0275101 0.0169562
22 0.3433394 0.3779976 0.0275101 0.0169562
6 0.5534169 0.3779976 0.0275101 0.0169562
13 0.3433394 0.5611246 0.0275101 0.0169562
27 0.3433394 0.5000823 0.0275101 0.0169562
1 0.6234428 0.5611246 0.0275101 0.0169562
4 0.4833911 0.3779976 0.0275101 0.0169562
26 0.2032877 0.5000823 0.0275101 0.0169562
20 0.2032877 0.3779976 0.0275101 0.0169562
12 0.6234428 0.3779976 0.0275101 0.0169562
31 0.5534169 0.6221670 0.0275101 0.0169562
24 0.2733136 0.5000823 0.0275101 0.0169562
13 0.4133652 0.6221670 0.0275101 0.0169562
13 0.5534169 0.4384747 0.0275101 0.0158258
17 0.6234428 0.5000823 0.0275101 0.0169562
21 0.4833911 0.4384747 0.0275101 0.0158258
19 0.4833911 0.5000823 0.0275101 0.0169562
29 0.2733136 0.4384747 0.0275101 0.0158258
1 0.2733136 0.3779976 0.0275101 0.0169562
27 0.2733136 0.6221670 0.0275101 0.0169562
10 0.3433394 0.6221670 0.0275101 0.0169562
21 0.5534169 0.5611246 0.0275101 0.0169562
7 0.2733136 0.5611246 0.0275101 0.0169562
9 0.2032877 0.4384747 0.0275101 0.0158258
14 0.5534169 0.5000823 0.0275101 0.0169562
7 0.4833911 0.6221670 0.0275101 0.0169562
11 0.4133652 0.5611246 0.0275101 0.0169562
27 0.4133652 0.3779976 0.0275101 0.0169562
18 0.6234428 0.4384747 0.0275101 0.0158258
24 0.4833911 0.5611246 0.0275101 0.0169562
