22 0.3695955 0.3007638 0.0277827 0.0149181
8 0.2988757 0.3007638 0.0277828 0.0149181
32 0.3651755 0.4435511 0.5114552 0.4091816
9 0.1574363 0.3007638 0.0277828 0.0149181
27 0.4403152 0.3007638 0.0277828 0.0149181
12 0.5110349 0.3007638 0.0277827 0.0149181
2 0.5817546 0.3007638 0.0277827 0.0149181
33 0.1574363 0.4158461 0.0656683 0.0575411
27 0.1574363 0.4158461 0.0277828 0.0149181
31 0.4403152 0.4158461 0.0277828 0.0149181
18 0.1574363 0.4733872 0.0277828 0.0149181
21 0.5817546 0.4733872 0.0277827 0.0149181
23 0.2988757 0.5309284 0.0277828 0.0149181
26 0.4403152 0.5309284 0.0277828 0.0149181
5 0.5817546 0.5309284 0.0277827 0.0149181
28 0.2988757 0.3583049 0.0277828 0.0149181
7 0.2281560 0.4158461 0.0277828 0.0149181
27 0.5817546 0.3583049 0.0277827 0.0149181
17 0.3695955 0.5309284 0.0277827 0.0149181
8 0.5110349 0.4158461 0.0277827 0.0149181
15 0.4403152 0.3583049 0.0277828 0.0149181
14 0.5110349 0.4733872 0.0277827 0.0149181
21 0.5110349 0.5884696 0.0277827 0.0149181
26 0.3695955 0.5884696 0.0277827 0.0149181
20 0.2281560 0.3007638 0.0277828 0.0149181
9 0.2281560 0.4733872 0.0277828 0.0149181
1 0.2988757 0.4158461 0.0277828 0.0149181
2 0.2281560 0.5884696 0.0277828 0.0149181
16 0.4403152 0.4733872 0.0277828 0.0149181
30 0.5817546 0.5884696 0.0277827 0.0149181
24 0.1574363 0.3583049 0.0277828 0.0149181
10 0.1574363 0.5309284 0.0277828 0.0149181
13 0.5110349 0.5309284 0.0277827 0.0149181
15 0.2988757 0.4733872 0.0277828 0.0149181
18 0.5817546 0.4158461 0.0277827 0.0149181
18 0.2281560 0.3583049 0.0277828 0.0149181
16 0.3695955 0.4733872 0.0277827 0.0149181
20 0.3695955 0.4158461 0.0277827 0.0149181
28 0.4403152 0.5884696 0.0277828 0.0149181
25 0.3695955 0.3583049 0.0277827 0.0149181
19 0.5110349 0.3583049 0.0277827 0.0149181
22 0.2988757 0.5884696 0.0277828 0.0149181
24 0.2281560 0.5309284 0.0277828 0.0149181
4 0.1574363 0.5884696 0.0277828 0.0149181
