27 0.2959367 0.5307352 0.0264672 0.0153531
20 0.4306788 0.2938598 0.0264672 0.0153530
32 0.4938392 0.4408103 0.4872373 0.4211118
3 0.7001631 0.2938598 0.0264672 0.0153530
12 0.3633078 0.4122975 0.0264672 0.0153531
23 0.6327921 0.4715164 0.0264672 0.0153530
33 0.7001631 0.5307352 0.0625588 0.0592189
25 0.7001631 0.5307352 0.0264672 0.0153531
21 0.2959367 0.4715164 0.0264672 0.0153530
30 0.2959367 0.2938598 0.0264672 0.0153530
2 0.5654210 0.5307352 0.0264672 0.0153531
26 0.5654210 0.3530787 0.0264672 0.0153530
12 0.3633078 0.2938598 0.0264672 0.0153530
24 0.4306788 0.5307352 0.0264672 0.0153531
26 0.5654210 0.4715164 0.0264672 0.0153530
9 0.4306788 0.4122975 0.0264672 0.0153531
6 0.6327921 0.3530787 0.0264672 0.0153530
21 0.4306788 0.4715164 0.0264672 0.0153530
1 0.4980499 0.4122975 0.0264672 0.0153531
23 0.5654210 0.4122975 0.0264672 0.0153531
26 0.3633078 0.4715164 0.0264672 0.0153530
6 0.7001631 0.3530787 0.0264672 0.0153530
30 0.4980499 0.5307352 0.0264672 0.0153531
1 0.5654210 0.2938598 0.0264672 0.0153530
14 0.7001631 0.4715164 0.0264672 0.0153530
10 0.4980499 0.4715164 0.0264672 0.0153530
13 0.6327921 0.4122975 0.0264672 0.0153531
15 0.7001631 0.4122975 0.0264672 0.0153531
29 0.2959367 0.4122975 0.0264672 0.0153531
25 0.6327921 0.5307352 0.0264672 0.0153531
19 0.3633078 0.3530787 0.0264672 0.0153530
16 0.2959367 0.3530787 0.0264672 0.0153530
11 0.4306788 0.3530787 0.0264672 0.0153530
27 0.6327921 0.2938598 0.0264672 0.0153530
16 0.4980499 0.2938598 0.0264672 0.0153530
18 0.4980499 0.3530787 0.0264672 0.0153530
2 0.3633078 0.5307352 0.0264672 0.0153531
