27 0.3070417 0.6787023 0.0268715 0.0152416
14 0.2386417 0.6199134 0.0268714 0.0152416
32 0.4395667 0.5894303 0.4946786 0.4180543
5 0.2386417 0.4435468 0.0268714 0.0152416
25 0.3070417 0.4435468 0.0268715 0.0152416
11 0.3070417 0.5023357 0.0268715 0.0152416
7 0.5122417 0.5023357 0.0268714 0.0152416
22 0.3070417 0.5611246 0.0268715 0.0152416
4 0.4438417 0.5611246 0.0268714 0.0152416
16 0.5806418 0.5611246 0.0268715 0.0152416
30 0.3070417 0.6199134 0.0268715 0.0152416
2 0.5806418 0.6199134 0.0268715 0.0152416
29 0.4438417 0.7374913 0.0268714 0.0152416
33 0.5122417 0.7374913 0.0635143 0.0587889
4 0.5122417 0.7374913 0.0268714 0.0152416
13 0.6490417 0.7374913 0.0268714 0.0152416
1 0.2386417 0.6787023 0.0268714 0.0152416
13 0.3754417 0.6787023 0.0268715 0.0152416
27 0.4438417 0.4435468 0.0268714 0.0152416
25 0.5122417 0.6199134 0.0268714 0.0152416
3 0.5122417 0.6787023 0.0268714 0.0152416
6 0.6490417 0.5611246 0.0268714 0.0152416
29 0.4438417 0.6199134 0.0268714 0.0152416
31 0.5806418 0.5023357 0.0268715 0.0152416
13 0.5122417 0.5611246 0.0268714 0.0152416
31 0.5806418 0.4435468 0.0268715 0.0152416
6 0.6490417 0.5023357 0.0268714 0.0152416
6 0.3754417 0.4435468 0.0268715 0.0152416
15 0.2386417 0.7374913 0.0268714 0.0152416
5 0.5806418 0.6787023 0.0268715 0.0152416
30 0.6490417 0.4435468 0.0268714 0.0152416
6 0.2386417 0.5611246 0.0268714 0.0152416
24 0.3070417 0.7374913 0.0268715 0.0152416
9 0.5122417 0.4435468 0.0268714 0.0152416
6 0.3754417 0.5611246 0.0268715 0.0152416
10 0.3754417 0.6199134 0.0268715 0.0152416
29 0.3754417 0.7374913 0.0268715 0.0152416
4 0.4438417 0.6787023 0.0268714 0.0152416
27 0.6490417 0.6787023 0.0268714 0.0152416
8 0.4438417 0.5023357 0.0268714 0.0152416
7 0.3754417 0.5023357 0.0268715 0.0152416
4 0.2386417 0.5023357 0.0268714 0.0152416
17 0.5806418 0.7374913 0.0268715 0.0152416
16 0.6490417 0.6199134 0.0268714 0.0152416
