17 0.5173564 0.4527592 0.0283846 0.0155787
26 0.2283501 0.2124024 0.0283846 0.0155787
32 0.4405891 0.3615127 0.5225337 0.4273010
33 0.3006017 0.2124024 0.0670907 0.0600892
2 0.3006017 0.2124024 0.0283845 0.0155787
22 0.3728532 0.2124024 0.0283846 0.0155787
2 0.4451048 0.2724917 0.0283846 0.0155787
23 0.3728532 0.3325809 0.0283846 0.0155787
18 0.4451048 0.4527592 0.0283846 0.0155787
11 0.6618596 0.3325809 0.0283845 0.0155787
13 0.4451048 0.2124024 0.0283846 0.0155787
11 0.6618596 0.2724917 0.0283845 0.0155787
14 0.3006017 0.3325809 0.0283845 0.0155787
13 0.3006017 0.3926701 0.0283845 0.0155787
23 0.4451048 0.3325809 0.0283846 0.0155787
5 0.2283501 0.2724917 0.0283846 0.0155787
22 0.2283501 0.3325809 0.0283846 0.0155787
21 0.5896080 0.3926701 0.0283846 0.0155787
17 0.6618596 0.3926701 0.0283845 0.0155787
18 0.6618596 0.4527592 0.0283845 0.0155787
10 0.6618596 0.2124024 0.0283845 0.0155787
28 0.2283501 0.3926701 0.0283846 0.0155787
27 0.2283501 0.4527592 0.0283846 0.0155787
4 0.5173564 0.3325809 0.0283846 0.0155787
12 0.3006017 0.4527592 0.0283845 0.0155787
4 0.5896080 0.4527592 0.0283846 0.0155787
28 0.5896080 0.2124024 0.0283846 0.0155787
12 0.5896080 0.3325809 0.0283846 0.0155787
3 0.5173564 0.2124024 0.0283846 0.0155787
11 0.3006017 0.2724917 0.0283845 0.0155787
21 0.4451048 0.3926701 0.0283846 0.0155787
8 0.5173564 0.3926701 0.0283846 0.0155787
14 0.5173564 0.2724917 0.0283846 0.0155787
7 0.3728532 0.4527592 0.0283846 0.0155787
29 0.3728532 0.3926701 0.0283846 0.0155787
20 0.3728532 0.2724917 0.0283846 0.0155787
27 0.5896080 0.2724917 0.0283846 0.0155787
