23 0.3530582 0.5856448 0.0266056 0.0152072
14 0.6239520 0.2923642 0.0266056 0.0152071
32 0.5519958 0.4379182 0.4897857 0.4171102
3 0.5562286 0.2923642 0.0266056 0.0152071
12 0.4207816 0.3510203 0.0266056 0.0152071
8 0.7593990 0.3510203 0.0266056 0.0152071
19 0.4885051 0.4096764 0.0266057 0.0152072
13 0.5562286 0.4096764 0.0266056 0.0152072
16 0.6239520 0.4096764 0.0266056 0.0152072
33 0.7593990 0.4096764 0.0628861 0.0586561
8 0.7593990 0.4096764 0.0266056 0.0152072
22 0.3530582 0.5269887 0.0266056 0.0152071
6 0.6916754 0.5269887 0.0266056 0.0152071
2 0.7593990 0.5269887 0.0266056 0.0152071
29 0.6916754 0.5856448 0.0266056 0.0152072
27 0.5562286 0.3510203 0.0266056 0.0152071
17 0.6916754 0.3510203 0.0266056 0.0152071
30 0.4885051 0.3510203 0.0266057 0.0152071
29 0.4207816 0.5856448 0.0266056 0.0152072
24 0.3530582 0.4683325 0.0266056 0.0152071
20 0.4885051 0.5269887 0.0266057 0.0152071
4 0.3530582 0.3510203 0.0266056 0.0152071
20 0.5562286 0.5269887 0.0266056 0.0152071
30 0.4885051 0.5856448 0.0266057 0.0152072
14 0.4207816 0.4096764 0.0266056 0.0152072
31 0.5562286 0.5856448 0.0266056 0.0152072
26 0.7593990 0.5856448 0.0266056 0.0152072
1 0.4207816 0.2923642 0.0266056 0.0152071
15 0.6239520 0.5856448 0.0266056 0.0152072
30 0.3530582 0.4096764 0.0266056 0.0152072
19 0.4885051 0.2923642 0.0266057 0.0152071
18 0.7593990 0.2923642 0.0266056 0.0152071
27 0.6239520 0.4683325 0.0266056 0.0152071
21 0.5562286 0.4683325 0.0266056 0.0152071
31 0.6916754 0.2923642 0.0266056 0.0152071
28 0.4207816 0.4683325 0.0266056 0.0152071
5 0.6239520 0.3510203 0.0266056 0.0152071
30 0.6916754 0.4096764 0.0266056 0.0152072
15 0.4207816 0.5269887 0.0266056 0.0152071
27 0.3530582 0.2923642 0.0266056 0.0152071
14 0.7593990 0.4683325 0.0266056 0.0152071
17 0.6916754 0.4683325 0.0266056 0.0152071
30 0.4885051 0.4683325 0.0266057 0.0152071
30 0.6239520 0.5269887 0.0266056 0.0152071
