26 0.7517134 0.2605469 0.0286382 0.0158878
11 0.3143303 0.4893315 0.0286382 0.0158879
32 0.5336728 0.3977118 0.5272028 0.4067281
3 0.6788162 0.2605469 0.0286382 0.0158878
24 0.3143303 0.3749392 0.0286382 0.0158879
20 0.4601247 0.3749392 0.0286382 0.0158879
12 0.7517134 0.3749392 0.0286382 0.0158879
5 0.3872275 0.4893315 0.0286382 0.0158879
8 0.6059190 0.4893315 0.0286382 0.0158879
10 0.6788162 0.4893315 0.0286382 0.0158879
33 0.3143303 0.5459981 0.0676903 0.0571961
23 0.3143303 0.5459981 0.0286382 0.0148286
6 0.4601247 0.5459981 0.0286382 0.0148286
2 0.6059190 0.5459981 0.0286382 0.0148286
18 0.7517134 0.5459981 0.0286382 0.0148286
23 0.3143303 0.4321354 0.0286382 0.0158878
9 0.4601247 0.4321354 0.0286382 0.0158878
21 0.4601247 0.2605469 0.0286382 0.0158878
14 0.7517134 0.4893315 0.0286382 0.0158879
7 0.3872275 0.4321354 0.0286382 0.0158878
28 0.6059190 0.4321354 0.0286382 0.0158878
8 0.5330219 0.3172135 0.0286382 0.0148286
20 0.7517134 0.4321354 0.0286382 0.0158878
27 0.5330219 0.5459981 0.0286382 0.0148286
5 0.3872275 0.5459981 0.0286382 0.0148286
22 0.6788162 0.4321354 0.0286382 0.0158878
29 0.3143303 0.2605469 0.0286382 0.0158878
29 0.5330219 0.4893315 0.0286382 0.0158879
30 0.4601247 0.3172135 0.0286382 0.0148286
28 0.6788162 0.3172135 0.0286382 0.0148286
12 0.3872275 0.3749392 0.0286382 0.0158879
30 0.4601247 0.4893315 0.0286382 0.0158879
30 0.3143303 0.3172135 0.0286382 0.0148286
3 0.5330219 0.3749392 0.0286382 0.0158879
20 0.7517134 0.3172135 0.0286382 0.0148286
25 0.6059190 0.2605469 0.0286382 0.0158878
15 0.5330219 0.4321354 0.0286382 0.0158878
28 0.6788162 0.3749392 0.0286382 0.0158879
29 0.3872275 0.2605469 0.0286382 0.0158878
2 0.6788162 0.5459981 0.0286382 0.0148286
11 0.5330219 0.2605469 0.0286382 0.0158878
24 0.3872275 0.3172135 0.0286382 0.0148286
2 0.6059190 0.3172135 0.0286382 0.0148286
8 0.6059190 0.3749392 0.0286382 0.0158879
