29 0.8051976 0.6255869 0.0263885 0.0159445
30 0.4021732 0.6255869 0.0263885 0.0159445
32 0.5994872 0.4706976 0.4857885 0.4373347
19 0.4021732 0.3180860 0.0263885 0.0159445
8 0.4021732 0.4410864 0.0263885 0.0159445
31 0.6708560 0.4410864 0.0263885 0.0159445
23 0.4693439 0.5025866 0.0263885 0.0159445
5 0.6036853 0.5025866 0.0263885 0.0159445
29 0.6708560 0.5025866 0.0263885 0.0159445
18 0.7380269 0.5025866 0.0263885 0.0159445
6 0.5365146 0.5640867 0.0263885 0.0159445
33 0.7380269 0.5640867 0.0623728 0.0615002
29 0.7380269 0.5640867 0.0263885 0.0159445
17 0.5365146 0.6255869 0.0263885 0.0159445
9 0.6708560 0.6255869 0.0263885 0.0159445
18 0.6708560 0.3180860 0.0263885 0.0159445
16 0.7380269 0.3180860 0.0263885 0.0159445
19 0.6036853 0.3180860 0.0263885 0.0159445
13 0.6036853 0.5640867 0.0263885 0.0159445
1 0.7380269 0.6255869 0.0263885 0.0159445
24 0.6708560 0.5640867 0.0263885 0.0159445
18 0.5365146 0.5025866 0.0263885 0.0159445
26 0.8051976 0.4410864 0.0263885 0.0159445
27 0.7380269 0.4410864 0.0263885 0.0159445
28 0.4021732 0.5025866 0.0263885 0.0159445
1 0.6708560 0.3795862 0.0263885 0.0159445
27 0.5365146 0.4410864 0.0263885 0.0159445
13 0.8051976 0.3180860 0.0263885 0.0159445
24 0.6036853 0.4410864 0.0263885 0.0159445
23 0.4693439 0.3180860 0.0263885 0.0159445
20 0.8051976 0.5025866 0.0263885 0.0159445
30 0.4693439 0.4410864 0.0263885 0.0159445
27 0.4693439 0.3795862 0.0263885 0.0159445
1 0.5365146 0.3795862 0.0263885 0.0159445
30 0.4021732 0.5640867 0.0263885 0.0159445
3 0.4693439 0.6255869 0.0263885 0.0159445
19 0.7380269 0.3795862 0.0263885 0.0159445
30 0.6036853 0.3795862 0.0263885 0.0159445
1 0.4021732 0.3795862 0.0263885 0.0159445
25 0.8051976 0.5640867 0.0263885 0.0159445
24 0.6036853 0.6255869 0.0263885 0.0159445
28 0.4693439 0.5640867 0.0263885 0.0159445
14 0.5365146 0.3180860 0.0263885 0.0159445
2 0.8051976 0.3795862 0.0263885 0.0159445
