22 0.3841763 0.4692689 0.0281459 0.0150045
4 0.2408878 0.4119301 0.0281459 0.0160763
32 0.3848159 0.5507222 0.5181412 0.4115536
6 0.4558205 0.4119301 0.0281459 0.0160763
9 0.5991089 0.4119301 0.0281459 0.0160763
17 0.3125320 0.4692689 0.0281459 0.0150045
16 0.4558205 0.4692689 0.0281459 0.0150045
33 0.5274647 0.4692689 0.0665268 0.0578747
10 0.5274647 0.4692689 0.0281459 0.0150045
22 0.5991089 0.4692689 0.0281459 0.0150045
31 0.1692436 0.5276795 0.0281459 0.0160763
4 0.3125320 0.5855542 0.0281459 0.0160763
14 0.4558205 0.6434290 0.0281459 0.0160763
28 0.5274647 0.6434290 0.0281459 0.0160763
26 0.2408878 0.7007678 0.0281459 0.0150045
9 0.3125320 0.6434290 0.0281459 0.0160763
15 0.3125320 0.5276795 0.0281459 0.0160763
23 0.1692436 0.6434290 0.0281459 0.0160763
8 0.2408878 0.5855542 0.0281459 0.0160763
10 0.3125320 0.4119301 0.0281459 0.0160763
22 0.1692436 0.7007678 0.0281459 0.0150045
7 0.4558205 0.5276795 0.0281459 0.0160763
21 0.5991089 0.5276795 0.0281459 0.0160763
10 0.1692436 0.4119301 0.0281459 0.0160763
11 0.1692436 0.4692689 0.0281459 0.0150045
29 0.3841763 0.4119301 0.0281459 0.0160763
1 0.5274647 0.5855542 0.0281459 0.0160763
22 0.2408878 0.5276795 0.0281459 0.0160763
13 0.5991089 0.7007678 0.0281459 0.0150045
8 0.3841763 0.6434290 0.0281459 0.0160763
22 0.5274647 0.5276795 0.0281459 0.0160763
10 0.3841763 0.5855542 0.0281459 0.0160763
13 0.3841763 0.5276795 0.0281459 0.0160763
30 0.3125320 0.7007678 0.0281459 0.0150045
16 0.4558205 0.5855542 0.0281459 0.0160763
24 0.3841763 0.7007678 0.0281459 0.0150045
21 0.5991089 0.5855542 0.0281459 0.0160763
30 0.2408878 0.4692689 0.0281459 0.0150045
25 0.1692436 0.5855542 0.0281459 0.0160763
4 0.5274647 0.7007678 0.0281459 0.0150045
23 0.5991089 0.6434290 0.0281459 0.0160763
17 0.2408878 0.6434290 0.0281459 0.0160763
10 0.4558205 0.7007678 0.0281459 0.0150045
21 0.5274647 0.4119301 0.0281459 0.0160763
