21 0.2066888 0.3847793 0.0264657 0.0151181
20 0.6108922 0.2098405 0.0264657 0.0151182
32 0.4045801 0.3545430 0.4872095 0.4146697
10 0.2066888 0.3264664 0.0264657 0.0151181
33 0.4761578 0.3264664 0.0625553 0.0583129
22 0.4761578 0.3264664 0.0264657 0.0151181
13 0.3414233 0.3847793 0.0264657 0.0151181
7 0.2740561 0.4430922 0.0264657 0.0151181
2 0.2740561 0.2098405 0.0264657 0.0151182
21 0.4761578 0.2098405 0.0264657 0.0151182
13 0.5435250 0.3264664 0.0264657 0.0151181
23 0.2740561 0.3847793 0.0264657 0.0151181
13 0.4087905 0.3847793 0.0264657 0.0151181
26 0.6108922 0.3847793 0.0264657 0.0151181
20 0.3414233 0.3264664 0.0264657 0.0151181
6 0.5435250 0.3847793 0.0264657 0.0151181
19 0.2740561 0.2681535 0.0264657 0.0151182
31 0.3414233 0.2681535 0.0264657 0.0151182
14 0.4087905 0.2681535 0.0264657 0.0151182
4 0.2066888 0.2681535 0.0264657 0.0151182
6 0.4761578 0.2681535 0.0264657 0.0151182
2 0.4087905 0.2098405 0.0264657 0.0151182
31 0.4761578 0.3847793 0.0264657 0.0151181
1 0.4087905 0.3264664 0.0264657 0.0151181
24 0.4087905 0.4430922 0.0264657 0.0151181
23 0.3414233 0.4430922 0.0264657 0.0151181
25 0.2066888 0.4430922 0.0264657 0.0151181
28 0.5435250 0.2098405 0.0264657 0.0151182
23 0.5435250 0.4430922 0.0264657 0.0151181
23 0.6108922 0.3264664 0.0264657 0.0151181
15 0.4761578 0.4430922 0.0264657 0.0151181
16 0.3414233 0.2098405 0.0264657 0.0151182
4 0.6108922 0.4430922 0.0264657 0.0151181
29 0.6108922 0.2681535 0.0264657 0.0151182
19 0.5435250 0.2681535 0.0264657 0.0151182
23 0.2066888 0.2098405 0.0264657 0.0151182
30 0.2740561 0.3264664 0.0264657 0.0151181
