20 0.6161521 0.3346466 0.0284571 0.0148148
16 0.6885883 0.3917894 0.0284570 0.0148148
32 0.4667526 0.4764454 0.5238683 0.4063486
27 0.3264077 0.3917894 0.0284571 0.0148148
19 0.3264077 0.4489322 0.0284571 0.0148148
33 0.5437160 0.4489322 0.0672621 0.0571428
20 0.5437160 0.4489322 0.0284570 0.0148148
17 0.2539715 0.5060749 0.0284571 0.0148148
14 0.4712799 0.5060749 0.0284570 0.0148148
16 0.4712799 0.3917894 0.0284570 0.0148148
25 0.5437160 0.3917894 0.0284570 0.0148148
7 0.3988438 0.3917894 0.0284570 0.0148148
27 0.6885883 0.4489322 0.0284570 0.0148148
30 0.6885883 0.5060749 0.0284570 0.0148148
7 0.2539715 0.3917894 0.0284571 0.0148148
21 0.4712799 0.4489322 0.0284570 0.0148148
10 0.6161521 0.5632177 0.0284571 0.0148148
9 0.6885883 0.5632177 0.0284570 0.0148148
4 0.3988438 0.5632177 0.0284570 0.0148148
16 0.3988438 0.3346466 0.0284570 0.0148148
10 0.2539715 0.4489322 0.0284571 0.0148148
15 0.3264077 0.5060749 0.0284571 0.0148148
1 0.3988438 0.4489322 0.0284570 0.0148148
10 0.6161521 0.3917894 0.0284571 0.0148148
28 0.4712799 0.3346466 0.0284570 0.0148148
21 0.2539715 0.3346466 0.0284571 0.0148148
5 0.4712799 0.5632177 0.0284570 0.0148148
26 0.6161521 0.5060749 0.0284571 0.0148148
1 0.3264077 0.3346466 0.0284571 0.0148148
28 0.3264077 0.5632177 0.0284571 0.0148148
7 0.5437160 0.3346466 0.0284570 0.0148148
4 0.5437160 0.5060749 0.0284570 0.0148148
4 0.5437160 0.5632177 0.0284570 0.0148148
31 0.3988438 0.5060749 0.0284570 0.0148148
18 0.2539715 0.5632177 0.0284571 0.0148148
11 0.6161521 0.4489322 0.0284571 0.0148148
11 0.6885883 0.3346466 0.0284570 0.0148148
