8 0.4986440 0.5109312 0.0281883 0.0149683
21 0.6421481 0.6841355 0.0281882 0.0149683
32 0.4941595 0.5387294 0.5189212 0.4105584
33 0.7139002 0.3954617 0.0666269 0.0577348
3 0.7139002 0.3954616 0.0281883 0.0149683
1 0.3551399 0.4531964 0.0281883 0.0149683
9 0.4268919 0.4531964 0.0281883 0.0149683
29 0.4986440 0.4531964 0.0281883 0.0149683
12 0.5703961 0.4531964 0.0281883 0.0149683
8 0.6421481 0.4531964 0.0281882 0.0149683
30 0.5703961 0.5109312 0.0281883 0.0149683
17 0.7139002 0.5109312 0.0281883 0.0149683
18 0.7139002 0.5686660 0.0281883 0.0149683
28 0.3551399 0.6264008 0.0281883 0.0149683
3 0.4268919 0.6841355 0.0281883 0.0149683
5 0.6421481 0.3954616 0.0281882 0.0149683
8 0.4986440 0.5686660 0.0281883 0.0149683
11 0.5703961 0.5686660 0.0281883 0.0149683
31 0.2833878 0.6264008 0.0281883 0.0149683
13 0.4268919 0.5686660 0.0281883 0.0149683
26 0.5703961 0.3954616 0.0281883 0.0149683
9 0.4268919 0.3954616 0.0281883 0.0149683
14 0.6421481 0.6264008 0.0281882 0.0149683
9 0.6421481 0.5109312 0.0281882 0.0149683
20 0.2833878 0.6841355 0.0281883 0.0149683
4 0.4268919 0.5109312 0.0281883 0.0149683
15 0.7139002 0.4531964 0.0281883 0.0149683
23 0.3551399 0.5109312 0.0281883 0.0149683
1 0.3551399 0.6841355 0.0281883 0.0149683
17 0.5703961 0.6841355 0.0281883 0.0149683
6 0.3551399 0.5686660 0.0281883 0.0149683
10 0.7139002 0.6841355 0.0281883 0.0149683
3 0.4986440 0.6264008 0.0281883 0.0149683
19 0.2833878 0.5686660 0.0281883 0.0149683
16 0.2833878 0.4531964 0.0281883 0.0149683
3 0.5703961 0.6264008 0.0281883 0.0149683
29 0.7139002 0.6264008 0.0281883 0.0149683
12 0.4268919 0.6264008 0.0281883 0.0149683
21 0.2833878 0.3954616 0.0281883 0.0149683
24 0.3551399 0.3954616 0.0281883 0.0149683
30 0.2833878 0.5109312 0.0281883 0.0149683
5 0.4986440 0.6841355 0.0281883 0.0149683
11 0.6421481 0.5686660 0.0281882 0.0149683
13 0.4986440 0.3954616 0.0281883 0.0149683
