20 0.5802045 0.5246438 0.0274186 0.0150526
10 0.8593755 0.4665835 0.0274185 0.0150526
32 0.6456352 0.4364782 0.5047511 0.4128727
33 0.6499973 0.2924029 0.0648075 0.0580602
21 0.6499973 0.2924029 0.0274186 0.0150526
3 0.5104118 0.4085233 0.0274186 0.0150526
12 0.7895827 0.4085233 0.0274186 0.0150526
30 0.5104118 0.4665835 0.0274186 0.0150526
28 0.7895827 0.2924029 0.0274186 0.0150526
17 0.8593755 0.5246438 0.0274185 0.0150526
17 0.4406190 0.3504631 0.0274186 0.0150527
9 0.8593755 0.4085233 0.0274185 0.0150526
8 0.7197900 0.5246438 0.0274186 0.0150526
14 0.4406190 0.4665835 0.0274186 0.0150526
7 0.8593755 0.2924029 0.0274185 0.0150526
4 0.8593755 0.3504631 0.0274185 0.0150527
19 0.4406190 0.5246438 0.0274186 0.0150526
6 0.7197900 0.4665835 0.0274186 0.0150526
9 0.6499973 0.4665835 0.0274186 0.0150526
9 0.5104118 0.5246438 0.0274186 0.0150526
2 0.6499973 0.3504631 0.0274186 0.0150527
10 0.4406190 0.2924029 0.0274186 0.0150526
12 0.5802045 0.2924029 0.0274186 0.0150526
26 0.5802045 0.4665835 0.0274186 0.0150526
27 0.5802045 0.3504631 0.0274186 0.0150527
29 0.6499973 0.4085233 0.0274186 0.0150526
10 0.7197900 0.3504631 0.0274186 0.0150527
17 0.7895827 0.4665835 0.0274186 0.0150526
1 0.5104118 0.2924029 0.0274186 0.0150526
17 0.7895827 0.5246438 0.0274186 0.0150526
25 0.7197900 0.4085233 0.0274186 0.0150526
8 0.6499973 0.5246438 0.0274186 0.0150526
7 0.5104118 0.3504631 0.0274186 0.0150527
7 0.7197900 0.2924029 0.0274186 0.0150526
7 0.7895827 0.3504631 0.0274186 0.0150527
18 0.4406190 0.4085233 0.0274186 0.0150526
20 0.5802045 0.4085233 0.0274186 0.0150526
