3 0.4061469 0.2478107 0.0278102 0.0163018
19 0.1937783 0.3106893 0.0278102 0.0163018
32 0.3309330 0.4038426 0.5119600 0.4471361
9 0.2645679 0.2478107 0.0278102 0.0163018
33 0.1229888 0.3106892 0.0657331 0.0628785
25 0.1229888 0.3106893 0.0278102 0.0163018
3 0.1937783 0.3735678 0.0278102 0.0163018
7 0.4769364 0.4364463 0.0278102 0.0163019
20 0.4769364 0.4993248 0.0278102 0.0163018
4 0.2645679 0.4993248 0.0278102 0.0163018
2 0.5477260 0.2478107 0.0278102 0.0163018
19 0.3353574 0.3735678 0.0278102 0.0163018
20 0.4061469 0.4993248 0.0278102 0.0163018
16 0.4769364 0.3106893 0.0278102 0.0163018
28 0.4061469 0.3735678 0.0278102 0.0163018
26 0.4061469 0.3106893 0.0278102 0.0163018
24 0.1937783 0.4993248 0.0278102 0.0163018
20 0.3353574 0.3106893 0.0278102 0.0163018
30 0.1937783 0.4364463 0.0278102 0.0163019
19 0.1229888 0.2478107 0.0278102 0.0163018
1 0.1229888 0.4364463 0.0278102 0.0163019
20 0.5477260 0.3735678 0.0278102 0.0163018
7 0.1937783 0.2478107 0.0278102 0.0163018
19 0.5477260 0.3106893 0.0278102 0.0163018
14 0.2645679 0.3106893 0.0278102 0.0163018
20 0.4061469 0.4364463 0.0278102 0.0163019
19 0.3353574 0.4364463 0.0278102 0.0163019
2 0.4769364 0.3735678 0.0278102 0.0163018
19 0.4769364 0.2478107 0.0278102 0.0163018
26 0.5477260 0.4364463 0.0278102 0.0163019
4 0.5477260 0.4993248 0.0278102 0.0163018
21 0.3353574 0.2478107 0.0278102 0.0163018
1 0.1229888 0.3735678 0.0278102 0.0163018
28 0.1229888 0.4993248 0.0278102 0.0163018
15 0.2645679 0.4364463 0.0278102 0.0163019
4 0.3353574 0.4993248 0.0278102 0.0163018
16 0.2645679 0.3735678 0.0278102 0.0163018
