3 0.3877168 0.6058443 0.0271023 0.0161338
27 0.4567044 0.6058443 0.0271023 0.0161338
32 0.5213804 0.4491163 0.4989289 0.4425257
33 0.4567044 0.2946933 0.0640600 0.0622302
30 0.4567044 0.2946933 0.0271023 0.0161338
2 0.5946799 0.2946933 0.0271023 0.0161338
31 0.6636676 0.2946933 0.0271023 0.0161338
8 0.3877168 0.3569235 0.0271023 0.0161337
30 0.3187291 0.4191537 0.0271023 0.0161338
9 0.3877168 0.4191537 0.0271023 0.0161338
6 0.4567044 0.5436140 0.0271023 0.0161338
13 0.5256921 0.5436140 0.0271023 0.0161338
15 0.6636676 0.5436140 0.0271023 0.0161338
12 0.3187291 0.6058443 0.0271023 0.0161338
10 0.6636676 0.6058443 0.0271023 0.0161338
16 0.5256921 0.6058443 0.0271023 0.0161338
16 0.5256921 0.4191537 0.0271023 0.0161338
2 0.5256921 0.2946933 0.0271023 0.0161338
18 0.5256921 0.4813839 0.0271023 0.0161338
29 0.7326552 0.6058443 0.0271023 0.0161338
7 0.5946799 0.3569235 0.0271023 0.0161337
19 0.7326552 0.4191537 0.0271023 0.0161338
28 0.3187291 0.2946933 0.0271023 0.0161338
30 0.5256921 0.3569235 0.0271023 0.0161337
14 0.4567044 0.4813839 0.0271023 0.0161338
5 0.7326552 0.2946933 0.0271023 0.0161338
1 0.6636676 0.4813839 0.0271023 0.0161338
14 0.5946799 0.6058443 0.0271023 0.0161338
17 0.5946799 0.4813839 0.0271023 0.0161338
2 0.7326552 0.4813839 0.0271023 0.0161338
27 0.3877168 0.5436140 0.0271023 0.0161338
4 0.6636676 0.3569235 0.0271023 0.0161337
31 0.5946799 0.4191537 0.0271023 0.0161338
27 0.3187291 0.3569235 0.0271023 0.0161337
20 0.4567044 0.3569235 0.0271023 0.0161337
20 0.3877168 0.4813839 0.0271023 0.0161338
21 0.6636676 0.4191537 0.0271023 0.0161338
29 0.7326552 0.3569235 0.0271023 0.0161337
13 0.3877168 0.2946933 0.0271023 0.0161338
20 0.5946799 0.5436140 0.0271023 0.0161338
25 0.3187291 0.5436140 0.0271023 0.0161338
28 0.3187291 0.4813839 0.0271023 0.0161338
13 0.7326552 0.5436140 0.0271023 0.0161338
1 0.4567044 0.4191537 0.0271023 0.0161338
