4 0.4137592 0.2610451 0.0275129 0.0162670
26 0.4137592 0.5120214 0.0275129 0.0162670
32 0.3393496 0.4167434 0.5064860 0.4461801
24 0.1336287 0.3237892 0.0275128 0.0162670
4 0.2736940 0.3237892 0.0275128 0.0162670
19 0.1336287 0.5120214 0.0275128 0.0162670
33 0.2736940 0.5120214 0.0650303 0.0627441
21 0.2736940 0.5120214 0.0275128 0.0162670
4 0.2736940 0.2610451 0.0275128 0.0162670
16 0.2036614 0.4492773 0.0275128 0.0162670
11 0.1336287 0.3865333 0.0275128 0.0162670
21 0.5538245 0.5120214 0.0275128 0.0162670
31 0.4837919 0.3237892 0.0275128 0.0162670
19 0.2036614 0.5120214 0.0275128 0.0162670
23 0.5538245 0.2610451 0.0275128 0.0162670
30 0.2036614 0.3865333 0.0275128 0.0162670
22 0.4137592 0.3865333 0.0275129 0.0162670
13 0.4137592 0.4492773 0.0275129 0.0162670
25 0.5538245 0.4492773 0.0275128 0.0162670
20 0.3437267 0.2610451 0.0275128 0.0162670
31 0.5538245 0.3237892 0.0275128 0.0162670
27 0.1336287 0.4492773 0.0275128 0.0162670
22 0.3437267 0.3865333 0.0275128 0.0162670
27 0.4837919 0.4492773 0.0275128 0.0162670
13 0.2736940 0.4492773 0.0275128 0.0162670
25 0.3437267 0.5120214 0.0275128 0.0162670
19 0.2736940 0.3865333 0.0275128 0.0162670
4 0.4837919 0.2610451 0.0275128 0.0162670
21 0.3437267 0.4492773 0.0275128 0.0162670
5 0.4137592 0.3237892 0.0275129 0.0162670
3 0.5538245 0.3865333 0.0275128 0.0162670
3 0.4837919 0.3865333 0.0275128 0.0162670
6 0.3437267 0.3237892 0.0275128 0.0162670
5 0.2036614 0.2610451 0.0275128 0.0162670
8 0.4837919 0.5120214 0.0275128 0.0162670
29 0.1336287 0.2610451 0.0275128 0.0162670
19 0.2036614 0.3237892 0.0275128 0.0162670
