26 0.4060634 0.6166025 0.0288731 0.0151086
6 0.2590732 0.3834989 0.0288731 0.0151085
32 0.3279749 0.5281095 0.5315272 0.4144064
33 0.1855781 0.3834989 0.0682455 0.0582759
28 0.1855781 0.3834989 0.0288731 0.0151085
26 0.4060634 0.3834989 0.0288731 0.0151085
12 0.4060634 0.4417749 0.0288731 0.0151086
11 0.4795585 0.5000508 0.0288731 0.0151086
2 0.1120829 0.5583267 0.0288731 0.0151086
28 0.1120829 0.3834989 0.0288731 0.0151085
24 0.1855781 0.5000508 0.0288731 0.0151086
5 0.5530537 0.4417749 0.0288731 0.0151086
16 0.3325683 0.4417749 0.0288731 0.0151086
18 0.2590732 0.6166025 0.0288731 0.0151086
14 0.1855781 0.4417749 0.0288731 0.0151086
4 0.4795585 0.3834989 0.0288731 0.0151085
27 0.4795585 0.6166025 0.0288731 0.0151086
25 0.3325683 0.6166025 0.0288731 0.0151086
25 0.1120829 0.6166025 0.0288731 0.0151086
3 0.4795585 0.4417749 0.0288731 0.0151086
21 0.2590732 0.4417749 0.0288731 0.0151086
23 0.4795585 0.5583267 0.0288731 0.0151086
20 0.5530537 0.6166025 0.0288731 0.0151086
27 0.4060634 0.5583267 0.0288731 0.0151086
14 0.1855781 0.6166025 0.0288731 0.0151086
18 0.2590732 0.5583267 0.0288731 0.0151086
3 0.5530537 0.5000508 0.0288731 0.0151086
28 0.4060634 0.5000508 0.0288731 0.0151086
19 0.1855781 0.5583267 0.0288731 0.0151086
27 0.2590732 0.5000508 0.0288731 0.0151086
17 0.1120829 0.4417749 0.0288731 0.0151086
26 0.1120829 0.5000508 0.0288731 0.0151086
7 0.3325683 0.5583267 0.0288731 0.0151086
3 0.3325683 0.3834989 0.0288731 0.0151085
25 0.5530537 0.5583267 0.0288731 0.0151086
5 0.3325683 0.5000508 0.0288731 0.0151086
15 0.5530537 0.3834989 0.0288731 0.0151085
