18 0.6225425 0.6238905 0.0270818 0.0156274
11 0.7604131 0.3827821 0.0270817 0.0156274
32 0.5542227 0.4676165 0.4985500 0.4286373
7 0.4157365 0.3230631 0.0270817 0.0167436
11 0.4157365 0.3827821 0.0270817 0.0156274
13 0.5536072 0.3827821 0.0270818 0.0156274
16 0.4157365 0.4436173 0.0270817 0.0167436
28 0.5536072 0.4436173 0.0270818 0.0167436
14 0.7604131 0.4436173 0.0270817 0.0167436
10 0.5536072 0.5038944 0.0270818 0.0167436
15 0.6225425 0.5038944 0.0270818 0.0167436
26 0.3468013 0.5641715 0.0270818 0.0167436
8 0.4157365 0.5641715 0.0270817 0.0167436
33 0.7604131 0.6238905 0.0640113 0.0602772
28 0.7604131 0.6238905 0.0270817 0.0156274
30 0.6914778 0.6238905 0.0270818 0.0156274
23 0.5536072 0.3230631 0.0270818 0.0167436
19 0.4157365 0.6238905 0.0270817 0.0156274
8 0.3468013 0.3230631 0.0270818 0.0167436
24 0.6914778 0.3827821 0.0270818 0.0156274
10 0.6914778 0.4436173 0.0270818 0.0167436
22 0.4846719 0.3230631 0.0270818 0.0167436
7 0.3468013 0.6238905 0.0270818 0.0156274
22 0.5536072 0.5641715 0.0270818 0.0167436
6 0.4846719 0.3827821 0.0270818 0.0156274
21 0.4846719 0.5038944 0.0270818 0.0167436
1 0.7604131 0.5038944 0.0270817 0.0167436
19 0.6225425 0.3827821 0.0270818 0.0156274
15 0.4157365 0.5038944 0.0270817 0.0167436
18 0.7604131 0.3230631 0.0270817 0.0167436
21 0.6914778 0.3230631 0.0270818 0.0167436
10 0.6914778 0.5038944 0.0270818 0.0167436
11 0.5536072 0.6238905 0.0270818 0.0156274
7 0.4846719 0.4436173 0.0270818 0.0167436
19 0.6225425 0.5641715 0.0270818 0.0167436
14 0.4846719 0.5641715 0.0270818 0.0167436
21 0.7604131 0.5641715 0.0270817 0.0167436
9 0.3468013 0.4436173 0.0270818 0.0167436
21 0.3468013 0.5038944 0.0270818 0.0167436
19 0.6914778 0.5641715 0.0270818 0.0167436
22 0.3468013 0.3827821 0.0270818 0.0156274
3 0.6225425 0.4436173 0.0270818 0.0167436
6 0.4846719 0.6238905 0.0270818 0.0156274
16 0.6225425 0.3230631 0.0270818 0.0167436
