13 0.3143025 0.2517532 0.0267513 0.0162142
7 0.3823967 0.4393749 0.0267513 0.0162142
32 0.3781409 0.4069465 0.4924673 0.4447331
13 0.1781140 0.2517532 0.0267513 0.0162142
30 0.4504910 0.3142938 0.0267513 0.0162142
33 0.5866795 0.3142938 0.0632304 0.0625406
19 0.5866795 0.3142938 0.0267513 0.0162142
12 0.3143025 0.5019156 0.0267513 0.0162142
21 0.5185852 0.2517532 0.0267513 0.0162142
2 0.5185852 0.5019156 0.0267513 0.0162142
18 0.2462083 0.3142938 0.0267513 0.0162142
19 0.5185852 0.3768343 0.0267513 0.0162143
31 0.3143025 0.3142938 0.0267513 0.0162142
14 0.1781140 0.5019156 0.0267513 0.0162142
26 0.5185852 0.3142938 0.0267513 0.0162142
21 0.4504910 0.2517532 0.0267513 0.0162142
28 0.2462083 0.3768343 0.0267513 0.0162143
21 0.3823967 0.5019156 0.0267513 0.0162142
2 0.3823967 0.3142938 0.0267513 0.0162142
2 0.5866795 0.3768343 0.0267513 0.0162143
1 0.4504910 0.3768343 0.0267513 0.0162143
6 0.1781140 0.3142938 0.0267513 0.0162142
24 0.3823967 0.2517532 0.0267513 0.0162142
6 0.4504910 0.5019156 0.0267513 0.0162142
24 0.3143025 0.4393749 0.0267513 0.0162142
5 0.3143025 0.3768343 0.0267513 0.0162143
21 0.3823967 0.3768343 0.0267513 0.0162143
26 0.5866795 0.2517532 0.0267513 0.0162142
18 0.1781140 0.4393749 0.0267513 0.0162142
19 0.5866795 0.5019156 0.0267513 0.0162142
18 0.2462083 0.5019156 0.0267513 0.0162142
3 0.4504910 0.4393749 0.0267513 0.0162142
6 0.2462083 0.2517532 0.0267513 0.0162142
7 0.1781140 0.3768343 0.0267513 0.0162143
15 0.5866795 0.4393749 0.0267513 0.0162142
6 0.5185852 0.4393749 0.0267513 0.0162142
3 0.2462083 0.4393749 0.0267513 0.0162142
