16 0.5026314 0.4534909 0.0281132 0.0169546
3 0.6457533 0.2093441 0.0281133 0.0169546
32 0.5748313 0.3557192 0.5175387 0.4340389
17 0.5741924 0.2093441 0.0281132 0.0169546
23 0.7173141 0.2093441 0.0281132 0.0169546
33 0.4310706 0.3918891 0.0664494 0.0610367
22 0.4310706 0.3924542 0.0281132 0.0169546
7 0.7888750 0.4534909 0.0281133 0.0169546
6 0.6457533 0.3314175 0.0281133 0.0169546
18 0.7888750 0.3314175 0.0281133 0.0169546
31 0.3595097 0.3314175 0.0281132 0.0169546
10 0.3595097 0.2698156 0.0281132 0.0158243
10 0.7173141 0.4534909 0.0281132 0.0169546
31 0.7888750 0.3924542 0.0281133 0.0169546
24 0.7888750 0.2698156 0.0281133 0.0158243
7 0.5741924 0.4534909 0.0281132 0.0169546
24 0.5741924 0.3924542 0.0281132 0.0169546
27 0.7888750 0.2093441 0.0281133 0.0169546
7 0.5026314 0.2093441 0.0281132 0.0169546
17 0.3595097 0.2093441 0.0281132 0.0169546
13 0.5026314 0.3924542 0.0281132 0.0169546
16 0.6457533 0.2698156 0.0281133 0.0158243
9 0.7173141 0.2698156 0.0281132 0.0158243
6 0.6457533 0.4534909 0.0281133 0.0169546
27 0.5741924 0.3314175 0.0281132 0.0169546
23 0.5026314 0.2698156 0.0281132 0.0158243
20 0.7173141 0.3314175 0.0281132 0.0169546
14 0.6457533 0.3924542 0.0281133 0.0169546
18 0.5741924 0.2698156 0.0281132 0.0158243
20 0.3595097 0.3924542 0.0281132 0.0169546
16 0.4310706 0.2093441 0.0281132 0.0169546
10 0.5026314 0.3314175 0.0281132 0.0169546
19 0.4310706 0.3314175 0.0281132 0.0169546
30 0.4310706 0.2698156 0.0281132 0.0158243
25 0.4310706 0.4534909 0.0281132 0.0169546
25 0.3595097 0.4534909 0.0281132 0.0169546
31 0.7173141 0.3924542 0.0281132 0.0169546
