13 0.5629482 0.4865668 0.0288516 0.0161942
21 0.4895077 0.4865668 0.0288516 0.0161942
32 0.6370444 0.5744779 0.5311320 0.4441822
33 0.5629482 0.4241037 0.0681947 0.0624631
24 0.5629482 0.4246820 0.0288516 0.0173509
16 0.4160672 0.4865668 0.0288516 0.0161942
22 0.8567101 0.4865668 0.0288515 0.0161942
7 0.6363887 0.5496083 0.0288517 0.0173509
17 0.7832697 0.5496083 0.0288516 0.0173509
20 0.8567101 0.5496083 0.0288515 0.0173509
12 0.7098291 0.6120714 0.0288516 0.0173509
29 0.4895077 0.6745345 0.0288516 0.0173509
5 0.4895077 0.7364193 0.0288516 0.0161941
3 0.5629482 0.7364193 0.0288516 0.0161941
6 0.8567101 0.7364193 0.0288515 0.0161941
17 0.7098291 0.7364193 0.0288516 0.0161941
21 0.4160672 0.5496083 0.0288516 0.0173509
7 0.7832697 0.7364193 0.0288516 0.0161941
25 0.5629482 0.5496083 0.0288516 0.0173509
10 0.5629482 0.6745345 0.0288516 0.0173509
24 0.8567101 0.6120714 0.0288515 0.0173509
23 0.4160672 0.4246820 0.0288516 0.0173509
4 0.4895077 0.4246820 0.0288516 0.0173509
29 0.8567101 0.4246820 0.0288515 0.0173509
23 0.7098291 0.4246820 0.0288516 0.0173509
3 0.8567101 0.6745345 0.0288515 0.0173509
3 0.4160672 0.6120714 0.0288516 0.0173509
11 0.6363887 0.6745345 0.0288517 0.0173509
18 0.7098291 0.6745345 0.0288516 0.0173509
21 0.7098291 0.5496083 0.0288516 0.0173509
23 0.4895077 0.6120714 0.0288516 0.0173509
5 0.5629482 0.6120714 0.0288516 0.0173509
3 0.6363887 0.4865668 0.0288517 0.0161942
23 0.4895077 0.5496083 0.0288516 0.0173509
29 0.7098291 0.4865668 0.0288516 0.0161942
12 0.7832697 0.6120714 0.0288516 0.0173509
14 0.6363887 0.4246820 0.0288517 0.0173509
28 0.6363887 0.7364193 0.0288517 0.0161941
26 0.7832697 0.4865668 0.0288516 0.0161942
24 0.7832697 0.6745345 0.0288516 0.0173509
23 0.7832697 0.4246820 0.0288516 0.0173509
7 0.6363887 0.6120714 0.0288517 0.0173509
6 0.4160672 0.7364193 0.0288516 0.0161941
29 0.4160672 0.6745345 0.0288516 0.0173509
