28 0.5782162 0.4391911 0.0286279 0.0157665
7 0.3596034 0.6216315 0.0286279 0.0157665
32 0.5736618 0.5292851 0.5270130 0.4324512
33 0.3596034 0.3783777 0.0676659 0.0608135
4 0.3596034 0.3783777 0.0286279 0.0157665
23 0.4324744 0.3783777 0.0286279 0.0157665
9 0.7239581 0.3783777 0.0286279 0.0157665
7 0.3596034 0.4391911 0.0286279 0.0157665
2 0.4324744 0.4391911 0.0286279 0.0157665
31 0.5782162 0.5000045 0.0286279 0.0157665
11 0.4324744 0.5608180 0.0286279 0.0157665
24 0.7239581 0.5608180 0.0286279 0.0157665
30 0.4324744 0.6216315 0.0286279 0.0157665
6 0.5782162 0.6216315 0.0286279 0.0157665
3 0.3596034 0.6824449 0.0286279 0.0157665
3 0.5053453 0.5608180 0.0286279 0.0157665
29 0.7968291 0.5000045 0.0286279 0.0157665
23 0.7239581 0.4391911 0.0286279 0.0157665
20 0.6510872 0.4391911 0.0286279 0.0157665
18 0.5053453 0.4391911 0.0286279 0.0157665
4 0.7239581 0.6824449 0.0286279 0.0157665
20 0.5782162 0.3783777 0.0286279 0.0157665
26 0.7239581 0.5000045 0.0286279 0.0157665
30 0.5053453 0.6824449 0.0286279 0.0157665
26 0.5782162 0.6824449 0.0286279 0.0157665
16 0.3596034 0.5000045 0.0286279 0.0157665
18 0.7968291 0.3783777 0.0286279 0.0157665
4 0.5053453 0.6216315 0.0286279 0.0157665
3 0.4324744 0.6824449 0.0286279 0.0157665
26 0.5053453 0.3783777 0.0286279 0.0157665
1 0.6510872 0.6216315 0.0286279 0.0157665
30 0.6510872 0.6824449 0.0286279 0.0157665
1 0.6510872 0.5608180 0.0286279 0.0157665
29 0.6510872 0.3783777 0.0286279 0.0157665
14 0.7968291 0.4391911 0.0286279 0.0157665
4 0.7968291 0.5608180 0.0286279 0.0157665
7 0.5053453 0.5000045 0.0286279 0.0157665
3 0.5782162 0.5608180 0.0286279 0.0157665
15 0.7968291 0.6216315 0.0286279 0.0157665
15 0.4324744 0.5000045 0.0286279 0.0157665
18 0.7239581 0.6216315 0.0286279 0.0157665
5 0.3596034 0.5608180 0.0286279 0.0157665
3 0.7968291 0.6824449 0.0286279 0.0157665
28 0.6510872 0.5000045 0.0286279 0.0157665
