22 0.4903105 0.5707540 0.0279940 0.0159079
13 0.2052807 0.3866774 0.0279940 0.0159078
32 0.2720846 0.4775794 0.5153440 0.4363298
12 0.4190531 0.3253185 0.0279940 0.0159079
4 0.0627658 0.3866774 0.0279940 0.0159078
31 0.1340233 0.3866774 0.0279940 0.0159078
20 0.3477956 0.3866774 0.0279940 0.0159078
8 0.4190531 0.3866774 0.0279940 0.0159078
2 0.4903105 0.3866774 0.0279940 0.0159078
13 0.2765382 0.4480363 0.0279940 0.0159079
30 0.2765382 0.5093951 0.0279940 0.0159079
28 0.3477956 0.5093951 0.0279940 0.0159079
19 0.3477956 0.5707540 0.0279940 0.0159079
33 0.2765382 0.6321129 0.0661676 0.0613588
27 0.2765382 0.6321129 0.0279940 0.0159079
12 0.2052807 0.6321129 0.0279940 0.0159079
11 0.4903105 0.6321129 0.0279940 0.0159079
10 0.2052807 0.5707540 0.0279940 0.0159079
6 0.0627658 0.6321129 0.0279940 0.0159079
6 0.0627658 0.5093951 0.0279940 0.0159079
4 0.1340233 0.6321129 0.0279940 0.0159079
24 0.2052807 0.3253185 0.0279940 0.0159079
23 0.2765382 0.3253185 0.0279940 0.0159079
29 0.4190531 0.6321129 0.0279940 0.0159079
15 0.4190531 0.5093951 0.0279940 0.0159079
23 0.1340233 0.3253185 0.0279940 0.0159079
15 0.2052807 0.4480363 0.0279940 0.0159079
12 0.3477956 0.4480363 0.0279940 0.0159079
31 0.4190531 0.4480363 0.0279940 0.0159079
21 0.4903105 0.4480363 0.0279940 0.0159079
24 0.1340233 0.5707540 0.0279940 0.0159079
27 0.0627658 0.4480363 0.0279940 0.0159079
3 0.2052807 0.5093951 0.0279940 0.0159079
4 0.3477956 0.6321129 0.0279940 0.0159079
17 0.0627658 0.5707540 0.0279940 0.0159079
7 0.2765382 0.5707540 0.0279940 0.0159079
15 0.4903105 0.3253185 0.0279940 0.0159079
15 0.4903105 0.5093951 0.0279940 0.0159079
8 0.4190531 0.5707540 0.0279940 0.0159079
15 0.2765382 0.3866774 0.0279940 0.0159078
3 0.3477956 0.3253185 0.0279940 0.0159079
10 0.1340233 0.5093951 0.0279940 0.0159079
1 0.0627658 0.3253185 0.0279940 0.0159079
22 0.1340233 0.4480363 0.0279940 0.0159079
