11 0.2616593 0.2953291 0.0276332 0.0150907
5 0.1913202 0.4117429 0.0276332 0.0150907
32 0.2572631 0.4397684 0.5087029 0.4139154
4 0.0506418 0.2953291 0.0276332 0.0150907
27 0.0506418 0.4117429 0.0276332 0.0150907
33 0.1209810 0.4117429 0.0653149 0.0582069
27 0.1209810 0.4117429 0.0276332 0.0150907
3 0.4726768 0.4117429 0.0276332 0.0150907
15 0.1913202 0.2953291 0.0276332 0.0150907
6 0.1913202 0.5281566 0.0276332 0.0150907
11 0.1209810 0.2953291 0.0276332 0.0150907
10 0.1209810 0.4699497 0.0276332 0.0150907
11 0.0506418 0.3535360 0.0276332 0.0150907
29 0.4726768 0.3535360 0.0276332 0.0150907
14 0.3319984 0.2953291 0.0276332 0.0150907
31 0.3319984 0.3535360 0.0276332 0.0150907
9 0.4726768 0.4699497 0.0276332 0.0150907
6 0.1913202 0.4699497 0.0276332 0.0150907
22 0.4023376 0.5281566 0.0276332 0.0150907
9 0.2616593 0.4117429 0.0276332 0.0150907
16 0.0506418 0.4699497 0.0276332 0.0150907
15 0.2616593 0.5281566 0.0276332 0.0150907
14 0.4023376 0.4699497 0.0276332 0.0150907
27 0.2616593 0.4699497 0.0276332 0.0150907
1 0.4726768 0.2953291 0.0276332 0.0150907
5 0.0506418 0.5281566 0.0276332 0.0150907
11 0.4726768 0.5281566 0.0276332 0.0150907
5 0.4023376 0.4117429 0.0276332 0.0150907
14 0.1209810 0.3535360 0.0276332 0.0150907
17 0.1209810 0.5281566 0.0276332 0.0150907
10 0.3319984 0.4699497 0.0276332 0.0150907
13 0.4023376 0.3535360 0.0276332 0.0150907
5 0.4023376 0.2953291 0.0276332 0.0150907
15 0.1913202 0.3535360 0.0276332 0.0150907
20 0.2616593 0.3535360 0.0276332 0.0150907
17 0.3319984 0.4117429 0.0276332 0.0150907
20 0.3319984 0.5281566 0.0276332 0.0150907
