22 0.5084794 0.6072751 0.0271149 0.0162200
13 0.2324002 0.3570234 0.0271149 0.0162200
32 0.4351459 0.5122721 0.4991610 0.4448920
11 0.3704398 0.4821493 0.0271149 0.0162200
10 0.5774992 0.4821493 0.0271149 0.0162200
29 0.3014200 0.5447122 0.0271149 0.0162200
33 0.4394596 0.6072751 0.0640898 0.0625629
19 0.4394596 0.6072751 0.0271149 0.0162200
26 0.3014200 0.6072751 0.0271149 0.0162200
8 0.5084794 0.4821493 0.0271149 0.0162200
10 0.2324002 0.4821493 0.0271149 0.0162200
3 0.5774992 0.5447122 0.0271149 0.0162200
17 0.4394596 0.3570234 0.0271149 0.0162200
18 0.4394596 0.4821493 0.0271149 0.0162200
21 0.2324002 0.4195863 0.0271149 0.0162200
8 0.5774992 0.6072751 0.0271149 0.0162200
6 0.5774992 0.4195863 0.0271149 0.0162200
2 0.5084794 0.4195863 0.0271149 0.0162200
29 0.2324002 0.5447122 0.0271149 0.0162200
15 0.6465190 0.5447122 0.0271149 0.0162200
31 0.3014200 0.3570234 0.0271149 0.0162200
25 0.3704398 0.3570234 0.0271149 0.0162200
9 0.3014200 0.4195863 0.0271149 0.0162200
10 0.3014200 0.4821493 0.0271149 0.0162200
20 0.2324002 0.6072751 0.0271149 0.0162200
28 0.3704398 0.4195863 0.0271149 0.0162200
21 0.5084794 0.3570234 0.0271149 0.0162200
26 0.5774992 0.3570234 0.0271149 0.0162200
7 0.5084794 0.5447122 0.0271149 0.0162200
3 0.6465190 0.4821493 0.0271149 0.0162200
3 0.6465190 0.6072751 0.0271149 0.0162200
26 0.3704398 0.5447122 0.0271149 0.0162200
8 0.6465190 0.4195863 0.0271149 0.0162200
21 0.4394596 0.4195863 0.0271149 0.0162200
22 0.4394596 0.5447122 0.0271149 0.0162200
11 0.6465190 0.3570234 0.0271149 0.0162200
30 0.3704398 0.6072751 0.0271149 0.0162200
