13 0.4228422 0.5038269 0.0274720 0.0150036
25 0.6326278 0.3880846 0.0274720 0.0150036
32 0.4884002 0.4738196 0.5057333 0.4115281
28 0.3529136 0.3302135 0.0274719 0.0150036
1 0.4228422 0.3302135 0.0274720 0.0150036
17 0.4927707 0.3302135 0.0274719 0.0150036
21 0.2829850 0.3880846 0.0274719 0.0150036
27 0.3529136 0.3880846 0.0274719 0.0150036
33 0.2829850 0.4459557 0.0649337 0.0578711
17 0.2829850 0.4459557 0.0274719 0.0150037
26 0.4228422 0.4459557 0.0274720 0.0150037
24 0.4927707 0.4459557 0.0274719 0.0150037
4 0.7025564 0.4459557 0.0274719 0.0150037
3 0.4927707 0.5038269 0.0274719 0.0150036
5 0.5626993 0.5038269 0.0274719 0.0150036
24 0.7025564 0.3880846 0.0274719 0.0150036
30 0.4228422 0.3880846 0.0274720 0.0150036
31 0.2829850 0.5038269 0.0274719 0.0150036
6 0.4228422 0.5616980 0.0274720 0.0150037
30 0.6326278 0.3302135 0.0274720 0.0150036
4 0.6326278 0.5616980 0.0274720 0.0150037
19 0.7025564 0.3302135 0.0274719 0.0150036
21 0.4927707 0.3880846 0.0274719 0.0150036
16 0.2829850 0.6195692 0.0274719 0.0150037
26 0.4927707 0.6195692 0.0274719 0.0150037
31 0.3529136 0.5038269 0.0274719 0.0150036
3 0.6326278 0.6195692 0.0274720 0.0150037
21 0.5626993 0.3880846 0.0274719 0.0150036
26 0.5626993 0.4459557 0.0274719 0.0150037
15 0.7025564 0.5038269 0.0274719 0.0150036
6 0.7025564 0.5616980 0.0274719 0.0150037
30 0.3529136 0.6195692 0.0274719 0.0150037
3 0.2829850 0.3302135 0.0274719 0.0150036
19 0.3529136 0.5616980 0.0274719 0.0150037
29 0.7025564 0.6195692 0.0274719 0.0150037
24 0.3529136 0.4459557 0.0274719 0.0150037
2 0.4228422 0.6195692 0.0274720 0.0150037
23 0.6326278 0.4459557 0.0274720 0.0150037
14 0.6326278 0.5038269 0.0274720 0.0150036
19 0.5626993 0.3302135 0.0274719 0.0150036
24 0.2829850 0.5616980 0.0274719 0.0150037
15 0.5626993 0.6195692 0.0274719 0.0150037
7 0.4927707 0.5616980 0.0274719 0.0150037
30 0.5626993 0.5616980 0.0274719 0.0150037
