18 0.8549229 0.2617199 0.0272769 0.0157984
21 0.7160581 0.5054674 0.0272771 0.0157985
32 0.6422862 0.4129336 0.5021452 0.4333289
21 0.5771933 0.3835936 0.0272770 0.0157985
17 0.4383285 0.4445305 0.0272770 0.0157985
33 0.4383285 0.5054674 0.0644730 0.0609369
3 0.4383285 0.5054674 0.0272770 0.0157985
3 0.7854906 0.5054674 0.0272770 0.0157985
5 0.7854906 0.2617199 0.0272770 0.0157984
24 0.6466257 0.4445305 0.0272770 0.0157985
21 0.8549229 0.4445305 0.0272769 0.0157985
2 0.5077608 0.2617199 0.0272770 0.0157984
31 0.4383285 0.2617199 0.0272770 0.0157984
7 0.6466257 0.3835936 0.0272770 0.0157985
31 0.4383285 0.3226567 0.0272770 0.0157984
17 0.6466257 0.3226567 0.0272770 0.0157984
27 0.7854906 0.4445305 0.0272770 0.0157985
7 0.8549229 0.3226567 0.0272769 0.0157984
3 0.7160581 0.4445305 0.0272771 0.0157985
4 0.5077608 0.5054674 0.0272770 0.0157985
3 0.5771933 0.5054674 0.0272770 0.0157985
23 0.7160581 0.2617199 0.0272771 0.0157984
1 0.4383285 0.3835936 0.0272770 0.0157985
2 0.6466257 0.2617199 0.0272770 0.0157984
16 0.6466257 0.5054674 0.0272770 0.0157985
6 0.7160581 0.3835936 0.0272771 0.0157985
21 0.5771933 0.3226567 0.0272770 0.0157984
29 0.5077608 0.3226567 0.0272770 0.0157984
3 0.5771933 0.2617199 0.0272770 0.0157984
6 0.8549229 0.5054674 0.0272769 0.0157985
15 0.7854906 0.3835936 0.0272770 0.0157985
26 0.7854906 0.3226567 0.0272770 0.0157984
20 0.8549229 0.3835936 0.0272769 0.0157985
24 0.5771933 0.4445305 0.0272770 0.0157985
25 0.5077608 0.4445305 0.0272770 0.0157985
23 0.7160581 0.3226567 0.0272771 0.0157984
6 0.5077608 0.3835936 0.0272770 0.0157985
