7 0.4731152 0.3901933 0.0278281 0.0153426
17 0.7564563 0.6269069 0.0278281 0.0153425
32 0.6103586 0.5370434 0.5122910 0.4208242
5 0.4022799 0.3901933 0.0278282 0.0153426
19 0.8272916 0.3901933 0.0278282 0.0153426
9 0.4022799 0.4493717 0.0278282 0.0153425
33 0.5439504 0.5085501 0.0657756 0.0591784
1 0.5439505 0.5085501 0.0278281 0.0153425
15 0.6147857 0.5085501 0.0278281 0.0153425
25 0.5439505 0.5677285 0.0278281 0.0153425
4 0.7564563 0.5677285 0.0278281 0.0153425
30 0.4022799 0.6269069 0.0278282 0.0153425
18 0.5439505 0.6860853 0.0278281 0.0153425
12 0.6147857 0.6860853 0.0278281 0.0153425
31 0.8272916 0.6860853 0.0278282 0.0153425
21 0.4022799 0.5677285 0.0278282 0.0153425
7 0.6856210 0.6860853 0.0278281 0.0153425
26 0.6856210 0.5677285 0.0278281 0.0153425
27 0.4731152 0.4493717 0.0278281 0.0153425
27 0.7564563 0.4493717 0.0278281 0.0153425
7 0.4731152 0.5085501 0.0278281 0.0153425
4 0.8272916 0.4493717 0.0278282 0.0153425
17 0.6856210 0.6269069 0.0278281 0.0153425
3 0.5439505 0.3901933 0.0278281 0.0153426
31 0.4022799 0.6860853 0.0278282 0.0153425
16 0.6856210 0.5085501 0.0278281 0.0153425
18 0.6856210 0.3901933 0.0278281 0.0153426
28 0.4731152 0.6860853 0.0278281 0.0153425
30 0.4022799 0.5085501 0.0278282 0.0153425
1 0.7564563 0.3901933 0.0278281 0.0153426
7 0.5439505 0.6269069 0.0278281 0.0153425
29 0.6147857 0.5677285 0.0278281 0.0153425
12 0.7564563 0.6860853 0.0278281 0.0153425
7 0.4731152 0.5677285 0.0278281 0.0153425
20 0.6147857 0.4493717 0.0278281 0.0153425
31 0.8272916 0.5677285 0.0278282 0.0153425
15 0.4731152 0.6269069 0.0278281 0.0153425
10 0.6147857 0.3901933 0.0278281 0.0153426
20 0.8272916 0.6269069 0.0278282 0.0153425
4 0.8272916 0.5085501 0.0278282 0.0153425
21 0.5439505 0.4493717 0.0278281 0.0153425
19 0.7564563 0.5085501 0.0278281 0.0153425
13 0.6147857 0.6269069 0.0278281 0.0153425
4 0.6856210 0.4493717 0.0278281 0.0153425
