20 0.5893615 0.4523415 0.0262875 0.0154557
15 0.6562750 0.3927270 0.0262875 0.0154557
32 0.5851794 0.4214303 0.4839283 0.4239255
11 0.5224479 0.2734980 0.0262875 0.0154556
31 0.7231886 0.2734980 0.0262874 0.0154556
19 0.7901021 0.2734980 0.0262875 0.0154556
8 0.5224479 0.3331125 0.0262875 0.0154556
3 0.6562750 0.3331125 0.0262875 0.0154556
1 0.5893615 0.3927270 0.0262875 0.0154557
33 0.4555344 0.4523416 0.0621340 0.0596145
16 0.4555344 0.4523415 0.0262875 0.0154557
25 0.5893615 0.5119561 0.0262875 0.0154557
14 0.7231886 0.5119561 0.0262874 0.0154557
30 0.3886209 0.5715706 0.0262875 0.0154557
26 0.7901021 0.5715706 0.0262875 0.0154557
7 0.4555344 0.5715706 0.0262875 0.0154557
27 0.3886209 0.3331125 0.0262875 0.0154556
25 0.6562750 0.2734980 0.0262875 0.0154556
27 0.5893615 0.5715706 0.0262875 0.0154557
2 0.7231886 0.5715706 0.0262874 0.0154557
25 0.3886209 0.3927270 0.0262875 0.0154557
24 0.3886209 0.4523415 0.0262875 0.0154557
17 0.7901021 0.3927270 0.0262875 0.0154557
3 0.5224479 0.5715706 0.0262875 0.0154557
3 0.4555344 0.3331125 0.0262875 0.0154556
13 0.5893615 0.3331125 0.0262875 0.0154556
5 0.4555344 0.3927270 0.0262875 0.0154557
1 0.7231886 0.4523415 0.0262874 0.0154557
19 0.5224479 0.4523415 0.0262875 0.0154557
26 0.3886209 0.5119561 0.0262875 0.0154557
26 0.6562750 0.4523415 0.0262875 0.0154557
23 0.6562750 0.5119561 0.0262875 0.0154557
1 0.7901021 0.3331125 0.0262875 0.0154556
29 0.6562750 0.5715706 0.0262875 0.0154557
18 0.7901021 0.4523415 0.0262875 0.0154557
14 0.7901021 0.5119561 0.0262875 0.0154557
27 0.5224479 0.3927270 0.0262875 0.0154557
25 0.4555344 0.2734980 0.0262875 0.0154556
29 0.4555344 0.5119561 0.0262875 0.0154557
28 0.7231886 0.3331125 0.0262874 0.0154556
13 0.3886209 0.2734980 0.0262875 0.0154556
16 0.5893615 0.2734980 0.0262875 0.0154556
24 0.7231886 0.3927270 0.0262874 0.0154557
23 0.5224479 0.5119561 0.0262875 0.0154557
