5 0.5778416 0.5748714 0.0281562 0.0154771
13 0.4345009 0.5151740 0.0281562 0.0154771
32 0.5733622 0.6036145 0.5183303 0.4245147
16 0.4345009 0.5748714 0.0281562 0.0154771
19 0.7211824 0.5748714 0.0281562 0.0154771
33 0.5061713 0.6345688 0.0665511 0.0596974
30 0.5061713 0.6345687 0.0281562 0.0154772
30 0.7928528 0.4554766 0.0281562 0.0154771
7 0.6495120 0.4554766 0.0281562 0.0154771
29 0.7211824 0.6345687 0.0281562 0.0154772
15 0.4345009 0.6942661 0.0281562 0.0154772
4 0.7928528 0.5748714 0.0281562 0.0154771
30 0.5778416 0.5151740 0.0281562 0.0154771
26 0.5061713 0.5748714 0.0281562 0.0154771
18 0.7211824 0.6942661 0.0281562 0.0154772
10 0.3628305 0.5151740 0.0281562 0.0154771
7 0.7211824 0.5151740 0.0281562 0.0154771
14 0.3628305 0.6345687 0.0281562 0.0154772
9 0.6495120 0.5748714 0.0281562 0.0154771
22 0.4345009 0.6345687 0.0281562 0.0154772
7 0.6495120 0.6942661 0.0281562 0.0154772
24 0.5061713 0.5151740 0.0281562 0.0154771
5 0.5778416 0.4554766 0.0281562 0.0154771
1 0.7928528 0.6942661 0.0281562 0.0154772
7 0.4345009 0.4554766 0.0281562 0.0154771
11 0.7928528 0.6345687 0.0281562 0.0154772
31 0.5061713 0.6942661 0.0281562 0.0154772
8 0.5061713 0.4554766 0.0281562 0.0154771
27 0.6495120 0.5151740 0.0281562 0.0154771
20 0.5778416 0.6345687 0.0281562 0.0154772
24 0.6495120 0.6345687 0.0281562 0.0154772
14 0.3628305 0.4554766 0.0281562 0.0154771
28 0.7211824 0.4554766 0.0281562 0.0154771
30 0.5778416 0.6942661 0.0281562 0.0154772
18 0.3628305 0.6942661 0.0281562 0.0154772
24 0.3628305 0.5748714 0.0281562 0.0154771
4 0.7928528 0.5151740 0.0281562 0.0154771
