28 0.3587518 0.4364075 0.0281523 0.0149682
7 0.2154309 0.3792077 0.0281523 0.0160373
32 0.3593916 0.5176633 0.5182585 0.4105557
33 0.5020727 0.3786731 0.0665418 0.0577344
1 0.5020727 0.3792077 0.0281523 0.0160373
9 0.2154309 0.4364075 0.0281523 0.0149682
18 0.5020727 0.4946765 0.0281523 0.0160374
2 0.2870914 0.3792077 0.0281523 0.0160373
26 0.2870914 0.4364075 0.0281523 0.0149682
25 0.5020727 0.4364075 0.0281523 0.0149682
25 0.4304122 0.3792077 0.0281524 0.0160373
24 0.3587518 0.5524109 0.0281523 0.0160373
3 0.2870914 0.6101453 0.0281523 0.0160373
3 0.5737331 0.6101453 0.0281523 0.0160373
7 0.5737331 0.3792077 0.0281523 0.0160373
30 0.5020727 0.5524109 0.0281523 0.0160373
27 0.1437705 0.5524109 0.0281523 0.0160373
2 0.5737331 0.4364075 0.0281523 0.0149682
9 0.1437705 0.6101453 0.0281523 0.0160373
31 0.4304122 0.4364075 0.0281524 0.0149682
14 0.3587518 0.6101453 0.0281523 0.0160373
4 0.1437705 0.3792077 0.0281523 0.0160373
31 0.5737331 0.4946765 0.0281523 0.0160374
7 0.2154309 0.4946765 0.0281523 0.0160374
22 0.5020727 0.6101453 0.0281523 0.0160373
17 0.5737331 0.5524109 0.0281523 0.0160373
12 0.2154309 0.6101453 0.0281523 0.0160373
28 0.2870914 0.4946765 0.0281523 0.0160374
19 0.3587518 0.4946765 0.0281523 0.0160374
7 0.4304122 0.4946765 0.0281524 0.0160374
5 0.2154309 0.5524109 0.0281523 0.0160373
24 0.3587518 0.3792077 0.0281523 0.0160373
21 0.2870914 0.5524109 0.0281523 0.0160373
9 0.4304122 0.6101453 0.0281524 0.0160373
13 0.1437705 0.4364075 0.0281523 0.0149682
2 0.4304122 0.5524109 0.0281524 0.0160373
12 0.1437705 0.4946765 0.0281523 0.0160374
