21 0.4443639 0.2120740 0.0265282 0.0164539
7 0.6469431 0.2707595 0.0265282 0.0153570
32 0.5124932 0.3541258 0.4883606 0.4212193
25 0.7144695 0.2120740 0.0265282 0.0164539
28 0.3093111 0.2707595 0.0265282 0.0153570
22 0.5118903 0.2707595 0.0265282 0.0153570
18 0.7144695 0.2707595 0.0265282 0.0153570
10 0.3768375 0.3305420 0.0265282 0.0164539
23 0.6469431 0.3305420 0.0265282 0.0164539
1 0.7144695 0.3897759 0.0265282 0.0164539
33 0.3093111 0.4484614 0.0627031 0.0592339
8 0.3093111 0.4490099 0.0265282 0.0164539
19 0.5118903 0.5076954 0.0265282 0.0153569
7 0.6469431 0.5076954 0.0265282 0.0153569
6 0.3768375 0.2120740 0.0265282 0.0164539
26 0.4443639 0.3897759 0.0265282 0.0164539
29 0.5794167 0.3897759 0.0265282 0.0164539
9 0.7144695 0.3305420 0.0265282 0.0164539
17 0.3768375 0.4490099 0.0265282 0.0164539
21 0.4443639 0.4490099 0.0265282 0.0164539
11 0.3093111 0.5076954 0.0265282 0.0153569
2 0.4443639 0.2707595 0.0265282 0.0153570
14 0.6469431 0.4490099 0.0265282 0.0164539
6 0.5794167 0.3305420 0.0265282 0.0164539
5 0.3093111 0.3305420 0.0265282 0.0164539
25 0.5118903 0.2120740 0.0265282 0.0164539
15 0.3768375 0.5076954 0.0265282 0.0153569
20 0.5794167 0.5076954 0.0265282 0.0153569
31 0.6469431 0.2120740 0.0265282 0.0164539
13 0.5794167 0.2120740 0.0265282 0.0164539
31 0.3093111 0.2120740 0.0265282 0.0164539
18 0.7144695 0.4490099 0.0265282 0.0164539
28 0.5118903 0.3897759 0.0265282 0.0164539
26 0.4443639 0.5076954 0.0265282 0.0153569
9 0.3093111 0.3897759 0.0265282 0.0164539
23 0.3768375 0.2707595 0.0265282 0.0153570
21 0.3768375 0.3897759 0.0265282 0.0164539
23 0.5118903 0.3305420 0.0265282 0.0164539
23 0.5118903 0.4490099 0.0265282 0.0164539
20 0.6469431 0.3897759 0.0265282 0.0164539
11 0.5794167 0.2707595 0.0265282 0.0153570
22 0.5794167 0.4490099 0.0265282 0.0164539
13 0.7144695 0.5076954 0.0265282 0.0153569
21 0.4443639 0.3305420 0.0265282 0.0164539
