28 0.2044187 0.5348954 0.0284919 0.0149801
9 0.3494682 0.4771150 0.0284919 0.0149801
32 0.2724106 0.3893743 0.5245092 0.4108831
20 0.2769434 0.2459933 0.0284919 0.0149801
23 0.4219929 0.2459933 0.0284919 0.0149801
21 0.4945176 0.2459933 0.0284919 0.0149801
29 0.2044187 0.3037737 0.0284919 0.0149801
7 0.3494682 0.3615541 0.0284919 0.0149801
33 0.0593693 0.4193345 0.0673444 0.0577804
8 0.0593693 0.4193345 0.0284919 0.0149801
15 0.2044187 0.4193345 0.0284919 0.0149801
19 0.2769434 0.4771150 0.0284919 0.0149801
16 0.1318940 0.5348954 0.0284919 0.0149801
28 0.4219929 0.5348954 0.0284919 0.0149801
2 0.1318940 0.3615541 0.0284919 0.0149801
11 0.2769434 0.3037737 0.0284919 0.0149801
22 0.1318940 0.3037737 0.0284919 0.0149801
7 0.0593693 0.2459933 0.0284919 0.0149801
28 0.2769434 0.3615541 0.0284919 0.0149801
19 0.4219929 0.4771150 0.0284919 0.0149801
23 0.4945176 0.3615541 0.0284919 0.0149801
6 0.2769434 0.5348954 0.0284919 0.0149801
9 0.2044187 0.4771150 0.0284919 0.0149801
25 0.2044187 0.2459933 0.0284919 0.0149801
8 0.0593693 0.4771150 0.0284919 0.0149801
22 0.4219929 0.3615541 0.0284919 0.0149801
13 0.1318940 0.4771150 0.0284919 0.0149801
28 0.0593693 0.3037737 0.0284919 0.0149801
12 0.4219929 0.3037737 0.0284919 0.0149801
19 0.4219929 0.4193345 0.0284919 0.0149801
1 0.3494682 0.3037737 0.0284919 0.0149801
10 0.3494682 0.5348954 0.0284919 0.0149801
15 0.4945176 0.3037737 0.0284919 0.0149801
21 0.2044187 0.3615541 0.0284919 0.0149801
24 0.4945176 0.4771150 0.0284919 0.0149801
26 0.4945176 0.4193345 0.0284919 0.0149801
24 0.0593693 0.5348954 0.0284919 0.0149801
27 0.3494682 0.4193345 0.0284919 0.0149801
31 0.2769434 0.4193345 0.0284919 0.0149801
11 0.1318940 0.4193345 0.0284919 0.0149801
6 0.3494682 0.2459933 0.0284919 0.0149801
18 0.4945176 0.5348954 0.0284919 0.0149801
22 0.1318940 0.2459933 0.0284919 0.0149801
24 0.0593693 0.3615541 0.0284919 0.0149801
