2 0.1576916 0.5479397 0.0265985 0.0155686
26 0.5639235 0.6079904 0.0265985 0.0155687
32 0.3565759 0.5768530 0.4896545 0.4270270
16 0.1576916 0.4278383 0.0265985 0.0155687
1 0.4285128 0.4878890 0.0265985 0.0155687
33 0.4962182 0.4878890 0.0628692 0.0600507
26 0.4962181 0.4878890 0.0265985 0.0155687
26 0.4285128 0.5479397 0.0265985 0.0155686
2 0.5639235 0.5479397 0.0265985 0.0155686
1 0.2253969 0.4878890 0.0265985 0.0155687
16 0.2931022 0.4278383 0.0265985 0.0155687
14 0.5639235 0.4278383 0.0265985 0.0155687
2 0.4962181 0.5479397 0.0265985 0.0155686
8 0.2931022 0.5479397 0.0265985 0.0155686
8 0.1576916 0.4878890 0.0265985 0.0155687
29 0.1576916 0.6680410 0.0265985 0.0155687
26 0.4285128 0.4278383 0.0265985 0.0155687
12 0.5639235 0.6680410 0.0265985 0.0155687
26 0.2253969 0.5479397 0.0265985 0.0155686
23 0.2253969 0.6079904 0.0265985 0.0155687
24 0.5639235 0.4878890 0.0265985 0.0155687
30 0.3608075 0.5479397 0.0265985 0.0155686
16 0.2931022 0.6079904 0.0265985 0.0155687
7 0.3608075 0.4878890 0.0265985 0.0155687
1 0.1576916 0.6079904 0.0265985 0.0155687
16 0.2253969 0.4278383 0.0265985 0.0155687
24 0.4285128 0.6680410 0.0265985 0.0155687
14 0.4962181 0.6079904 0.0265985 0.0155687
18 0.4285128 0.6079904 0.0265985 0.0155687
8 0.2931022 0.4878890 0.0265985 0.0155687
1 0.4962181 0.4278383 0.0265985 0.0155687
28 0.3608075 0.6680410 0.0265985 0.0155687
29 0.2253969 0.6680410 0.0265985 0.0155687
17 0.3608075 0.4278383 0.0265985 0.0155687
22 0.3608075 0.6079904 0.0265985 0.0155687
1 0.4962181 0.6680410 0.0265985 0.0155687
9 0.2931022 0.6680410 0.0265985 0.0155687
