26 0.3943697 0.2606811 0.0263094 0.0156931
20 0.6622470 0.4422728 0.0263094 0.0156931
32 0.5910921 0.3503560 0.4843316 0.4304396
11 0.3943697 0.2001505 0.0263094 0.0156931
15 0.5952777 0.2001505 0.0263094 0.0156931
22 0.7292164 0.2001505 0.0263094 0.0156931
3 0.4613390 0.2606811 0.0263094 0.0156931
33 0.5283084 0.2606811 0.0621858 0.0605306
9 0.5283084 0.2606811 0.0263094 0.0156931
6 0.5952777 0.2606811 0.0263094 0.0156931
17 0.7292164 0.2606811 0.0263094 0.0156931
30 0.6622470 0.3817422 0.0263094 0.0156932
4 0.5952777 0.4422728 0.0263094 0.0156931
9 0.7292164 0.4422728 0.0263094 0.0156931
20 0.5283084 0.3817422 0.0263094 0.0156932
28 0.3943697 0.3817422 0.0263094 0.0156932
13 0.7961857 0.3817422 0.0263094 0.0156932
17 0.4613390 0.2001505 0.0263094 0.0156931
16 0.4613390 0.3817422 0.0263094 0.0156932
28 0.5283084 0.2001505 0.0263094 0.0156931
31 0.7961857 0.2606811 0.0263094 0.0156931
8 0.7961857 0.5028034 0.0263094 0.0156932
16 0.7292164 0.3817422 0.0263094 0.0156932
9 0.6622470 0.5028034 0.0263094 0.0156932
6 0.7292164 0.3212117 0.0263094 0.0156931
10 0.5952777 0.5028034 0.0263094 0.0156932
6 0.3943697 0.5028034 0.0263094 0.0156932
13 0.5283084 0.4422728 0.0263094 0.0156931
1 0.5952777 0.3212117 0.0263094 0.0156931
28 0.4613390 0.5028034 0.0263094 0.0156932
10 0.7961857 0.3212117 0.0263094 0.0156931
25 0.5283084 0.5028034 0.0263094 0.0156932
6 0.6622470 0.2606811 0.0263094 0.0156931
10 0.4613390 0.3212117 0.0263094 0.0156931
14 0.3943697 0.4422728 0.0263094 0.0156931
6 0.7292164 0.5028034 0.0263094 0.0156932
3 0.5952777 0.3817422 0.0263094 0.0156932
4 0.6622470 0.3212117 0.0263094 0.0156931
31 0.5283084 0.3212117 0.0263094 0.0156931
8 0.3943697 0.3212117 0.0263094 0.0156931
16 0.7961857 0.2001505 0.0263094 0.0156931
30 0.7961857 0.4422728 0.0263094 0.0156931
30 0.4613390 0.4422728 0.0263094 0.0156931
27 0.6622470 0.2001505 0.0263094 0.0156931
