18 0.5722781 0.4800983 0.0262323 0.0156690
21 0.6390511 0.6009738 0.0262323 0.0156691
32 0.5013317 0.5696357 0.4829123 0.4297798
33 0.3719589 0.4800983 0.0620035 0.0604378
6 0.3719589 0.4800983 0.0262323 0.0156690
31 0.4387320 0.5405361 0.0262323 0.0156690
12 0.5722781 0.5405361 0.0262323 0.0156690
27 0.3051859 0.5405361 0.0262323 0.0156690
24 0.4387320 0.4800983 0.0262323 0.0156690
2 0.6390511 0.6614117 0.0262323 0.0156690
7 0.4387320 0.6614117 0.0262323 0.0156690
19 0.5055050 0.6614117 0.0262322 0.0156690
3 0.5722781 0.6009738 0.0262323 0.0156691
2 0.3051859 0.4800983 0.0262323 0.0156690
21 0.3719589 0.6009738 0.0262323 0.0156691
30 0.6390511 0.5405361 0.0262323 0.0156690
17 0.3719589 0.5405361 0.0262323 0.0156690
29 0.3051859 0.4196605 0.0262323 0.0156690
23 0.3051859 0.6009738 0.0262323 0.0156691
31 0.5055050 0.6009738 0.0262322 0.0156691
31 0.7058241 0.6009738 0.0262322 0.0156691
20 0.7058241 0.5405361 0.0262322 0.0156690
13 0.3719589 0.4196605 0.0262323 0.0156690
4 0.7058241 0.4196605 0.0262322 0.0156690
2 0.7058241 0.4800983 0.0262322 0.0156690
5 0.5722781 0.4196605 0.0262323 0.0156690
18 0.3719589 0.6614117 0.0262323 0.0156690
1 0.3051859 0.6614117 0.0262323 0.0156690
3 0.5055050 0.4800983 0.0262322 0.0156690
28 0.4387320 0.6009738 0.0262323 0.0156691
30 0.7058241 0.6614117 0.0262322 0.0156690
26 0.5055050 0.4196605 0.0262322 0.0156690
18 0.6390511 0.4196605 0.0262323 0.0156690
20 0.5055050 0.5405361 0.0262322 0.0156690
15 0.4387320 0.4196605 0.0262323 0.0156690
24 0.5722781 0.6614117 0.0262323 0.0156690
16 0.6390511 0.4800983 0.0262323 0.0156690
