23 0.2398036 0.4097359 0.0276267 0.0160300
5 0.6617381 0.5251517 0.0276266 0.0160299
32 0.4513987 0.5481280 0.5085818 0.4103674
15 0.3804484 0.4097359 0.0276267 0.0160300
7 0.5914157 0.5251517 0.0276266 0.0160299
33 0.6617381 0.6400332 0.0652994 0.0577079
13 0.6617381 0.6405675 0.0276266 0.0160299
16 0.3804484 0.4669095 0.0276267 0.0149613
10 0.5210932 0.4097359 0.0276267 0.0160300
26 0.5914157 0.4097359 0.0276266 0.0160300
21 0.4507708 0.6405675 0.0276267 0.0160299
15 0.2398036 0.5828596 0.0276267 0.0160299
18 0.2398036 0.6405675 0.0276267 0.0160299
9 0.3101260 0.5828596 0.0276267 0.0160299
27 0.5914157 0.4669095 0.0276266 0.0149613
3 0.5210932 0.5251517 0.0276267 0.0160299
17 0.5914157 0.5828596 0.0276266 0.0160299
16 0.4507708 0.5251517 0.0276267 0.0160299
29 0.6617381 0.5828596 0.0276266 0.0160299
15 0.3101260 0.4669095 0.0276267 0.0149613
31 0.3101260 0.4097359 0.0276267 0.0160300
15 0.3804484 0.5251517 0.0276267 0.0160299
27 0.5210932 0.4669095 0.0276267 0.0149613
15 0.2398036 0.4669095 0.0276267 0.0149613
24 0.4507708 0.5828596 0.0276267 0.0160299
3 0.5210932 0.6405675 0.0276267 0.0160299
27 0.3804484 0.6405675 0.0276267 0.0160299
2 0.4507708 0.4669095 0.0276267 0.0149613
16 0.4507708 0.4097359 0.0276267 0.0160300
7 0.5210932 0.5828596 0.0276267 0.0160299
2 0.3804484 0.5828596 0.0276267 0.0160299
12 0.3101260 0.6405675 0.0276267 0.0160299
14 0.3101260 0.5251517 0.0276267 0.0160299
22 0.6617381 0.4097359 0.0276266 0.0160300
21 0.5914157 0.6405675 0.0276266 0.0160299
15 0.6617381 0.4669095 0.0276266 0.0149613
22 0.2398036 0.5251517 0.0276267 0.0160299
