19 0.4214874 0.3802431 0.0269868 0.0162252
21 0.5588747 0.3176604 0.0269868 0.0162251
32 0.6232751 0.4729583 0.4968025 0.4450329
17 0.6275684 0.3176604 0.0269868 0.0162251
4 0.7649557 0.3176604 0.0269868 0.0162251
8 0.4901811 0.3802431 0.0269868 0.0162252
33 0.4214874 0.4428259 0.0637870 0.0625827
2 0.4214874 0.4428259 0.0269868 0.0162252
10 0.7649557 0.4428259 0.0269868 0.0162252
12 0.4901811 0.5054086 0.0269868 0.0162252
15 0.4901811 0.5679913 0.0269868 0.0162252
7 0.5588747 0.5679913 0.0269868 0.0162252
6 0.4214874 0.6305741 0.0269868 0.0162252
11 0.4901811 0.6305741 0.0269868 0.0162252
6 0.6275684 0.5054086 0.0269868 0.0162252
28 0.4901811 0.3176604 0.0269868 0.0162251
21 0.5588747 0.4428259 0.0269868 0.0162252
19 0.7649557 0.3802431 0.0269868 0.0162252
5 0.6962621 0.3802431 0.0269868 0.0162252
1 0.6275684 0.5679913 0.0269868 0.0162252
12 0.8336494 0.5679913 0.0269868 0.0162252
11 0.6962621 0.5679913 0.0269868 0.0162252
18 0.8336494 0.4428259 0.0269868 0.0162252
6 0.5588747 0.3802431 0.0269868 0.0162252
2 0.6962621 0.4428259 0.0269868 0.0162252
2 0.6962621 0.6305741 0.0269868 0.0162252
17 0.7649557 0.5679913 0.0269868 0.0162252
4 0.4901811 0.4428259 0.0269868 0.0162252
16 0.8336494 0.6305741 0.0269868 0.0162252
24 0.8336494 0.3176604 0.0269868 0.0162251
9 0.6962621 0.3176604 0.0269868 0.0162251
8 0.6962621 0.5054086 0.0269868 0.0162252
28 0.5588747 0.6305741 0.0269868 0.0162252
21 0.4214874 0.5679913 0.0269868 0.0162252
6 0.4214874 0.5054086 0.0269868 0.0162252
11 0.8336494 0.5054086 0.0269868 0.0162252
26 0.6275684 0.6305741 0.0269868 0.0162252
24 0.5588747 0.5054086 0.0269868 0.0162252
21 0.6275684 0.3802431 0.0269868 0.0162252
19 0.7649557 0.5054086 0.0269868 0.0162252
7 0.6275684 0.4428259 0.0269868 0.0162252
3 0.7649557 0.6305741 0.0269868 0.0162252
21 0.4214874 0.3176604 0.0269868 0.0162251
12 0.8336494 0.3802431 0.0269868 0.0162252
