18 0.3432224 0.3296089 0.0287194 0.0155240
9 0.5625346 0.3894875 0.0287195 0.0155241
32 0.3386533 0.3584393 0.5286993 0.4258031
12 0.1239100 0.2098518 0.0287195 0.0155241
33 0.4163264 0.2098518 0.0678823 0.0598785
1 0.4163264 0.2098518 0.0287194 0.0155241
2 0.2701182 0.3296089 0.0287195 0.0155240
10 0.4163264 0.4493660 0.0287194 0.0155241
27 0.1970141 0.4493660 0.0287195 0.0155241
4 0.4163264 0.2697304 0.0287194 0.0155241
3 0.3432224 0.3894875 0.0287194 0.0155241
16 0.1239100 0.4493660 0.0287195 0.0155241
21 0.4894305 0.3296089 0.0287194 0.0155240
21 0.1970141 0.2697304 0.0287195 0.0155241
21 0.4894305 0.3894875 0.0287194 0.0155241
19 0.1970141 0.2098518 0.0287195 0.0155241
28 0.5625346 0.4493660 0.0287195 0.0155241
19 0.4894305 0.2098518 0.0287194 0.0155241
8 0.2701182 0.2098518 0.0287195 0.0155241
4 0.2701182 0.2697304 0.0287195 0.0155241
15 0.4894305 0.4493660 0.0287194 0.0155241
9 0.4163264 0.3296089 0.0287194 0.0155240
16 0.2701182 0.3894875 0.0287195 0.0155241
30 0.4163264 0.3894875 0.0287194 0.0155241
26 0.3432224 0.2098518 0.0287194 0.0155241
16 0.3432224 0.4493660 0.0287194 0.0155241
10 0.2701182 0.4493660 0.0287195 0.0155241
28 0.5625346 0.2098518 0.0287195 0.0155241
26 0.1239100 0.3296089 0.0287195 0.0155240
12 0.1239100 0.2697304 0.0287195 0.0155241
1 0.5625346 0.3296089 0.0287195 0.0155240
9 0.1970141 0.3296089 0.0287195 0.0155240
9 0.3432224 0.2697304 0.0287194 0.0155241
12 0.4894305 0.2697304 0.0287194 0.0155241
6 0.1970141 0.3894875 0.0287195 0.0155241
8 0.5625346 0.2697304 0.0287195 0.0155241
13 0.1239100 0.3894875 0.0287195 0.0155241
