18 0.4903751 0.3814614 0.0278151 0.0158544
7 0.4903751 0.4956126 0.0278151 0.0158544
32 0.4910072 0.4041859 0.5120508 0.4058711
33 0.3487709 0.3238573 0.0657448 0.0570756
28 0.3487709 0.3238573 0.0278151 0.0147974
5 0.3487709 0.4385370 0.0278151 0.0158544
10 0.5611771 0.4385370 0.0278151 0.0158544
1 0.2779688 0.3814614 0.0278151 0.0158544
22 0.6319792 0.3814614 0.0278151 0.0158544
19 0.5611771 0.2673101 0.0278151 0.0158543
21 0.7027814 0.2673101 0.0278152 0.0158543
4 0.7027814 0.4956126 0.0278152 0.0158544
26 0.4903751 0.2673101 0.0278151 0.0158543
11 0.5611771 0.4956126 0.0278151 0.0158544
28 0.2779688 0.2673101 0.0278151 0.0158543
4 0.3487709 0.2673101 0.0278151 0.0158543
31 0.2779688 0.3238573 0.0278151 0.0147974
22 0.4903751 0.3238573 0.0278151 0.0147974
5 0.7027814 0.4385370 0.0278152 0.0158544
2 0.2779688 0.4956126 0.0278151 0.0158544
3 0.5611771 0.3814614 0.0278151 0.0158544
24 0.4195730 0.3238573 0.0278151 0.0147974
14 0.2779688 0.4385370 0.0278151 0.0158544
28 0.6319792 0.2673101 0.0278151 0.0158543
22 0.7027814 0.3238573 0.0278152 0.0147974
5 0.6319792 0.4385370 0.0278151 0.0158544
19 0.6319792 0.4956126 0.0278151 0.0158544
28 0.4195730 0.2673101 0.0278151 0.0158543
24 0.5611771 0.3238573 0.0278151 0.0147974
22 0.3487709 0.3814614 0.0278151 0.0158544
21 0.4903751 0.4385370 0.0278151 0.0158544
3 0.6319792 0.3238573 0.0278151 0.0147974
15 0.3487709 0.4956126 0.0278151 0.0158544
23 0.4195730 0.4956126 0.0278151 0.0158544
25 0.7027814 0.3814614 0.0278152 0.0158544
14 0.4195730 0.4385370 0.0278151 0.0158544
24 0.4195730 0.3814614 0.0278151 0.0158544
