25 0.5527189 0.4614634 0.0269295 0.0160481
1 0.4841712 0.5852627 0.0269295 0.0160481
32 0.6169824 0.4293672 0.4957468 0.4401756
18 0.5527189 0.2757643 0.0269295 0.0160481
27 0.7583620 0.2757643 0.0269295 0.0160481
24 0.4156235 0.3376640 0.0269295 0.0160480
12 0.6212666 0.3376640 0.0269295 0.0160480
15 0.6898143 0.3376640 0.0269295 0.0160480
16 0.7583620 0.3376640 0.0269295 0.0160480
10 0.8269097 0.3376640 0.0269295 0.0160480
19 0.6898143 0.3995637 0.0269295 0.0160480
33 0.4841712 0.5233630 0.0636514 0.0618997
12 0.4841712 0.5233631 0.0269295 0.0160481
28 0.6898143 0.5233631 0.0269295 0.0160481
14 0.4841712 0.3376640 0.0269295 0.0160480
16 0.7583620 0.4614634 0.0269295 0.0160481
20 0.5527189 0.3376640 0.0269295 0.0160480
14 0.7583620 0.5233631 0.0269295 0.0160481
26 0.8269097 0.4614634 0.0269295 0.0160481
27 0.8269097 0.2757643 0.0269295 0.0160481
27 0.5527189 0.3995637 0.0269295 0.0160480
29 0.8269097 0.5233631 0.0269295 0.0160481
27 0.6212666 0.5233631 0.0269295 0.0160481
2 0.4156235 0.4614634 0.0269295 0.0160481
26 0.4841712 0.3995637 0.0269295 0.0160480
14 0.6898143 0.2757643 0.0269295 0.0160481
28 0.6898143 0.5852627 0.0269295 0.0160481
4 0.6898143 0.4614634 0.0269295 0.0160481
13 0.4841712 0.2757643 0.0269295 0.0160481
24 0.6212666 0.4614634 0.0269295 0.0160481
20 0.4156235 0.5852627 0.0269295 0.0160481
30 0.6212666 0.2757643 0.0269295 0.0160481
16 0.4841712 0.4614634 0.0269295 0.0160481
5 0.4156235 0.2757643 0.0269295 0.0160481
25 0.7583620 0.5852627 0.0269295 0.0160481
7 0.8269097 0.5852627 0.0269295 0.0160481
29 0.6212666 0.3995637 0.0269295 0.0160480
1 0.4156235 0.5233631 0.0269295 0.0160481
28 0.7583620 0.3995637 0.0269295 0.0160480
19 0.5527189 0.5852627 0.0269295 0.0160481
17 0.8269097 0.3995637 0.0269295 0.0160480
7 0.6212666 0.5852627 0.0269295 0.0160481
13 0.4156235 0.3995637 0.0269295 0.0160480
31 0.5527189 0.5233631 0.0269295 0.0160481
