8 0.3058170 0.2723813 0.0266539 0.0157054
20 0.1022783 0.5146939 0.0266539 0.0157054
32 0.3015766 0.4227048 0.4906738 0.4307779
33 0.1022783 0.3935376 0.0630001 0.0605781
14 0.1022783 0.3935376 0.0266539 0.0157054
10 0.4415095 0.4541157 0.0266539 0.0157054
6 0.5093557 0.4541157 0.0266539 0.0157054
7 0.2379708 0.4541157 0.0266539 0.0157054
27 0.2379708 0.3329594 0.0266539 0.0157054
8 0.5093557 0.2723813 0.0266539 0.0157054
30 0.1022783 0.4541157 0.0266539 0.0157054
9 0.3736633 0.2723813 0.0266539 0.0157054
25 0.3058170 0.4541157 0.0266539 0.0157054
26 0.5093557 0.5146939 0.0266539 0.0157054
4 0.4415095 0.3329594 0.0266539 0.0157054
5 0.1022783 0.2723813 0.0266539 0.0157054
26 0.4415095 0.5146939 0.0266539 0.0157054
11 0.3736633 0.3329594 0.0266539 0.0157054
30 0.4415095 0.3935376 0.0266539 0.0157054
10 0.3736633 0.4541157 0.0266539 0.0157054
18 0.4415095 0.2723813 0.0266539 0.0157054
8 0.1701245 0.3329594 0.0266539 0.0157054
26 0.2379708 0.5146939 0.0266539 0.0157054
9 0.1701245 0.5146939 0.0266539 0.0157054
16 0.2379708 0.2723813 0.0266539 0.0157054
19 0.3058170 0.3329594 0.0266539 0.0157054
9 0.1022783 0.3329594 0.0266539 0.0157054
27 0.3736633 0.5146939 0.0266539 0.0157054
11 0.5093557 0.3329594 0.0266539 0.0157054
21 0.2379708 0.3935376 0.0266539 0.0157054
5 0.3736633 0.3935376 0.0266539 0.0157054
27 0.5093557 0.3935376 0.0266539 0.0157054
27 0.1701245 0.3935376 0.0266539 0.0157054
30 0.1701245 0.4541157 0.0266539 0.0157054
21 0.3058170 0.5146939 0.0266539 0.0157054
11 0.3058170 0.3935376 0.0266539 0.0157054
26 0.1701245 0.2723813 0.0266539 0.0157054
