18 0.1763783 0.2672402 0.0280927 0.0162595
3 0.2478869 0.4553858 0.0280927 0.0162595
32 0.3149263 0.3601516 0.5171610 0.4459747
33 0.1763783 0.2045250 0.0664009 0.0627152
26 0.1763783 0.2045250 0.0280927 0.0162595
10 0.3909043 0.3299554 0.0280927 0.0162595
18 0.5339217 0.4553858 0.0280927 0.0162595
18 0.3909043 0.2672402 0.0280927 0.0162595
29 0.4624129 0.3926706 0.0280927 0.0162595
16 0.1048696 0.2672402 0.0280927 0.0162595
6 0.5339217 0.2045250 0.0280927 0.0162595
4 0.1048696 0.2045250 0.0280927 0.0162595
26 0.2478869 0.2672402 0.0280927 0.0162595
16 0.3193956 0.4553858 0.0280927 0.0162595
29 0.1048696 0.3926706 0.0280927 0.0162595
1 0.1763783 0.3926706 0.0280927 0.0162595
18 0.3193956 0.3299554 0.0280927 0.0162595
3 0.3909043 0.3926706 0.0280927 0.0162595
16 0.3909043 0.4553858 0.0280927 0.0162595
31 0.2478869 0.2045250 0.0280927 0.0162595
24 0.3193956 0.2672402 0.0280927 0.0162595
6 0.1763783 0.3299554 0.0280927 0.0162595
5 0.4624129 0.2045250 0.0280927 0.0162595
31 0.5339217 0.3299554 0.0280927 0.0162595
26 0.4624129 0.2672402 0.0280927 0.0162595
20 0.1048696 0.4553858 0.0280927 0.0162595
7 0.1048696 0.3299554 0.0280927 0.0162595
31 0.3193956 0.2045250 0.0280927 0.0162595
2 0.4624129 0.3299554 0.0280927 0.0162595
17 0.2478869 0.3926706 0.0280927 0.0162595
19 0.4624129 0.4553858 0.0280927 0.0162595
18 0.3193956 0.3926706 0.0280927 0.0162595
16 0.1763783 0.4553858 0.0280927 0.0162595
5 0.3909043 0.2045250 0.0280927 0.0162595
15 0.5339217 0.3926706 0.0280927 0.0162595
4 0.5339217 0.2672402 0.0280927 0.0162595
1 0.2478869 0.3299554 0.0280927 0.0162595
