2 0.3733275 0.5199357 0.0279678 0.0173834
26 0.3733275 0.3947751 0.0279678 0.0173834
32 0.3027724 0.4196914 0.5148620 0.4450156
21 0.3733275 0.2696145 0.0279678 0.0173834
6 0.4445183 0.3947751 0.0279678 0.0173834
33 0.5157091 0.5193563 0.0661057 0.0625803
23 0.5157091 0.5199357 0.0279678 0.0173834
25 0.5157091 0.2696145 0.0279678 0.0173834
8 0.2309459 0.5199357 0.0279678 0.0173834
1 0.1597551 0.2696145 0.0279678 0.0173834
11 0.3021367 0.5199357 0.0279678 0.0173834
29 0.5157091 0.3947751 0.0279678 0.0173834
2 0.3021367 0.4573554 0.0279678 0.0173834
3 0.4445183 0.3316154 0.0279678 0.0162245
1 0.0885643 0.4573554 0.0279678 0.0173834
21 0.2309459 0.4573554 0.0279678 0.0173834
17 0.3021367 0.3316154 0.0279678 0.0162245
11 0.3733275 0.4573554 0.0279678 0.0173834
6 0.1597551 0.3316154 0.0279678 0.0162245
23 0.2309459 0.3947751 0.0279678 0.0173834
17 0.4445183 0.4573554 0.0279678 0.0173834
2 0.3733275 0.3316154 0.0279678 0.0162245
1 0.0885643 0.3947751 0.0279678 0.0173834
29 0.0885643 0.3316154 0.0279678 0.0162245
12 0.5157091 0.4573554 0.0279678 0.0173834
12 0.5157091 0.3316154 0.0279678 0.0162245
13 0.2309459 0.2696145 0.0279678 0.0173834
29 0.4445183 0.2696145 0.0279678 0.0173834
8 0.3021367 0.3947751 0.0279678 0.0173834
3 0.1597551 0.3947751 0.0279678 0.0173834
10 0.0885643 0.5199357 0.0279678 0.0173834
15 0.3021367 0.2696145 0.0279678 0.0173834
21 0.4445183 0.5199357 0.0279678 0.0173834
25 0.1597551 0.5199357 0.0279678 0.0173834
11 0.2309459 0.3316154 0.0279678 0.0162245
2 0.1597551 0.4573554 0.0279678 0.0173834
16 0.0885643 0.2696145 0.0279678 0.0173834
