25 0.1930354 0.4094590 0.0268380 0.0159967
28 0.1247204 0.4094590 0.0268380 0.0159967
32 0.3253957 0.5625697 0.4940637 0.4387651
16 0.1247204 0.4711603 0.0268380 0.0159966
31 0.2613504 0.4711603 0.0268380 0.0159966
4 0.3979803 0.4711603 0.0268380 0.0159966
30 0.3979803 0.5328617 0.0268380 0.0159966
7 0.4662953 0.5945630 0.0268380 0.0159966
19 0.2613504 0.6562643 0.0268380 0.0159966
13 0.4662953 0.6562643 0.0268380 0.0159966
9 0.1247204 0.7179656 0.0268380 0.0159966
33 0.2613504 0.7179656 0.0634353 0.0617013
17 0.2613504 0.7179656 0.0268380 0.0159966
5 0.5346103 0.7179656 0.0268380 0.0159966
19 0.3296654 0.4094590 0.0268380 0.0159967
10 0.5346103 0.4711603 0.0268380 0.0159966
24 0.3296654 0.7179656 0.0268380 0.0159966
14 0.3296654 0.6562643 0.0268380 0.0159966
9 0.1247204 0.6562643 0.0268380 0.0159966
3 0.3296654 0.5945630 0.0268380 0.0159966
24 0.3296654 0.4711603 0.0268380 0.0159966
26 0.5346103 0.5328617 0.0268380 0.0159966
7 0.3979803 0.5945630 0.0268380 0.0159966
9 0.5346103 0.5945630 0.0268380 0.0159966
26 0.1247204 0.5328617 0.0268380 0.0159966
9 0.1930354 0.5945630 0.0268380 0.0159966
24 0.5346103 0.6562643 0.0268380 0.0159966
31 0.3979803 0.4094590 0.0268380 0.0159967
8 0.3979803 0.6562643 0.0268380 0.0159966
26 0.1930354 0.7179656 0.0268380 0.0159966
19 0.1930354 0.6562643 0.0268380 0.0159966
27 0.2613504 0.5328617 0.0268380 0.0159966
8 0.1247204 0.5945630 0.0268380 0.0159966
15 0.4662953 0.4711603 0.0268380 0.0159966
27 0.3979803 0.7179656 0.0268380 0.0159966
30 0.2613504 0.5945630 0.0268380 0.0159966
3 0.4662953 0.5328617 0.0268380 0.0159966
24 0.1930354 0.4711603 0.0268380 0.0159966
16 0.5346103 0.4094590 0.0268380 0.0159967
22 0.3296654 0.5328617 0.0268380 0.0159966
2 0.4662953 0.4094590 0.0268380 0.0159967
22 0.1930354 0.5328617 0.0268380 0.0159966
21 0.2613504 0.4094590 0.0268380 0.0159967
11 0.4662953 0.7179656 0.0268380 0.0159966
