4 0.2334552 0.6324721 0.0263618 0.0152498
22 0.4347632 0.4560091 0.0263618 0.0152499
32 0.2963639 0.6019722 0.4852962 0.4182825
33 0.3005578 0.5736511 0.0623096 0.0588209
22 0.3005579 0.5736511 0.0263618 0.0152499
22 0.3676605 0.6912930 0.0263617 0.0152498
2 0.4347632 0.6912930 0.0263618 0.0152498
23 0.1663525 0.4560091 0.0263618 0.0152499
30 0.4347632 0.5148301 0.0263618 0.0152499
16 0.2334552 0.6912930 0.0263618 0.0152498
10 0.4347632 0.6324721 0.0263618 0.0152498
5 0.1663525 0.5736511 0.0263618 0.0152499
12 0.3676605 0.5736511 0.0263617 0.0152499
7 0.4347632 0.5736511 0.0263618 0.0152499
2 0.0992498 0.5148301 0.0263618 0.0152499
6 0.1663525 0.6912930 0.0263618 0.0152498
22 0.2334552 0.5736511 0.0263618 0.0152499
21 0.1663525 0.6324721 0.0263618 0.0152498
2 0.5018659 0.5148301 0.0263618 0.0152499
24 0.0992498 0.5736511 0.0263618 0.0152499
9 0.3005579 0.4560091 0.0263618 0.0152499
31 0.5018659 0.6324721 0.0263618 0.0152498
6 0.5018659 0.6912930 0.0263618 0.0152498
31 0.0992498 0.4560091 0.0263618 0.0152499
16 0.3676605 0.6324721 0.0263617 0.0152498
22 0.2334552 0.5148301 0.0263618 0.0152499
13 0.3005579 0.6324721 0.0263618 0.0152498
13 0.0992498 0.6324721 0.0263618 0.0152498
8 0.0992498 0.6912930 0.0263618 0.0152498
11 0.5018659 0.5736511 0.0263618 0.0152499
13 0.3676605 0.5148301 0.0263617 0.0152499
25 0.1663525 0.5148301 0.0263618 0.0152499
26 0.5018659 0.4560091 0.0263618 0.0152499
11 0.3005579 0.5148301 0.0263618 0.0152499
17 0.3676605 0.4560091 0.0263617 0.0152499
31 0.3005579 0.6912930 0.0263618 0.0152498
30 0.2334552 0.4560091 0.0263618 0.0152499
