10 0.5047874 0.4696698 0.0287846 0.0160969
15 0.3582475 0.4696698 0.0287846 0.0160969
32 0.4269381 0.4995642 0.5298986 0.4415169
18 0.2117076 0.3454932 0.0287846 0.0160969
30 0.2849776 0.3454932 0.0287846 0.0160969
33 0.6513273 0.4075815 0.0680364 0.0620884
19 0.6513273 0.4075815 0.0287847 0.0160970
6 0.5780573 0.5938464 0.0287846 0.0160969
16 0.2117076 0.5938464 0.0287846 0.0160969
23 0.6513273 0.4696698 0.0287847 0.0160969
26 0.6513273 0.5317582 0.0287847 0.0160970
25 0.6513273 0.5938464 0.0287847 0.0160969
7 0.3582475 0.4075815 0.0287846 0.0160970
24 0.5047874 0.3454932 0.0287846 0.0160969
18 0.5780573 0.4075815 0.0287846 0.0160970
10 0.3582475 0.3454932 0.0287846 0.0160969
10 0.2849776 0.4696698 0.0287846 0.0160969
19 0.5047874 0.5938464 0.0287846 0.0160969
30 0.2849776 0.5938464 0.0287846 0.0160969
5 0.2849776 0.4075815 0.0287846 0.0160970
18 0.2849776 0.5317582 0.0287846 0.0160970
29 0.4315174 0.5938464 0.0287846 0.0160969
8 0.3582475 0.5938464 0.0287846 0.0160969
15 0.5780573 0.3454932 0.0287846 0.0160969
24 0.5047874 0.5317582 0.0287846 0.0160970
24 0.5047874 0.4075815 0.0287846 0.0160970
31 0.2117076 0.5317582 0.0287846 0.0160970
25 0.4315174 0.5317582 0.0287846 0.0160970
8 0.3582475 0.5317582 0.0287846 0.0160970
13 0.2117076 0.4696698 0.0287846 0.0160969
1 0.5780573 0.4696698 0.0287846 0.0160969
27 0.4315174 0.4075815 0.0287846 0.0160970
4 0.2117076 0.4075815 0.0287846 0.0160970
31 0.5780573 0.5317582 0.0287846 0.0160970
13 0.4315174 0.3454932 0.0287846 0.0160969
1 0.6513273 0.3454932 0.0287847 0.0160969
5 0.4315174 0.4696698 0.0287846 0.0160969
