30 0.5776988 0.5033057 0.0268341 0.0159729
14 0.5776988 0.3800863 0.0268341 0.0159729
32 0.5051248 0.5329696 0.4939909 0.4381135
5 0.6460037 0.3800863 0.0268341 0.0159729
33 0.6460037 0.5649154 0.0634261 0.0616097
17 0.6460037 0.5649154 0.0268341 0.0159729
3 0.7143086 0.6265251 0.0268341 0.0159729
17 0.3044791 0.6265251 0.0268341 0.0159729
24 0.7143086 0.3800863 0.0268341 0.0159729
20 0.4410889 0.3800863 0.0268341 0.0159729
17 0.3044791 0.5033057 0.0268341 0.0159729
27 0.3044791 0.4416960 0.0268341 0.0159729
30 0.4410889 0.5649154 0.0268341 0.0159729
16 0.3727840 0.4416960 0.0268341 0.0159729
19 0.3044791 0.5649154 0.0268341 0.0159729
17 0.7143086 0.5033057 0.0268341 0.0159729
6 0.5776988 0.6265251 0.0268341 0.0159729
15 0.6460037 0.6265251 0.0268341 0.0159729
4 0.3727840 0.6265251 0.0268341 0.0159729
2 0.4410889 0.5033057 0.0268341 0.0159729
2 0.3727840 0.5033057 0.0268341 0.0159729
18 0.7143086 0.4416960 0.0268341 0.0159729
20 0.7143086 0.5649154 0.0268341 0.0159729
4 0.6460037 0.4416960 0.0268341 0.0159729
23 0.4410889 0.4416960 0.0268341 0.0159729
18 0.4410889 0.6265251 0.0268341 0.0159729
5 0.5093939 0.5649154 0.0268340 0.0159729
30 0.5776988 0.4416960 0.0268341 0.0159729
17 0.5093939 0.4416960 0.0268340 0.0159729
17 0.3044791 0.3800863 0.0268341 0.0159729
1 0.5776988 0.5649154 0.0268341 0.0159729
14 0.6460037 0.5033057 0.0268341 0.0159729
5 0.5093939 0.6265251 0.0268340 0.0159729
4 0.5093939 0.3800863 0.0268340 0.0159729
28 0.3727840 0.5649154 0.0268341 0.0159729
23 0.5093939 0.5033057 0.0268340 0.0159729
30 0.3727840 0.3800863 0.0268341 0.0159729
