31 0.4921616 0.6421421 0.0274549 0.0161946
20 0.4222763 0.6421421 0.0274549 0.0161946
32 0.5576791 0.6097529 0.5054205 0.4441945
2 0.6319322 0.4547476 0.0274550 0.0161946
11 0.5620469 0.6421421 0.0274549 0.0161946
33 0.7018175 0.6421421 0.0648935 0.0624649
16 0.7018175 0.6421421 0.0274549 0.0161946
18 0.6319322 0.6421421 0.0274550 0.0161946
3 0.3523911 0.7046069 0.0274549 0.0161946
20 0.7717028 0.5796773 0.0274550 0.0161946
2 0.4921616 0.7046069 0.0274549 0.0161946
15 0.7717028 0.6421421 0.0274550 0.0161946
31 0.4222763 0.5172124 0.0274549 0.0161946
16 0.3523911 0.5796773 0.0274549 0.0161946
13 0.7717028 0.4547476 0.0274550 0.0161946
5 0.3523911 0.4547476 0.0274549 0.0161946
6 0.4921616 0.5796773 0.0274549 0.0161946
10 0.5620469 0.5796773 0.0274549 0.0161946
22 0.3523911 0.6421421 0.0274549 0.0161946
28 0.6319322 0.5172124 0.0274550 0.0161946
18 0.5620469 0.7046069 0.0274549 0.0161946
26 0.5620469 0.5172124 0.0274549 0.0161946
25 0.7018175 0.4547476 0.0274549 0.0161946
1 0.6319322 0.5796773 0.0274550 0.0161946
26 0.7717028 0.7046069 0.0274550 0.0161946
27 0.6319322 0.7046069 0.0274550 0.0161946
21 0.3523911 0.5172124 0.0274549 0.0161946
3 0.7717028 0.5172124 0.0274550 0.0161946
24 0.4222763 0.5796773 0.0274549 0.0161946
6 0.4921616 0.4547476 0.0274549 0.0161946
2 0.4222763 0.7046069 0.0274549 0.0161946
15 0.7018175 0.5172124 0.0274549 0.0161946
6 0.4222763 0.4547476 0.0274549 0.0161946
8 0.7018175 0.5796773 0.0274549 0.0161946
20 0.5620469 0.4547476 0.0274549 0.0161946
4 0.7018175 0.7046069 0.0274549 0.0161946
4 0.4921616 0.5172124 0.0274549 0.0161946
