26 0.5959721 0.5190439 0.0282375 0.0156025
25 0.6678494 0.5190439 0.0282375 0.0156025
32 0.5914798 0.3674766 0.5198270 0.4279548
7 0.4522175 0.2181382 0.0282375 0.0156025
12 0.4522175 0.3385005 0.0282375 0.0156025
16 0.5959721 0.3385005 0.0282375 0.0156025
14 0.4522175 0.3986816 0.0282375 0.0156025
4 0.5959721 0.3986816 0.0282375 0.0156025
33 0.8116042 0.3986816 0.0667432 0.0601811
9 0.8116041 0.3986816 0.0282375 0.0156025
31 0.5959721 0.4588628 0.0282375 0.0156025
30 0.6678494 0.4588628 0.0282375 0.0156025
5 0.8116041 0.4588628 0.0282375 0.0156025
6 0.4522175 0.5190439 0.0282375 0.0156025
2 0.8116041 0.2181382 0.0282375 0.0156025
23 0.8116041 0.3385005 0.0282375 0.0156025
7 0.4522175 0.2783193 0.0282375 0.0156025
31 0.6678494 0.2181382 0.0282375 0.0156025
13 0.7397268 0.3986816 0.0282375 0.0156025
28 0.5240948 0.4588628 0.0282375 0.0156025
30 0.5240948 0.2783193 0.0282375 0.0156025
5 0.5240948 0.2181382 0.0282375 0.0156025
29 0.3803402 0.3986816 0.0282375 0.0156025
5 0.5240948 0.5190439 0.0282375 0.0156025
1 0.5240948 0.3385005 0.0282375 0.0156025
30 0.8116041 0.2783193 0.0282375 0.0156025
19 0.5959721 0.2181382 0.0282375 0.0156025
14 0.6678494 0.3385005 0.0282375 0.0156025
24 0.3803402 0.3385005 0.0282375 0.0156025
29 0.7397268 0.2783193 0.0282375 0.0156025
5 0.6678494 0.2783193 0.0282375 0.0156025
19 0.3803402 0.2783193 0.0282375 0.0156025
25 0.7397268 0.5190439 0.0282375 0.0156025
5 0.7397268 0.3385005 0.0282375 0.0156025
7 0.3803402 0.2181382 0.0282375 0.0156025
14 0.5959721 0.2783193 0.0282375 0.0156025
30 0.4522175 0.4588628 0.0282375 0.0156025
2 0.7397268 0.2181382 0.0282375 0.0156025
26 0.3803402 0.4588628 0.0282375 0.0156025
25 0.5240948 0.3986816 0.0282375 0.0156025
4 0.8116041 0.5190439 0.0282375 0.0156025
19 0.3803402 0.5190439 0.0282375 0.0156025
6 0.6678494 0.3986816 0.0282375 0.0156025
26 0.7397268 0.4588628 0.0282375 0.0156025
