24 0.5689718 0.3134899 0.0272939 0.0150120
17 0.3605459 0.4292968 0.0272939 0.0150120
32 0.4256789 0.3992728 0.5024553 0.4117583
33 0.4994965 0.2555863 0.0645128 0.0579035
16 0.4994965 0.2555863 0.0272939 0.0150120
20 0.4300211 0.3134899 0.0272939 0.0150120
25 0.2215953 0.3713933 0.0272939 0.0150120
11 0.4300211 0.3713933 0.0272939 0.0150120
9 0.2215953 0.4292968 0.0272939 0.0150120
5 0.4994965 0.3134899 0.0272939 0.0150120
30 0.2910706 0.2555863 0.0272939 0.0150120
19 0.6384470 0.2555863 0.0272938 0.0150120
12 0.6384470 0.4872004 0.0272938 0.0150120
13 0.2910706 0.3134899 0.0272939 0.0150120
25 0.6384470 0.4292968 0.0272938 0.0150120
3 0.4300211 0.2555863 0.0272939 0.0150120
17 0.4994965 0.3713933 0.0272939 0.0150120
28 0.5689718 0.4872004 0.0272939 0.0150120
15 0.4300211 0.4872004 0.0272939 0.0150120
11 0.4994965 0.4292968 0.0272939 0.0150120
20 0.2910706 0.4872004 0.0272939 0.0150120
9 0.2215953 0.3134899 0.0272939 0.0150120
25 0.3605459 0.3134899 0.0272939 0.0150120
3 0.6384470 0.3713933 0.0272938 0.0150120
11 0.5689718 0.3713933 0.0272939 0.0150120
31 0.3605459 0.2555863 0.0272939 0.0150120
29 0.3605459 0.3713933 0.0272939 0.0150120
25 0.4300211 0.4292968 0.0272939 0.0150120
30 0.3605459 0.4872004 0.0272939 0.0150120
20 0.5689718 0.4292968 0.0272939 0.0150120
29 0.2910706 0.4292968 0.0272939 0.0150120
18 0.2910706 0.3713933 0.0272939 0.0150120
20 0.5689718 0.2555863 0.0272939 0.0150120
8 0.4994965 0.4872004 0.0272939 0.0150120
1 0.6384470 0.3134899 0.0272938 0.0150120
9 0.2215953 0.4872004 0.0272939 0.0150120
20 0.2215953 0.2555863 0.0272939 0.0150120
