16 0.5738848 0.6623601 0.0283333 0.0168065
26 0.5738848 0.6018566 0.0283333 0.0168066
32 0.5745287 0.5654423 0.5215893 0.4302476
33 0.7181268 0.4197856 0.0669695 0.0605036
5 0.7181268 0.4203458 0.0283332 0.0168065
7 0.7181268 0.4802892 0.0283332 0.0156861
28 0.5017638 0.6018566 0.0283332 0.0168066
8 0.3575218 0.6018566 0.0283332 0.0168066
11 0.5738848 0.4802892 0.0283333 0.0156861
25 0.7902478 0.6018566 0.0283332 0.0168066
5 0.4296428 0.4802892 0.0283332 0.0156861
5 0.4296428 0.6018566 0.0283332 0.0168066
14 0.5017638 0.4802892 0.0283332 0.0156861
16 0.6460058 0.6623601 0.0283332 0.0168065
8 0.5017638 0.6623601 0.0283332 0.0168065
23 0.5738848 0.4203458 0.0283333 0.0168065
7 0.7181268 0.6018566 0.0283332 0.0168066
12 0.4296428 0.5413529 0.0283332 0.0168065
14 0.7181268 0.5413529 0.0283332 0.0168065
26 0.7181268 0.6623601 0.0283332 0.0168065
30 0.6460058 0.5413529 0.0283332 0.0168065
19 0.5738848 0.5413529 0.0283333 0.0168065
8 0.3575218 0.4203458 0.0283332 0.0168065
10 0.7902478 0.6623601 0.0283332 0.0168065
21 0.5017638 0.5413529 0.0283332 0.0168065
5 0.6460058 0.4802892 0.0283332 0.0156861
28 0.5017638 0.4203458 0.0283332 0.0168065
3 0.7902478 0.4802892 0.0283332 0.0156861
16 0.4296428 0.4203458 0.0283332 0.0168065
9 0.6460058 0.6018566 0.0283332 0.0168066
4 0.4296428 0.6623601 0.0283332 0.0168065
24 0.3575218 0.5413529 0.0283332 0.0168065
7 0.6460058 0.4203458 0.0283332 0.0168065
29 0.7902478 0.5413529 0.0283332 0.0168065
23 0.7902478 0.4203458 0.0283332 0.0168065
4 0.3575218 0.4802892 0.0283332 0.0156861
22 0.3575218 0.6623601 0.0283332 0.0168065
