3 0.3525646 0.4680330 0.0269246 0.0161316
19 0.7637767 0.4099593 0.0269247 0.0161315
32 0.5587826 0.3750076 0.4956575 0.4129685
2 0.5581706 0.2357383 0.0269246 0.0161316
3 0.3525646 0.2932742 0.0269246 0.0150562
22 0.6267060 0.3518856 0.0269246 0.0161316
11 0.6952413 0.3518856 0.0269246 0.0161316
27 0.4896353 0.4099593 0.0269246 0.0161315
33 0.5581706 0.4094216 0.0636400 0.0580737
4 0.5581706 0.4099593 0.0269246 0.0161315
7 0.4896353 0.4680330 0.0269246 0.0161316
31 0.6952413 0.4680330 0.0269246 0.0161316
21 0.4896353 0.5255690 0.0269246 0.0150562
16 0.6952413 0.5255690 0.0269246 0.0150562
25 0.6267060 0.4680330 0.0269246 0.0161316
11 0.6952413 0.4099593 0.0269246 0.0161315
30 0.7637767 0.5255690 0.0269247 0.0150562
24 0.4210999 0.4099593 0.0269246 0.0161315
18 0.6267060 0.2932742 0.0269246 0.0150562
6 0.3525646 0.2357383 0.0269246 0.0161316
11 0.4210999 0.2357383 0.0269246 0.0161316
6 0.6267060 0.2357383 0.0269246 0.0161316
17 0.4210999 0.2932742 0.0269246 0.0150562
23 0.4210999 0.4680330 0.0269246 0.0161316
9 0.6267060 0.5255690 0.0269246 0.0150562
22 0.4896353 0.2932742 0.0269246 0.0150562
30 0.7637767 0.2357383 0.0269247 0.0161316
4 0.3525646 0.4099593 0.0269246 0.0161315
1 0.3525646 0.3518856 0.0269246 0.0161316
8 0.6267060 0.4099593 0.0269246 0.0161315
20 0.4896353 0.3518856 0.0269246 0.0161316
7 0.7637767 0.4680330 0.0269247 0.0161316
13 0.6952413 0.2357383 0.0269246 0.0161316
7 0.4896353 0.2357383 0.0269246 0.0161316
26 0.4210999 0.5255690 0.0269246 0.0150562
2 0.5581706 0.5255690 0.0269246 0.0150562
3 0.7637767 0.2932742 0.0269247 0.0150562
29 0.6952413 0.2932742 0.0269246 0.0150562
23 0.5581706 0.2932742 0.0269246 0.0150562
8 0.5581706 0.4680330 0.0269246 0.0161316
21 0.7637767 0.3518856 0.0269247 0.0161316
23 0.3525646 0.5255690 0.0269246 0.0150562
20 0.4210999 0.3518856 0.0269246 0.0161316
9 0.5581706 0.3518856 0.0269246 0.0161316
