26 0.4065047 0.4960746 0.0261980 0.0158313
29 0.2064468 0.3739473 0.0261981 0.0158313
32 0.4023368 0.4644119 0.4822824 0.4342303
33 0.6065626 0.3739473 0.0619227 0.0610636
22 0.6065626 0.3739473 0.0261980 0.0158313
9 0.4065047 0.4350109 0.0261980 0.0158313
10 0.4731907 0.4960746 0.0261981 0.0158313
23 0.4731907 0.5571382 0.0261981 0.0158313
17 0.4065047 0.3739473 0.0261980 0.0158313
13 0.2731328 0.3128836 0.0261980 0.0158313
27 0.2731328 0.3739473 0.0261980 0.0158313
17 0.4065047 0.3128836 0.0261980 0.0158313
20 0.4731907 0.4350109 0.0261981 0.0158313
17 0.6065626 0.3128836 0.0261980 0.0158313
13 0.3398188 0.3128836 0.0261980 0.0158313
27 0.5398766 0.4350109 0.0261980 0.0158313
11 0.4065047 0.5571382 0.0261980 0.0158313
17 0.3398188 0.5571382 0.0261980 0.0158313
18 0.3398188 0.3739473 0.0261980 0.0158313
7 0.6065626 0.4960746 0.0261980 0.0158313
3 0.3398188 0.4350109 0.0261980 0.0158313
25 0.2064468 0.3128836 0.0261981 0.0158313
19 0.5398766 0.5571382 0.0261980 0.0158313
14 0.5398766 0.4960746 0.0261980 0.0158313
14 0.2064468 0.4350109 0.0261981 0.0158313
22 0.6065626 0.5571382 0.0261980 0.0158313
25 0.2731328 0.5571382 0.0261980 0.0158313
2 0.2064468 0.4960746 0.0261981 0.0158313
10 0.3398188 0.4960746 0.0261980 0.0158313
29 0.2731328 0.4960746 0.0261980 0.0158313
6 0.6065626 0.4350109 0.0261980 0.0158313
23 0.2731328 0.4350109 0.0261980 0.0158313
24 0.4731907 0.3739473 0.0261981 0.0158313
16 0.4731907 0.3128836 0.0261981 0.0158313
25 0.5398766 0.3128836 0.0261980 0.0158313
28 0.5398766 0.3739473 0.0261980 0.0158313
20 0.2064468 0.5571382 0.0261981 0.0158313
