30 0.3990216 0.5045101 0.0288584 0.0160666
19 0.8397679 0.2566252 0.0288583 0.0160666
32 0.6148037 0.3484344 0.5312566 0.4406842
33 0.3990216 0.1946540 0.0682108 0.0619712
17 0.3990216 0.1946540 0.0288584 0.0160666
8 0.5459371 0.1946540 0.0288584 0.0160666
7 0.3990216 0.2566252 0.0288584 0.0160666
1 0.6928525 0.2566252 0.0288583 0.0160666
6 0.4724794 0.3805676 0.0288584 0.0160666
20 0.5459371 0.3805676 0.0288584 0.0160666
29 0.7663103 0.3805676 0.0288584 0.0160666
3 0.4724794 0.5045101 0.0288584 0.0160666
18 0.7663103 0.5045101 0.0288584 0.0160666
21 0.8397679 0.5045101 0.0288583 0.0160666
28 0.8397679 0.4425389 0.0288583 0.0160666
31 0.6193948 0.1946540 0.0288584 0.0160666
19 0.6193948 0.4425389 0.0288584 0.0160666
27 0.3990216 0.3805676 0.0288584 0.0160666
24 0.4724794 0.4425389 0.0288584 0.0160666
10 0.3990216 0.3185964 0.0288584 0.0160666
11 0.6928525 0.3185964 0.0288583 0.0160666
9 0.3990216 0.4425389 0.0288584 0.0160666
15 0.4724794 0.1946540 0.0288584 0.0160666
2 0.5459371 0.2566252 0.0288584 0.0160666
8 0.8397679 0.3805676 0.0288583 0.0160666
30 0.6193948 0.3805676 0.0288584 0.0160666
24 0.5459371 0.4425389 0.0288584 0.0160666
28 0.7663103 0.3185964 0.0288584 0.0160666
7 0.6928525 0.3805676 0.0288583 0.0160666
8 0.8397679 0.3185964 0.0288583 0.0160666
2 0.6928525 0.4425389 0.0288583 0.0160666
4 0.6193948 0.3185964 0.0288584 0.0160666
21 0.5459371 0.3185964 0.0288584 0.0160666
17 0.6928525 0.5045101 0.0288583 0.0160666
7 0.4724794 0.2566252 0.0288584 0.0160666
29 0.8397679 0.1946540 0.0288583 0.0160666
25 0.6928525 0.1946540 0.0288583 0.0160666
6 0.6193948 0.5045101 0.0288584 0.0160666
19 0.7663103 0.2566252 0.0288584 0.0160666
18 0.7663103 0.1946540 0.0288584 0.0160666
16 0.6193948 0.2566252 0.0288584 0.0160666
1 0.5459371 0.5045101 0.0288584 0.0160666
16 0.4724794 0.3185964 0.0288584 0.0160666
16 0.7663103 0.4425389 0.0288584 0.0160666
