26 0.2219871 0.4918827 0.0267091 0.0154052
12 0.2899740 0.6706927 0.0267091 0.0165055
32 0.3585679 0.5755108 0.4916907 0.4225417
28 0.2219871 0.4330130 0.0267091 0.0165055
12 0.4939346 0.4330130 0.0267091 0.0165055
33 0.1540002 0.4918828 0.0631306 0.0594200
16 0.1540002 0.4918827 0.0267091 0.0154052
2 0.1540002 0.5518529 0.0267091 0.0165055
30 0.2219871 0.5518529 0.0267091 0.0165055
1 0.2899740 0.5518529 0.0267091 0.0165055
20 0.4259477 0.5518529 0.0267091 0.0165055
25 0.2219871 0.6112728 0.0267091 0.0165055
15 0.5619214 0.6112728 0.0267091 0.0165055
8 0.5619214 0.6706927 0.0267091 0.0165055
3 0.4939346 0.6112728 0.0267091 0.0165055
25 0.4939346 0.4918827 0.0267091 0.0154052
16 0.5619214 0.4918827 0.0267091 0.0154052
6 0.5619214 0.5518529 0.0267091 0.0165055
2 0.4259477 0.6706927 0.0267091 0.0165055
22 0.4259477 0.7295624 0.0267091 0.0154052
6 0.1540002 0.4330130 0.0267091 0.0165055
3 0.3579608 0.4918827 0.0267091 0.0154052
16 0.4939346 0.7295624 0.0267091 0.0154052
14 0.3579608 0.6112728 0.0267091 0.0165055
18 0.2899740 0.4918827 0.0267091 0.0154052
14 0.2219871 0.6706927 0.0267091 0.0165055
21 0.3579608 0.5518529 0.0267091 0.0165055
12 0.3579608 0.6706927 0.0267091 0.0165055
31 0.2899740 0.6112728 0.0267091 0.0165055
3 0.4259477 0.6112728 0.0267091 0.0165055
20 0.4939346 0.5518529 0.0267091 0.0165055
10 0.1540002 0.6706927 0.0267091 0.0165055
27 0.3579608 0.7295624 0.0267091 0.0154052
18 0.1540002 0.6112728 0.0267091 0.0165055
4 0.2899740 0.4330130 0.0267091 0.0165055
4 0.1540002 0.7295624 0.0267091 0.0154052
29 0.3579608 0.4330130 0.0267091 0.0165055
16 0.2899740 0.7295624 0.0267091 0.0154052
11 0.5619214 0.7295624 0.0267091 0.0154052
6 0.4259477 0.4918827 0.0267091 0.0154052
12 0.2219871 0.7295624 0.0267091 0.0154052
1 0.5619214 0.4330130 0.0267091 0.0165055
12 0.4939346 0.6706927 0.0267091 0.0165055
5 0.4259477 0.4330130 0.0267091 0.0165055
