6 0.3805080 0.4513469 0.0263771 0.0162148
27 0.7162173 0.5680939 0.0263772 0.0162149
32 0.5153912 0.5913352 0.4855796 0.4151005
33 0.5819336 0.4508064 0.0623460 0.0583735
25 0.5819336 0.4513469 0.0263771 0.0162148
28 0.4476498 0.6264674 0.0263771 0.0162149
25 0.6490755 0.6264674 0.0263772 0.0162149
1 0.7162173 0.6264674 0.0263772 0.0162149
22 0.5147917 0.6264674 0.0263771 0.0162149
19 0.5819336 0.5680939 0.0263771 0.0162149
8 0.3133661 0.6848409 0.0263772 0.0162149
3 0.6490755 0.4513469 0.0263772 0.0162148
30 0.3805080 0.5091799 0.0263771 0.0151339
23 0.4476498 0.4513469 0.0263771 0.0162148
23 0.7162173 0.4513469 0.0263772 0.0162148
22 0.3133661 0.4513469 0.0263772 0.0162148
18 0.5819336 0.5091799 0.0263771 0.0151339
20 0.3805080 0.6848409 0.0263771 0.0162149
5 0.5147917 0.5091799 0.0263771 0.0151339
12 0.3133661 0.6264674 0.0263772 0.0162149
28 0.3133661 0.5680939 0.0263772 0.0162149
11 0.6490755 0.5680939 0.0263772 0.0162149
14 0.3805080 0.6264674 0.0263771 0.0162149
27 0.3133661 0.5091799 0.0263772 0.0151339
29 0.5147917 0.4513469 0.0263771 0.0162148
31 0.6490755 0.6848409 0.0263772 0.0162149
15 0.4476498 0.5091799 0.0263771 0.0151339
3 0.7162173 0.6848409 0.0263772 0.0162149
6 0.5147917 0.5680939 0.0263771 0.0162149
14 0.4476498 0.6848409 0.0263771 0.0162149
29 0.6490755 0.5091799 0.0263772 0.0151339
4 0.5147917 0.6848409 0.0263771 0.0162149
4 0.4476498 0.5680939 0.0263771 0.0162149
29 0.5819336 0.6264674 0.0263771 0.0162149
30 0.3805080 0.5680939 0.0263771 0.0162149
25 0.7162173 0.5091799 0.0263772 0.0151339
16 0.5819336 0.6848409 0.0263771 0.0162149
