8 0.2142672 0.5986122 0.0268696 0.0156226
19 0.1458719 0.2978762 0.0268696 0.0167386
32 0.3516685 0.4423857 0.4946447 0.4285068
7 0.4878484 0.2978762 0.0268696 0.0167386
25 0.2142672 0.3575770 0.0268696 0.0156227
4 0.5562437 0.3575770 0.0268696 0.0156227
27 0.1458719 0.4786525 0.0268696 0.0167386
1 0.4194531 0.4786525 0.0268696 0.0167386
33 0.5562437 0.4780946 0.0635099 0.0602588
30 0.5562437 0.4786525 0.0268696 0.0167386
19 0.1458719 0.5389113 0.0268696 0.0167386
3 0.3510578 0.5389113 0.0268696 0.0167386
11 0.5562437 0.5389113 0.0268696 0.0167386
14 0.2826625 0.5986122 0.0268696 0.0156226
24 0.2826625 0.2978762 0.0268696 0.0167386
20 0.4194531 0.5986122 0.0268696 0.0156226
20 0.2142672 0.4183938 0.0268696 0.0167386
13 0.1458719 0.3575770 0.0268696 0.0156227
2 0.4194531 0.4183938 0.0268696 0.0167386
2 0.2826625 0.4183938 0.0268696 0.0167386
23 0.2142672 0.5389113 0.0268696 0.0167386
20 0.2142672 0.2978762 0.0268696 0.0167386
12 0.4194531 0.2978762 0.0268696 0.0167386
13 0.4194531 0.5389113 0.0268696 0.0167386
22 0.1458719 0.4183938 0.0268696 0.0167386
19 0.3510578 0.5986122 0.0268696 0.0156226
15 0.3510578 0.3575770 0.0268696 0.0156227
12 0.5562437 0.4183938 0.0268696 0.0167386
24 0.5562437 0.5986122 0.0268696 0.0156226
18 0.4878484 0.4786525 0.0268696 0.0167386
1 0.4878484 0.4183938 0.0268696 0.0167386
1 0.4878484 0.3575770 0.0268696 0.0156227
8 0.4878484 0.5986122 0.0268696 0.0156226
31 0.2826625 0.3575770 0.0268696 0.0156227
19 0.4878484 0.5389113 0.0268696 0.0167386
3 0.4194531 0.3575770 0.0268696 0.0156227
29 0.3510578 0.2978762 0.0268696 0.0167386
1 0.2826625 0.4786525 0.0268696 0.0167386
27 0.5562437 0.2978762 0.0268696 0.0167386
24 0.1458719 0.5986122 0.0268696 0.0156226
4 0.2826625 0.5389113 0.0268696 0.0167386
12 0.2142672 0.4786525 0.0268696 0.0167386
24 0.3510578 0.4183938 0.0268696 0.0167386
5 0.3510578 0.4786525 0.0268696 0.0167386
