7 0.6663568 0.4380043 0.0288037 0.0154192
4 0.5930384 0.4380043 0.0288036 0.0154192
32 0.5884560 0.3476914 0.5302493 0.4229283
20 0.5197199 0.2595814 0.0288037 0.0154192
26 0.5930384 0.2595814 0.0288036 0.0154192
29 0.7396752 0.2595814 0.0288036 0.0154192
33 0.8129936 0.2595814 0.0680814 0.0594743
5 0.8129936 0.2595814 0.0288037 0.0154192
23 0.6663568 0.3785300 0.0288037 0.0154192
18 0.4464015 0.4380043 0.0288037 0.0154192
22 0.3730831 0.4974786 0.0288037 0.0154192
2 0.5197199 0.4974786 0.0288037 0.0154192
12 0.5930384 0.4974786 0.0288036 0.0154192
25 0.8129936 0.4974786 0.0288037 0.0154192
28 0.8129936 0.2001071 0.0288037 0.0154193
23 0.4464015 0.3785300 0.0288037 0.0154192
6 0.7396752 0.3190557 0.0288036 0.0154192
19 0.6663568 0.2001071 0.0288037 0.0154193
30 0.8129936 0.3785300 0.0288037 0.0154192
19 0.5930384 0.3785300 0.0288036 0.0154192
2 0.7396752 0.4380043 0.0288036 0.0154192
20 0.5930384 0.3190557 0.0288036 0.0154192
5 0.8129936 0.4380043 0.0288037 0.0154192
4 0.6663568 0.2595814 0.0288037 0.0154192
14 0.7396752 0.2001071 0.0288036 0.0154193
15 0.5197199 0.3785300 0.0288037 0.0154192
19 0.5930384 0.2001071 0.0288036 0.0154193
23 0.8129936 0.3190557 0.0288037 0.0154192
24 0.4464015 0.4974786 0.0288037 0.0154192
20 0.3730831 0.2001071 0.0288037 0.0154193
23 0.4464015 0.2595814 0.0288037 0.0154192
26 0.5197199 0.3190557 0.0288037 0.0154192
25 0.3730831 0.3190557 0.0288037 0.0154192
13 0.5197199 0.2001071 0.0288037 0.0154193
17 0.7396752 0.3785300 0.0288036 0.0154192
26 0.3730831 0.4380043 0.0288037 0.0154192
25 0.3730831 0.2595814 0.0288037 0.0154192
7 0.6663568 0.3190557 0.0288037 0.0154192
17 0.7396752 0.4974786 0.0288036 0.0154192
5 0.6663568 0.4974786 0.0288037 0.0154192
24 0.4464015 0.2001071 0.0288037 0.0154193
24 0.4464015 0.3190557 0.0288037 0.0154192
19 0.3730831 0.3785300 0.0288037 0.0154192
20 0.5197199 0.4380043 0.0288037 0.0154192
