29 0.4339698 0.4338468 0.0261324 0.0150719
6 0.6335266 0.2013090 0.0261324 0.0150719
32 0.5628502 0.3455686 0.4810743 0.4134005
33 0.7665644 0.2594434 0.0617676 0.0581345
28 0.7665644 0.2594435 0.0261324 0.0150719
21 0.4339698 0.3175779 0.0261324 0.0150719
16 0.5670077 0.4338468 0.0261325 0.0150719
24 0.5004888 0.2594435 0.0261324 0.0150719
13 0.6335266 0.3175779 0.0261324 0.0150719
2 0.7665644 0.3757123 0.0261324 0.0150719
18 0.7000455 0.2013090 0.0261324 0.0150719
17 0.7665644 0.3175779 0.0261324 0.0150719
5 0.5670077 0.3175779 0.0261325 0.0150719
14 0.5004888 0.2013090 0.0261324 0.0150719
10 0.7000455 0.3175779 0.0261324 0.0150719
17 0.4339698 0.3757123 0.0261324 0.0150719
6 0.3674509 0.2594435 0.0261324 0.0150719
24 0.4339698 0.2594435 0.0261324 0.0150719
3 0.7000455 0.2594435 0.0261324 0.0150719
1 0.3674509 0.3175779 0.0261324 0.0150719
9 0.6335266 0.3757123 0.0261324 0.0150719
13 0.7665644 0.4338468 0.0261324 0.0150719
28 0.5004888 0.4338468 0.0261324 0.0150719
25 0.6335266 0.2594435 0.0261324 0.0150719
29 0.4339698 0.2013090 0.0261324 0.0150719
10 0.3674509 0.4338468 0.0261324 0.0150719
14 0.5004888 0.3175779 0.0261324 0.0150719
23 0.6335266 0.4338468 0.0261324 0.0150719
30 0.7665644 0.2013090 0.0261324 0.0150719
30 0.3674509 0.3757123 0.0261324 0.0150719
21 0.7000455 0.4338468 0.0261324 0.0150719
31 0.5004888 0.3757123 0.0261324 0.0150719
9 0.3674509 0.2013090 0.0261324 0.0150719
12 0.5670077 0.2013090 0.0261325 0.0150719
13 0.7000455 0.3757123 0.0261324 0.0150719
5 0.5670077 0.3757123 0.0261325 0.0150719
6 0.5670077 0.2594435 0.0261325 0.0150719
