30 0.1989327 0.4390251 0.0275490 0.0158691
1 0.1288079 0.5614440 0.0275490 0.0158691
32 0.3347996 0.4684963 0.5071526 0.4352671
33 0.1989328 0.3166062 0.0651159 0.0612094
1 0.1989327 0.3166062 0.0275490 0.0158691
17 0.3391824 0.4390251 0.0275490 0.0158691
6 0.1989327 0.5002345 0.0275490 0.0158691
27 0.4093072 0.4390251 0.0275490 0.0158691
7 0.2690575 0.5614440 0.0275490 0.0158691
30 0.3391824 0.3166062 0.0275490 0.0158691
6 0.4093072 0.3778157 0.0275490 0.0158691
29 0.1989327 0.5614440 0.0275490 0.0158691
5 0.1288079 0.3778157 0.0275490 0.0158691
4 0.4794320 0.3778157 0.0275490 0.0158691
30 0.1288079 0.5002345 0.0275490 0.0158691
17 0.4794320 0.3166062 0.0275490 0.0158691
15 0.4794320 0.5614440 0.0275490 0.0158691
26 0.3391824 0.3778157 0.0275490 0.0158691
21 0.4093072 0.5002345 0.0275490 0.0158691
19 0.5495567 0.3166062 0.0275490 0.0158691
31 0.3391824 0.5002345 0.0275490 0.0158691
14 0.2690575 0.4390251 0.0275490 0.0158691
26 0.1288079 0.3166062 0.0275490 0.0158691
24 0.4794320 0.5002345 0.0275490 0.0158691
25 0.5495567 0.5614440 0.0275490 0.0158691
28 0.2690575 0.5002345 0.0275490 0.0158691
3 0.5495567 0.5002345 0.0275490 0.0158691
23 0.4093072 0.5614440 0.0275490 0.0158691
23 0.1989327 0.3778157 0.0275490 0.0158691
25 0.4093072 0.3166062 0.0275490 0.0158691
4 0.3391824 0.5614440 0.0275490 0.0158691
1 0.5495567 0.4390251 0.0275490 0.0158691
27 0.2690575 0.3166062 0.0275490 0.0158691
18 0.1288079 0.4390251 0.0275490 0.0158691
24 0.2690575 0.3778157 0.0275490 0.0158691
13 0.5495567 0.3778157 0.0275490 0.0158691
14 0.4794320 0.4390251 0.0275490 0.0158691
