26 0.6076965 0.2762341 0.0288052 0.0159503
1 0.6076965 0.3992791 0.0288052 0.0159503
32 0.4564690 0.4289011 0.5302782 0.4374935
20 0.3877293 0.2762341 0.0288052 0.0159503
33 0.4610517 0.2762341 0.0680851 0.0615225
21 0.4610517 0.2762341 0.0288052 0.0159503
8 0.2410844 0.3377566 0.0288052 0.0159503
6 0.6810190 0.5223242 0.0288052 0.0159502
6 0.3144069 0.3377566 0.0288052 0.0159503
1 0.3877293 0.3377566 0.0288052 0.0159503
31 0.4610517 0.3992791 0.0288052 0.0159503
20 0.3144069 0.4608017 0.0288052 0.0159502
25 0.3144069 0.3992791 0.0288052 0.0159503
2 0.5343741 0.2762341 0.0288052 0.0159503
25 0.6076965 0.4608017 0.0288052 0.0159502
2 0.3877293 0.4608017 0.0288052 0.0159502
30 0.2410844 0.5223242 0.0288052 0.0159502
18 0.3877293 0.5223242 0.0288052 0.0159502
24 0.3144069 0.2762341 0.0288052 0.0159503
20 0.5343741 0.4608017 0.0288052 0.0159502
16 0.4610517 0.4608017 0.0288052 0.0159502
20 0.5343741 0.3377566 0.0288052 0.0159503
25 0.5343741 0.3992791 0.0288052 0.0159503
14 0.6076965 0.5223242 0.0288052 0.0159502
16 0.4610517 0.3377566 0.0288052 0.0159503
23 0.6810190 0.4608017 0.0288052 0.0159502
6 0.6810190 0.3377566 0.0288052 0.0159503
30 0.5343741 0.5223242 0.0288052 0.0159502
31 0.2410844 0.4608017 0.0288052 0.0159502
30 0.6810190 0.2762341 0.0288052 0.0159503
25 0.4610517 0.5223242 0.0288052 0.0159502
31 0.2410844 0.3992791 0.0288052 0.0159503
13 0.6810190 0.3992791 0.0288052 0.0159503
25 0.2410844 0.2762341 0.0288052 0.0159503
24 0.6076965 0.3377566 0.0288052 0.0159503
5 0.3877293 0.3992791 0.0288052 0.0159503
24 0.3144069 0.5223242 0.0288052 0.0159502
