13 0.6077484 0.4095985 0.0276151 0.0159631
13 0.4671626 0.4711705 0.0276151 0.0159631
32 0.4627692 0.5008163 0.5083685 0.4378456
31 0.2562838 0.3480265 0.0276151 0.0159631
5 0.5374554 0.3480265 0.0276151 0.0159631
8 0.6077484 0.3480265 0.0276151 0.0159631
10 0.6780414 0.3480265 0.0276151 0.0159631
3 0.2562838 0.4095985 0.0276151 0.0159631
14 0.6780414 0.4711705 0.0276151 0.0159631
28 0.3265767 0.5327426 0.0276151 0.0159631
23 0.4671626 0.5327426 0.0276151 0.0159631
33 0.3265767 0.5943146 0.0652720 0.0615721
25 0.3265767 0.5943146 0.0276151 0.0159631
25 0.3968696 0.6558866 0.0276151 0.0159631
18 0.3968696 0.4711705 0.0276151 0.0159631
13 0.4671626 0.3480265 0.0276151 0.0159631
27 0.5374554 0.5943146 0.0276151 0.0159631
30 0.3968696 0.3480265 0.0276151 0.0159631
5 0.5374554 0.4711705 0.0276151 0.0159631
20 0.2562838 0.5943146 0.0276151 0.0159631
7 0.6077484 0.4711705 0.0276151 0.0159631
27 0.4671626 0.4095985 0.0276151 0.0159631
13 0.5374554 0.6558866 0.0276151 0.0159631
24 0.6780414 0.5327426 0.0276151 0.0159631
19 0.3265767 0.6558866 0.0276151 0.0159631
7 0.3968696 0.5327426 0.0276151 0.0159631
13 0.6780414 0.5943146 0.0276151 0.0159631
2 0.6077484 0.5943146 0.0276151 0.0159631
28 0.5374554 0.5327426 0.0276151 0.0159631
19 0.2562838 0.5327426 0.0276151 0.0159631
2 0.3968696 0.5943146 0.0276151 0.0159631
17 0.2562838 0.4711705 0.0276151 0.0159631
24 0.2562838 0.6558866 0.0276151 0.0159631
14 0.3265767 0.4095985 0.0276151 0.0159631
3 0.4671626 0.6558866 0.0276151 0.0159631
18 0.6077484 0.5327426 0.0276151 0.0159631
19 0.4671626 0.5943146 0.0276151 0.0159631
20 0.6077484 0.6558866 0.0276151 0.0159631
28 0.3968696 0.4095985 0.0276151 0.0159631
31 0.5374554 0.4095985 0.0276151 0.0159631
19 0.3265767 0.4711705 0.0276151 0.0159631
25 0.3265767 0.3480265 0.0276151 0.0159631
18 0.6780414 0.4095985 0.0276151 0.0159631
6 0.6780414 0.6558866 0.0276151 0.0159631
