21 0.4627843 0.6388561 0.0265713 0.0148843
19 0.4627843 0.6962672 0.0265713 0.0148843
32 0.3232851 0.6090875 0.4891532 0.4082559
29 0.1246043 0.4666233 0.0265713 0.0148843
22 0.3951483 0.5240342 0.0265713 0.0148843
24 0.1922403 0.5814452 0.0265713 0.0148843
33 0.3275123 0.6962672 0.0628049 0.0574109
11 0.3275123 0.6962672 0.0265713 0.0148843
15 0.3951483 0.6962672 0.0265713 0.0148843
4 0.5304203 0.6962672 0.0265713 0.0148843
9 0.3275123 0.7536781 0.0265713 0.0148844
25 0.3951483 0.7536781 0.0265713 0.0148844
5 0.5304203 0.7536781 0.0265713 0.0148844
26 0.1246043 0.5814452 0.0265713 0.0148843
15 0.5304203 0.6388561 0.0265713 0.0148843
3 0.3275123 0.4666233 0.0265713 0.0148843
21 0.5304203 0.5240342 0.0265713 0.0148843
15 0.2598763 0.6962672 0.0265713 0.0148843
30 0.3275123 0.6388561 0.0265713 0.0148843
19 0.3275123 0.5814452 0.0265713 0.0148843
21 0.1246043 0.6388561 0.0265713 0.0148843
15 0.3951483 0.4666233 0.0265713 0.0148843
13 0.5304203 0.4666233 0.0265713 0.0148843
2 0.4627843 0.5240342 0.0265713 0.0148843
4 0.2598763 0.5240342 0.0265713 0.0148843
14 0.1246043 0.6962672 0.0265713 0.0148843
18 0.1922403 0.6388561 0.0265713 0.0148843
6 0.5304203 0.5814452 0.0265713 0.0148843
30 0.2598763 0.5814452 0.0265713 0.0148843
19 0.3275123 0.5240342 0.0265713 0.0148843
30 0.3951483 0.6388561 0.0265713 0.0148843
25 0.1922403 0.4666233 0.0265713 0.0148843
16 0.1246043 0.5240342 0.0265713 0.0148843
20 0.1922403 0.7536781 0.0265713 0.0148844
13 0.2598763 0.4666233 0.0265713 0.0148843
14 0.3951483 0.5814452 0.0265713 0.0148843
5 0.1922403 0.5240342 0.0265713 0.0148843
18 0.4627843 0.7536781 0.0265713 0.0148844
23 0.2598763 0.7536781 0.0265713 0.0148844
3 0.1922403 0.6962672 0.0265713 0.0148843
6 0.4627843 0.4666233 0.0265713 0.0148843
27 0.2598763 0.6388561 0.0265713 0.0148843
23 0.4627843 0.5814452 0.0265713 0.0148843
21 0.1246043 0.7536781 0.0265713 0.0148844
