25 0.4618968 0.3235082 0.0281913 0.0149374
22 0.4618968 0.2658924 0.0281913 0.0149374
32 0.6009315 0.4088648 0.5189772 0.4097121
33 0.7489361 0.2658924 0.0666341 0.0576158
7 0.7489361 0.2658924 0.0281914 0.0149374
29 0.6771762 0.3235082 0.0281913 0.0149374
30 0.7489361 0.3811240 0.0281914 0.0149374
22 0.6771762 0.4387397 0.0281913 0.0149374
22 0.7489361 0.3235082 0.0281914 0.0149374
17 0.8206959 0.3811240 0.0281914 0.0149374
17 0.3901370 0.2658924 0.0281914 0.0149374
31 0.3901370 0.3235082 0.0281914 0.0149374
5 0.3901370 0.4963555 0.0281914 0.0149374
4 0.5336566 0.4387397 0.0281914 0.0149374
19 0.8206959 0.4387397 0.0281914 0.0149374
7 0.6771762 0.2658924 0.0281913 0.0149374
17 0.6054164 0.4963555 0.0281914 0.0149374
25 0.6054164 0.2658924 0.0281914 0.0149374
25 0.6054164 0.3811240 0.0281914 0.0149374
5 0.5336566 0.3235082 0.0281914 0.0149374
8 0.3901370 0.3811240 0.0281914 0.0149374
25 0.4618968 0.4963555 0.0281913 0.0149374
14 0.5336566 0.2658924 0.0281914 0.0149374
17 0.3901370 0.4387397 0.0281914 0.0149374
14 0.5336566 0.3811240 0.0281914 0.0149374
20 0.6771762 0.3811240 0.0281913 0.0149374
9 0.7489361 0.4387397 0.0281914 0.0149374
2 0.4618968 0.3811240 0.0281913 0.0149374
1 0.7489361 0.4963555 0.0281914 0.0149374
6 0.6771762 0.4963555 0.0281913 0.0149374
1 0.5336566 0.4963555 0.0281914 0.0149374
5 0.8206959 0.2658924 0.0281914 0.0149374
10 0.8206959 0.4963555 0.0281914 0.0149374
13 0.4618968 0.4387397 0.0281913 0.0149374
19 0.6054164 0.4387397 0.0281914 0.0149374
22 0.8206959 0.3235082 0.0281914 0.0149374
4 0.6054164 0.3235082 0.0281914 0.0149374
