2 0.4992215 0.6896781 0.0271490 0.0159443
24 0.7065408 0.6322784 0.0271489 0.0159444
32 0.6380514 0.5977323 0.4997874 0.4081758
33 0.7756471 0.4595478 0.0641702 0.0573997
9 0.7756471 0.4600792 0.0271490 0.0159443
27 0.6374343 0.6896781 0.0271490 0.0159443
16 0.7065408 0.4600792 0.0271489 0.0159443
10 0.4992215 0.6322784 0.0271490 0.0159444
23 0.8447536 0.5169475 0.0271490 0.0148814
14 0.5683279 0.4600792 0.0271489 0.0159443
13 0.4992215 0.5748787 0.0271490 0.0159444
4 0.8447536 0.6896781 0.0271490 0.0159443
20 0.7756471 0.5169475 0.0271490 0.0148814
20 0.6374343 0.6322784 0.0271490 0.0159444
12 0.7065408 0.5169475 0.0271489 0.0148814
22 0.5683279 0.5169475 0.0271489 0.0148814
20 0.4992215 0.5169475 0.0271490 0.0148814
18 0.4301151 0.5748787 0.0271489 0.0159444
11 0.4301151 0.6322784 0.0271489 0.0159444
8 0.5683279 0.6322784 0.0271489 0.0159444
30 0.6374343 0.5748787 0.0271490 0.0159444
14 0.5683279 0.6896781 0.0271489 0.0159443
6 0.7756471 0.5748787 0.0271490 0.0159444
9 0.8447536 0.6322784 0.0271490 0.0159444
18 0.6374343 0.4600792 0.0271490 0.0159443
26 0.4301151 0.6896781 0.0271489 0.0159443
31 0.4301151 0.4600792 0.0271489 0.0159443
7 0.4992215 0.4600792 0.0271490 0.0159443
1 0.7756471 0.6896781 0.0271490 0.0159443
6 0.7065408 0.6896781 0.0271489 0.0159443
28 0.5683279 0.5748787 0.0271489 0.0159444
2 0.4301151 0.5169475 0.0271489 0.0148814
6 0.6374343 0.5169475 0.0271490 0.0148814
23 0.8447536 0.4600792 0.0271490 0.0159443
13 0.8447536 0.5748787 0.0271490 0.0159444
13 0.7756471 0.6322784 0.0271490 0.0159444
10 0.7065408 0.5748787 0.0271489 0.0159444
