2 0.4963060 0.7079513 0.0272857 0.0148437
14 0.4963060 0.4216781 0.0272857 0.0148438
32 0.5614195 0.5637545 0.5023044 0.4071441
25 0.6352149 0.4216781 0.0272857 0.0148438
13 0.3573971 0.5361874 0.0272857 0.0148438
1 0.5657604 0.5361874 0.0272857 0.0148438
20 0.7741237 0.5361874 0.0272857 0.0148438
33 0.7046693 0.5934420 0.0644933 0.0572547
3 0.7046693 0.5934420 0.0272856 0.0148439
23 0.7741237 0.5934420 0.0272857 0.0148439
16 0.3573971 0.6506966 0.0272857 0.0148437
7 0.4963060 0.6506966 0.0272857 0.0148437
22 0.5657604 0.7079513 0.0272857 0.0148437
5 0.3573971 0.4216781 0.0272857 0.0148438
20 0.3573971 0.5934420 0.0272857 0.0148439
4 0.6352149 0.5934420 0.0272857 0.0148439
20 0.7741237 0.4789328 0.0272857 0.0148438
9 0.6352149 0.4789328 0.0272857 0.0148438
29 0.7741237 0.7079513 0.0272857 0.0148437
17 0.4268516 0.4789328 0.0272857 0.0148438
18 0.4268516 0.4216781 0.0272857 0.0148438
30 0.7741237 0.6506966 0.0272857 0.0148437
5 0.4268516 0.5361874 0.0272857 0.0148438
27 0.6352149 0.7079513 0.0272857 0.0148437
14 0.4268516 0.6506966 0.0272857 0.0148437
10 0.4963060 0.4789328 0.0272857 0.0148438
11 0.5657604 0.5934420 0.0272857 0.0148439
2 0.7046693 0.6506966 0.0272856 0.0148437
19 0.7046693 0.7079513 0.0272856 0.0148437
28 0.6352149 0.5361874 0.0272857 0.0148438
4 0.4963060 0.5934420 0.0272857 0.0148439
17 0.7046693 0.5361874 0.0272856 0.0148438
12 0.4963060 0.5361874 0.0272857 0.0148438
24 0.5657604 0.4789328 0.0272857 0.0148438
5 0.4268516 0.5934420 0.0272857 0.0148439
29 0.3573971 0.7079513 0.0272857 0.0148437
25 0.7046693 0.4216781 0.0272856 0.0148438
29 0.7741237 0.4216781 0.0272857 0.0148438
10 0.5657604 0.6506966 0.0272857 0.0148437
3 0.5657604 0.4216781 0.0272857 0.0148438
5 0.6352149 0.6506966 0.0272857 0.0148437
5 0.4268516 0.7079513 0.0272857 0.0148437
25 0.7046693 0.4789328 0.0272856 0.0148438
17 0.3573971 0.4789328 0.0272857 0.0148438
