29 0.2148974 0.4371595 0.0286704 0.0162759
18 0.2878766 0.3116028 0.0286704 0.0162759
32 0.3562946 0.4673861 0.5277959 0.4464239
33 0.4338349 0.4371595 0.0677664 0.0627783
15 0.4338349 0.4371595 0.0286704 0.0162759
8 0.2148974 0.5627162 0.0286704 0.0162758
1 0.3608558 0.3743811 0.0286704 0.0162759
9 0.3608558 0.4371595 0.0286704 0.0162759
17 0.5797933 0.4371595 0.0286704 0.0162759
21 0.3608558 0.5627162 0.0286704 0.0162758
28 0.4338349 0.5627162 0.0286704 0.0162758
16 0.5797933 0.3116028 0.0286704 0.0162759
2 0.1419182 0.5627162 0.0286704 0.0162758
11 0.5068141 0.4371595 0.0286704 0.0162759
24 0.1419182 0.4999379 0.0286704 0.0162759
3 0.1419182 0.4371595 0.0286704 0.0162759
15 0.3608558 0.4999379 0.0286704 0.0162759
7 0.1419182 0.3116028 0.0286704 0.0162759
9 0.5068141 0.3116028 0.0286704 0.0162759
7 0.2878766 0.4999379 0.0286704 0.0162759
28 0.2878766 0.4371595 0.0286704 0.0162759
17 0.2878766 0.5627162 0.0286704 0.0162758
13 0.5797933 0.5627162 0.0286704 0.0162758
16 0.5068141 0.3743811 0.0286704 0.0162759
17 0.2148974 0.4999379 0.0286704 0.0162759
8 0.5797933 0.3743811 0.0286704 0.0162759
19 0.1419182 0.3743811 0.0286704 0.0162759
22 0.3608558 0.3116028 0.0286704 0.0162759
21 0.2148974 0.3116028 0.0286704 0.0162759
12 0.2148974 0.3743811 0.0286704 0.0162759
4 0.4338349 0.3743811 0.0286704 0.0162759
20 0.2878766 0.3743811 0.0286704 0.0162759
12 0.5068141 0.4999379 0.0286704 0.0162759
3 0.5797933 0.4999379 0.0286704 0.0162759
29 0.5068141 0.5627162 0.0286704 0.0162758
11 0.4338349 0.3116028 0.0286704 0.0162759
4 0.4338349 0.4999379 0.0286704 0.0162759
