1 0.3750220 0.5839870 0.0278752 0.0156224
29 0.4459770 0.4634714 0.0278752 0.0156224
32 0.4415423 0.4322266 0.5131570 0.4284996
29 0.6588422 0.2826981 0.0278752 0.0156224
28 0.2331119 0.3429559 0.0278752 0.0156224
15 0.5878871 0.3429559 0.0278752 0.0156224
25 0.2331119 0.4032136 0.0278752 0.0156224
10 0.2331119 0.4634714 0.0278752 0.0156224
13 0.5878871 0.4634714 0.0278752 0.0156224
5 0.3040669 0.5237292 0.0278752 0.0156224
30 0.5169321 0.5237292 0.0278752 0.0156224
33 0.5169321 0.5839870 0.0658868 0.0602578
10 0.5169321 0.5839870 0.0278752 0.0156224
17 0.6588422 0.5237292 0.0278752 0.0156224
24 0.4459770 0.5237292 0.0278752 0.0156224
4 0.4459770 0.3429559 0.0278752 0.0156224
19 0.4459770 0.2826981 0.0278752 0.0156224
25 0.5878871 0.5839870 0.0278752 0.0156224
7 0.5169321 0.4634714 0.0278752 0.0156224
6 0.6588422 0.4032136 0.0278752 0.0156224
16 0.5169321 0.4032136 0.0278752 0.0156224
26 0.4459770 0.4032136 0.0278752 0.0156224
30 0.3750220 0.4634714 0.0278752 0.0156224
3 0.5169321 0.3429559 0.0278752 0.0156224
25 0.3040669 0.4634714 0.0278752 0.0156224
29 0.3040669 0.3429559 0.0278752 0.0156224
23 0.2331119 0.2826981 0.0278752 0.0156224
14 0.3040669 0.4032136 0.0278752 0.0156224
26 0.3750220 0.3429559 0.0278752 0.0156224
7 0.6588422 0.3429559 0.0278752 0.0156224
16 0.6588422 0.4634714 0.0278752 0.0156224
23 0.5878871 0.4032136 0.0278752 0.0156224
21 0.3040669 0.2826981 0.0278752 0.0156224
21 0.6588422 0.5839870 0.0278752 0.0156224
4 0.5878871 0.2826981 0.0278752 0.0156224
15 0.5878871 0.5237292 0.0278752 0.0156224
2 0.4459770 0.5839870 0.0278752 0.0156224
31 0.3750220 0.4032136 0.0278752 0.0156224
20 0.3750220 0.2826981 0.0278752 0.0156224
4 0.3750220 0.5237292 0.0278752 0.0156224
26 0.2331119 0.5237292 0.0278752 0.0156224
17 0.2331119 0.5839870 0.0278752 0.0156224
1 0.5169321 0.2826981 0.0278752 0.0156224
21 0.3040669 0.5839870 0.0278752 0.0156224
