4 0.4088102 0.3560377 0.0263446 0.0151611
10 0.2746920 0.3560377 0.0263446 0.0151611
32 0.2705009 0.3841941 0.4849810 0.4158474
19 0.0735148 0.2975592 0.0263446 0.0151611
33 0.3417511 0.4145163 0.0622692 0.0584785
17 0.3417511 0.4145163 0.0263446 0.0151611
17 0.3417511 0.4729948 0.0263446 0.0151611
20 0.2076329 0.4145163 0.0263446 0.0151611
6 0.4088102 0.2975592 0.0263446 0.0151611
20 0.0735148 0.2390806 0.0263446 0.0151611
12 0.2076329 0.2975592 0.0263446 0.0151611
11 0.4758693 0.4729948 0.0263446 0.0151611
20 0.2076329 0.3560377 0.0263446 0.0151611
3 0.4758693 0.3560377 0.0263446 0.0151611
6 0.1405738 0.4145163 0.0263447 0.0151611
14 0.4758693 0.4145163 0.0263446 0.0151611
2 0.3417511 0.3560377 0.0263446 0.0151611
15 0.2076329 0.2390806 0.0263446 0.0151611
22 0.1405738 0.3560377 0.0263447 0.0151611
25 0.3417511 0.2975592 0.0263446 0.0151611
19 0.2746920 0.2975592 0.0263446 0.0151611
20 0.0735148 0.4729948 0.0263446 0.0151611
27 0.4088102 0.2390806 0.0263446 0.0151611
29 0.4758693 0.2975592 0.0263446 0.0151611
19 0.2746920 0.4145163 0.0263446 0.0151611
2 0.2746920 0.2390806 0.0263446 0.0151611
2 0.1405738 0.2975592 0.0263447 0.0151611
28 0.3417511 0.2390806 0.0263446 0.0151611
7 0.0735148 0.3560377 0.0263446 0.0151611
8 0.0735148 0.4145163 0.0263446 0.0151611
8 0.4758693 0.2390806 0.0263446 0.0151611
16 0.1405738 0.2390806 0.0263447 0.0151611
11 0.4088102 0.4145163 0.0263446 0.0151611
17 0.2076329 0.4729948 0.0263446 0.0151611
8 0.4088102 0.4729948 0.0263446 0.0151611
30 0.2746920 0.4729948 0.0263446 0.0151611
3 0.1405738 0.4729948 0.0263447 0.0151611
