26 0.1312313 0.5797069 0.0266393 0.0148526
21 0.1312313 0.5224181 0.0266393 0.0148526
32 0.2626114 0.5500016 0.4904047 0.4073863
11 0.4702766 0.4078408 0.0266393 0.0148526
33 0.3346585 0.5224181 0.0629655 0.0572887
2 0.3346584 0.5224181 0.0266393 0.0148526
26 0.2668494 0.5797069 0.0266393 0.0148526
21 0.1990404 0.4078408 0.0266393 0.0148526
17 0.4024675 0.4078408 0.0266393 0.0148526
28 0.1312313 0.4651295 0.0266393 0.0148526
27 0.2668494 0.5224181 0.0266393 0.0148526
9 0.4702766 0.4651295 0.0266393 0.0148526
20 0.2668494 0.4078408 0.0266393 0.0148526
21 0.2668494 0.6369956 0.0266393 0.0148526
30 0.1990404 0.5224181 0.0266393 0.0148526
15 0.4024675 0.4651295 0.0266393 0.0148526
14 0.1990404 0.6369956 0.0266393 0.0148526
24 0.1990404 0.5797069 0.0266393 0.0148526
14 0.1312313 0.4078408 0.0266393 0.0148526
15 0.4024675 0.6369956 0.0266393 0.0148526
12 0.3346584 0.4651295 0.0266393 0.0148526
1 0.3346584 0.6369956 0.0266393 0.0148526
25 0.4702766 0.5224181 0.0266393 0.0148526
30 0.0634223 0.5797069 0.0266393 0.0148526
22 0.0634223 0.5224181 0.0266393 0.0148526
19 0.3346584 0.5797069 0.0266393 0.0148526
14 0.4024675 0.5797069 0.0266393 0.0148526
15 0.4024675 0.5224181 0.0266393 0.0148526
17 0.0634223 0.6369956 0.0266393 0.0148526
8 0.1990404 0.4651295 0.0266393 0.0148526
2 0.0634223 0.4078408 0.0266393 0.0148526
24 0.0634223 0.4651295 0.0266393 0.0148526
3 0.1312313 0.6369956 0.0266393 0.0148526
9 0.4702766 0.6369956 0.0266393 0.0148526
4 0.2668494 0.4651295 0.0266393 0.0148526
30 0.3346584 0.4078408 0.0266393 0.0148526
20 0.4702766 0.5797069 0.0266393 0.0148526
