14 0.1842232 0.3058276 0.0280961 0.0159238
27 0.5418105 0.4900885 0.0280961 0.0159238
32 0.3227882 0.3968206 0.5172245 0.4367666
26 0.5418105 0.2444073 0.0280961 0.0159238
30 0.5418105 0.3058276 0.0280961 0.0159238
19 0.3272581 0.4286682 0.0280961 0.0159237
1 0.3272581 0.4900885 0.0280961 0.0159238
7 0.1127057 0.5515088 0.0280962 0.0159238
33 0.1842232 0.5515088 0.0664091 0.0614203
14 0.1842232 0.5515088 0.0280961 0.0159238
5 0.2557407 0.5515088 0.0280961 0.0159238
29 0.3272581 0.5515088 0.0280961 0.0159238
11 0.4702930 0.5515088 0.0280961 0.0159238
23 0.3987756 0.4900885 0.0280962 0.0159238
20 0.1127057 0.4286682 0.0280962 0.0159237
4 0.1127057 0.3058276 0.0280962 0.0159238
14 0.2557407 0.4286682 0.0280961 0.0159237
3 0.2557407 0.4900885 0.0280961 0.0159238
26 0.3987756 0.2444073 0.0280962 0.0159238
18 0.2557407 0.2444073 0.0280961 0.0159238
15 0.1127057 0.4900885 0.0280962 0.0159238
15 0.4702930 0.3672479 0.0280961 0.0159237
27 0.3987756 0.5515088 0.0280962 0.0159238
30 0.5418105 0.3672479 0.0280961 0.0159237
15 0.5418105 0.5515088 0.0280961 0.0159238
16 0.3987756 0.3058276 0.0280962 0.0159238
23 0.3272581 0.3058276 0.0280961 0.0159238
21 0.4702930 0.4286682 0.0280961 0.0159237
21 0.3987756 0.3672479 0.0280962 0.0159237
5 0.4702930 0.4900885 0.0280961 0.0159238
30 0.1127057 0.2444073 0.0280962 0.0159238
20 0.1842232 0.3672479 0.0280961 0.0159237
18 0.1127057 0.3672479 0.0280962 0.0159237
21 0.5418105 0.4286682 0.0280961 0.0159237
20 0.2557407 0.3058276 0.0280961 0.0159238
19 0.3987756 0.4286682 0.0280962 0.0159237
2 0.4702930 0.3058276 0.0280961 0.0159238
6 0.4702930 0.2444073 0.0280961 0.0159238
2 0.3272581 0.3672479 0.0280961 0.0159237
28 0.2557407 0.3672479 0.0280961 0.0159237
18 0.1842232 0.2444073 0.0280961 0.0159238
21 0.1842232 0.4900885 0.0280961 0.0159238
28 0.1842232 0.4286682 0.0280961 0.0159237
30 0.3272581 0.2444073 0.0280961 0.0159238
