15 0.4350701 0.6052886 0.0265533 0.0171735
21 0.4350701 0.4198153 0.0265533 0.0171735
32 0.5708545 0.5680795 0.4888236 0.4396407
20 0.4350701 0.4810673 0.0265533 0.0160285
33 0.6378414 0.4810673 0.0627626 0.0618244
26 0.6378414 0.4810673 0.0265534 0.0160285
11 0.3674797 0.5434642 0.0265534 0.0171735
9 0.4350701 0.5434642 0.0265533 0.0171735
22 0.5026605 0.6052886 0.0265534 0.0171735
27 0.6378414 0.6671132 0.0265534 0.0171735
28 0.3674797 0.7283652 0.0265534 0.0160286
29 0.4350701 0.7283652 0.0265533 0.0160286
13 0.5702510 0.7283652 0.0265534 0.0160286
25 0.3674797 0.6052886 0.0265534 0.0171735
4 0.7054318 0.6671132 0.0265533 0.0171735
8 0.7054318 0.6052886 0.0265533 0.0171735
24 0.4350701 0.6671132 0.0265533 0.0171735
1 0.3674797 0.4810673 0.0265534 0.0160285
14 0.5026605 0.7283652 0.0265534 0.0160286
21 0.3674797 0.6671132 0.0265534 0.0171735
14 0.7730223 0.4198153 0.0265534 0.0171735
26 0.7054318 0.7283652 0.0265533 0.0160286
21 0.6378414 0.4198153 0.0265534 0.0171735
4 0.5026605 0.4810673 0.0265534 0.0160285
6 0.5702510 0.6671132 0.0265534 0.0171735
17 0.7054318 0.4810673 0.0265533 0.0160285
28 0.7730223 0.6052886 0.0265534 0.0171735
9 0.5702510 0.6052886 0.0265534 0.0171735
7 0.5026605 0.6671132 0.0265534 0.0171735
3 0.7730223 0.6671132 0.0265534 0.0171735
6 0.7054318 0.5434642 0.0265533 0.0171735
31 0.5702510 0.5434642 0.0265534 0.0171735
21 0.5026605 0.5434642 0.0265534 0.0171735
17 0.6378414 0.7283652 0.0265534 0.0160286
16 0.5702510 0.4810673 0.0265534 0.0160285
21 0.5026605 0.4198153 0.0265534 0.0171735
31 0.6378414 0.5434642 0.0265534 0.0171735
20 0.7730223 0.4810673 0.0265534 0.0160285
26 0.7730223 0.5434642 0.0265534 0.0171735
29 0.3674797 0.4198153 0.0265534 0.0171735
17 0.6378414 0.6052886 0.0265534 0.0171735
26 0.7730223 0.7283652 0.0265534 0.0160286
29 0.7054318 0.4198153 0.0265533 0.0171735
16 0.5702510 0.4198153 0.0265534 0.0171735
