30 0.4411873 0.7035390 0.0262204 0.0152831
17 0.3744446 0.6445900 0.0262204 0.0152831
32 0.3035303 0.6140239 0.4826933 0.4191926
7 0.3744446 0.4677432 0.0262204 0.0152831
16 0.5079301 0.4677432 0.0262204 0.0152831
30 0.3077018 0.5266921 0.0262204 0.0152831
18 0.1742162 0.5856411 0.0262204 0.0152831
33 0.1742162 0.6445900 0.0619755 0.0589490
21 0.1742162 0.6445900 0.0262204 0.0152831
6 0.2409590 0.7035390 0.0262204 0.0152831
24 0.3744446 0.7035390 0.0262204 0.0152831
31 0.5079301 0.7035390 0.0262204 0.0152831
17 0.1742162 0.7624880 0.0262204 0.0152831
16 0.1742162 0.5266921 0.0262204 0.0152831
25 0.5079301 0.6445900 0.0262204 0.0152831
20 0.2409590 0.5856411 0.0262204 0.0152831
3 0.1074734 0.7035390 0.0262204 0.0152831
21 0.2409590 0.4677432 0.0262204 0.0152831
2 0.4411873 0.5266921 0.0262204 0.0152831
17 0.3744446 0.5266921 0.0262204 0.0152831
25 0.5079301 0.5856411 0.0262204 0.0152831
6 0.2409590 0.5266921 0.0262204 0.0152831
26 0.4411873 0.5856411 0.0262204 0.0152831
13 0.3077018 0.4677432 0.0262204 0.0152831
31 0.3744446 0.7624880 0.0262204 0.0152831
9 0.1074734 0.5856411 0.0262204 0.0152831
13 0.3077018 0.7624880 0.0262204 0.0152831
22 0.1074734 0.4677432 0.0262204 0.0152831
10 0.3744446 0.5856411 0.0262204 0.0152831
18 0.3077018 0.7035390 0.0262204 0.0152831
1 0.1742162 0.4677432 0.0262204 0.0152831
8 0.3077018 0.6445900 0.0262204 0.0152831
17 0.1074734 0.5266921 0.0262204 0.0152831
16 0.2409590 0.7624880 0.0262204 0.0152831
14 0.4411873 0.4677432 0.0262204 0.0152831
9 0.5079301 0.7624880 0.0262204 0.0152831
8 0.1074734 0.6445900 0.0262204 0.0152831
11 0.4411873 0.7624880 0.0262204 0.0152831
21 0.1074734 0.7624880 0.0262204 0.0152831
15 0.1742162 0.7035390 0.0262204 0.0152831
13 0.2409590 0.6445900 0.0262204 0.0152831
24 0.4411873 0.6445900 0.0262204 0.0152831
9 0.5079301 0.5266921 0.0262204 0.0152831
22 0.3077018 0.5856411 0.0262204 0.0152831
