18 0.3208311 0.5625188 0.0283940 0.0165991
5 0.6099335 0.6222756 0.0283940 0.0165991
32 0.5383033 0.5265540 0.5227074 0.4249373
33 0.6099335 0.3826950 0.0671130 0.0597568
10 0.6099335 0.3832483 0.0283940 0.0165991
20 0.3208311 0.4424519 0.0283940 0.0154925
15 0.7544847 0.5625188 0.0283939 0.0165991
8 0.4653823 0.3832483 0.0283940 0.0165991
19 0.5376579 0.5625188 0.0283940 0.0165991
10 0.3931068 0.5027620 0.0283940 0.0165991
10 0.6099335 0.5027620 0.0283940 0.0165991
11 0.5376579 0.3832483 0.0283940 0.0165991
23 0.4653823 0.4424519 0.0283940 0.0154925
15 0.3931068 0.3832483 0.0283940 0.0165991
14 0.5376579 0.5027620 0.0283940 0.0165991
23 0.6099335 0.5625188 0.0283940 0.0165991
8 0.3208311 0.5027620 0.0283940 0.0165991
12 0.7544847 0.5027620 0.0283939 0.0165991
31 0.6822091 0.6222756 0.0283940 0.0165991
21 0.7544847 0.4424519 0.0283939 0.0154925
18 0.7544847 0.3832483 0.0283939 0.0165991
2 0.3931068 0.4424519 0.0283940 0.0154925
29 0.6822091 0.5027620 0.0283940 0.0165991
6 0.4653823 0.6222756 0.0283940 0.0165991
17 0.4653823 0.5027620 0.0283940 0.0165991
7 0.5376579 0.4424519 0.0283940 0.0154925
26 0.4653823 0.5625188 0.0283940 0.0165991
20 0.3931068 0.6222756 0.0283940 0.0165991
26 0.6822091 0.4424519 0.0283940 0.0154925
16 0.7544847 0.6222756 0.0283939 0.0165991
21 0.6822091 0.3832483 0.0283940 0.0165991
15 0.3208311 0.6222756 0.0283940 0.0165991
23 0.6099335 0.4424519 0.0283940 0.0154925
1 0.3208311 0.3832483 0.0283940 0.0165991
16 0.6822091 0.5625188 0.0283940 0.0165991
29 0.5376579 0.6222756 0.0283940 0.0165991
23 0.3931068 0.5625188 0.0283940 0.0165991
