16 0.4556815 0.4793236 0.0279755 0.0168002
8 0.3132607 0.6002850 0.0279755 0.0168002
32 0.5275276 0.5034038 0.5150036 0.4300853
29 0.5268919 0.3583621 0.0279755 0.0168002
10 0.5981022 0.4182828 0.0279755 0.0156802
7 0.3132607 0.4793236 0.0279755 0.0168002
2 0.5268919 0.4793236 0.0279755 0.0168002
6 0.6693126 0.4793236 0.0279755 0.0168002
12 0.7405231 0.4793236 0.0279755 0.0168002
21 0.3132607 0.5398043 0.0279755 0.0168003
4 0.6693126 0.5398043 0.0279755 0.0168003
33 0.6693126 0.6602058 0.0661239 0.0604808
4 0.6693126 0.6602058 0.0279755 0.0156802
3 0.4556815 0.6002850 0.0279755 0.0168002
15 0.3844711 0.3583621 0.0279755 0.0168002
27 0.6693126 0.6002850 0.0279755 0.0168002
29 0.6693126 0.4182828 0.0279755 0.0156802
29 0.3132607 0.4182828 0.0279755 0.0156802
7 0.5268919 0.4182828 0.0279755 0.0156802
9 0.7405231 0.5398043 0.0279755 0.0168003
5 0.5981022 0.3583621 0.0279755 0.0168002
27 0.3132607 0.6602058 0.0279755 0.0156802
24 0.7405231 0.6602058 0.0279755 0.0156802
2 0.5268919 0.6002850 0.0279755 0.0168002
7 0.3844711 0.5398043 0.0279755 0.0168003
30 0.4556815 0.4182828 0.0279755 0.0156802
6 0.5981022 0.6602058 0.0279755 0.0156802
27 0.7405231 0.6002850 0.0279755 0.0168002
13 0.3844711 0.4182828 0.0279755 0.0156802
21 0.5268919 0.5398043 0.0279755 0.0168003
23 0.4556815 0.3583621 0.0279755 0.0168002
27 0.7405231 0.3583621 0.0279755 0.0168002
8 0.5981022 0.6002850 0.0279755 0.0168002
31 0.3844711 0.6002850 0.0279755 0.0168002
27 0.4556815 0.5398043 0.0279755 0.0168003
28 0.5981022 0.5398043 0.0279755 0.0168003
7 0.3844711 0.6602058 0.0279755 0.0156802
14 0.5268919 0.6602058 0.0279755 0.0156802
13 0.6693126 0.3583621 0.0279755 0.0168002
4 0.5981022 0.4793236 0.0279755 0.0168002
19 0.3844711 0.4793236 0.0279755 0.0168002
19 0.4556815 0.6602058 0.0279755 0.0156802
10 0.3132607 0.3583621 0.0279755 0.0168002
15 0.7405231 0.4182828 0.0279755 0.0156802
