1 0.4646802 0.3995074 0.0262207 0.0155584
19 0.4646802 0.5195296 0.0262207 0.0155584
32 0.3937651 0.5484239 0.4826990 0.4267456
30 0.2644495 0.3995074 0.0262207 0.0155584
11 0.1977059 0.4595185 0.0262207 0.0155584
26 0.3311930 0.5195296 0.0262207 0.0155584
12 0.4646802 0.5795407 0.0262207 0.0155584
14 0.3311930 0.6395519 0.0262207 0.0155585
33 0.4646802 0.6395519 0.0619762 0.0600111
18 0.4646802 0.6395519 0.0262207 0.0155585
6 0.5314237 0.6395519 0.0262207 0.0155585
17 0.2644495 0.6995630 0.0262207 0.0155585
2 0.5981673 0.6995630 0.0262207 0.0155585
8 0.3979366 0.6995630 0.0262207 0.0155585
12 0.3311930 0.5795407 0.0262207 0.0155584
20 0.4646802 0.6995630 0.0262207 0.0155585
30 0.1977059 0.6395519 0.0262207 0.0155585
18 0.1977059 0.5795407 0.0262207 0.0155584
25 0.2644495 0.4595185 0.0262207 0.0155584
26 0.3979366 0.5195296 0.0262207 0.0155584
16 0.5981673 0.5795407 0.0262207 0.0155584
26 0.5981673 0.5195296 0.0262207 0.0155584
7 0.5981673 0.4595185 0.0262207 0.0155584
5 0.3979366 0.4595185 0.0262207 0.0155584
10 0.3311930 0.6995630 0.0262207 0.0155585
12 0.3979366 0.5795407 0.0262207 0.0155584
10 0.1977059 0.6995630 0.0262207 0.0155585
8 0.1977059 0.5195296 0.0262207 0.0155584
6 0.5314237 0.3995074 0.0262207 0.0155584
29 0.2644495 0.5195296 0.0262207 0.0155584
11 0.5981673 0.6395519 0.0262207 0.0155585
12 0.3979366 0.6395519 0.0262207 0.0155585
25 0.2644495 0.5795407 0.0262207 0.0155584
30 0.5314237 0.4595185 0.0262207 0.0155584
29 0.3979366 0.3995074 0.0262207 0.0155584
10 0.5314237 0.6995630 0.0262207 0.0155585
5 0.2644495 0.6395519 0.0262207 0.0155585
25 0.3311930 0.3995074 0.0262207 0.0155584
28 0.1977059 0.3995074 0.0262207 0.0155584
2 0.5981673 0.3995074 0.0262207 0.0155584
2 0.4646802 0.4595185 0.0262207 0.0155584
6 0.5314237 0.5195296 0.0262207 0.0155584
9 0.5314237 0.5795407 0.0262207 0.0155584
31 0.3311930 0.4595185 0.0262207 0.0155584
