4 0.2906170 0.5015108 0.0266367 0.0151054
29 0.3584194 0.3849839 0.0266367 0.0151053
32 0.3541818 0.4713001 0.4903566 0.4143178
12 0.1550122 0.3849839 0.0266366 0.0151053
13 0.5618266 0.3849839 0.0266367 0.0151053
7 0.4940242 0.4432473 0.0266367 0.0151053
10 0.1550122 0.5015108 0.0266366 0.0151054
20 0.4940242 0.5015108 0.0266367 0.0151054
24 0.1550122 0.5597742 0.0266366 0.0151053
14 0.4262218 0.5597742 0.0266367 0.0151053
25 0.4940242 0.5597742 0.0266367 0.0151053
33 0.3584195 0.6180377 0.0629594 0.0582634
31 0.3584194 0.6180377 0.0266367 0.0151053
27 0.5618266 0.5015108 0.0266367 0.0151054
11 0.5618266 0.4432473 0.0266367 0.0151053
6 0.2906170 0.6180377 0.0266367 0.0151053
20 0.1550122 0.4432473 0.0266366 0.0151053
4 0.5618266 0.5597742 0.0266367 0.0151053
5 0.4262218 0.3267204 0.0266367 0.0151054
11 0.2228146 0.5597742 0.0266367 0.0151053
3 0.4262218 0.5015108 0.0266367 0.0151054
20 0.3584194 0.5597742 0.0266367 0.0151053
8 0.3584194 0.4432473 0.0266367 0.0151053
13 0.3584194 0.3267204 0.0266367 0.0151054
17 0.5618266 0.6180377 0.0266367 0.0151053
16 0.2228146 0.4432473 0.0266367 0.0151053
31 0.2228146 0.3267204 0.0266367 0.0151054
7 0.2906170 0.3267204 0.0266367 0.0151054
28 0.2228146 0.3849839 0.0266367 0.0151053
12 0.4940242 0.6180377 0.0266367 0.0151053
8 0.3584194 0.5015108 0.0266367 0.0151054
20 0.5618266 0.3267204 0.0266367 0.0151054
12 0.2906170 0.3849839 0.0266367 0.0151053
21 0.4262218 0.6180377 0.0266367 0.0151053
24 0.4262218 0.4432473 0.0266367 0.0151053
30 0.1550122 0.6180377 0.0266366 0.0151053
28 0.1550122 0.3267204 0.0266366 0.0151054
3 0.4262218 0.3849839 0.0266367 0.0151053
18 0.2906170 0.5597742 0.0266367 0.0151053
28 0.2228146 0.5015108 0.0266367 0.0151054
27 0.4940242 0.3849839 0.0266367 0.0151053
12 0.4940242 0.3267204 0.0266367 0.0151054
22 0.2906170 0.4432473 0.0266367 0.0151053
21 0.2228146 0.6180377 0.0266367 0.0151053
