28 0.6525594 0.3906158 0.0265009 0.0151569
12 0.4501888 0.4490783 0.0265009 0.0151569
32 0.5134296 0.4772269 0.4878576 0.4157330
33 0.3152751 0.5075408 0.0626385 0.0584625
11 0.3152751 0.5075408 0.0265009 0.0151569
7 0.3827319 0.5075408 0.0265009 0.0151569
9 0.5851025 0.5075408 0.0265009 0.0151569
29 0.5851025 0.3906158 0.0265009 0.0151569
2 0.3152751 0.5660032 0.0265009 0.0151569
10 0.6525594 0.4490783 0.0265009 0.0151569
14 0.3827319 0.3321534 0.0265009 0.0151569
21 0.5176456 0.5075408 0.0265009 0.0151569
12 0.6525594 0.3321534 0.0265009 0.0151569
8 0.3152751 0.3906158 0.0265009 0.0151569
8 0.3827319 0.4490783 0.0265009 0.0151569
19 0.5176456 0.3906158 0.0265009 0.0151569
6 0.3827319 0.5660032 0.0265009 0.0151569
30 0.5851025 0.5660032 0.0265009 0.0151569
23 0.5851025 0.4490783 0.0265009 0.0151569
22 0.3827319 0.3906158 0.0265009 0.0151569
6 0.5176456 0.5660032 0.0265009 0.0151569
14 0.7200162 0.5660032 0.0265009 0.0151569
29 0.7200162 0.5075408 0.0265009 0.0151569
21 0.7200162 0.3906158 0.0265009 0.0151569
1 0.3152751 0.4490783 0.0265009 0.0151569
13 0.5176456 0.3321534 0.0265009 0.0151569
28 0.5176456 0.4490783 0.0265009 0.0151569
7 0.7200162 0.3321534 0.0265009 0.0151569
11 0.6525594 0.5660032 0.0265009 0.0151569
26 0.4501888 0.5075408 0.0265009 0.0151569
25 0.6525594 0.5075408 0.0265009 0.0151569
18 0.4501888 0.3321534 0.0265009 0.0151569
5 0.3152751 0.3321534 0.0265009 0.0151569
21 0.4501888 0.5660032 0.0265009 0.0151569
12 0.7200162 0.4490783 0.0265009 0.0151569
31 0.4501888 0.3906158 0.0265009 0.0151569
25 0.5851025 0.3321534 0.0265009 0.0151569
