26 0.3208939 0.3371696 0.0262708 0.0149499
2 0.3877650 0.3371696 0.0262708 0.0149499
32 0.3167144 0.4802611 0.4836217 0.4100534
33 0.2540227 0.3371696 0.0620947 0.0576638
11 0.2540227 0.3371696 0.0262708 0.0149499
22 0.5215073 0.3371696 0.0262708 0.0149499
15 0.5215073 0.5678246 0.0262708 0.0149499
20 0.1871515 0.3371696 0.0262708 0.0149499
5 0.4546362 0.5101608 0.0262708 0.0149499
21 0.3208939 0.5101608 0.0262708 0.0149499
18 0.3877650 0.4524971 0.0262708 0.0149498
27 0.1202804 0.3948333 0.0262708 0.0149499
5 0.1202804 0.3371696 0.0262708 0.0149499
26 0.1202804 0.5678246 0.0262708 0.0149499
6 0.2540227 0.4524971 0.0262708 0.0149498
17 0.4546362 0.3948333 0.0262708 0.0149499
1 0.5215073 0.4524971 0.0262708 0.0149498
30 0.3877650 0.5101608 0.0262708 0.0149499
18 0.3208939 0.5678246 0.0262708 0.0149499
19 0.3877650 0.3948333 0.0262708 0.0149499
15 0.1871515 0.5101608 0.0262708 0.0149499
31 0.2540227 0.3948333 0.0262708 0.0149499
13 0.3208939 0.3948333 0.0262708 0.0149499
14 0.4546362 0.5678246 0.0262708 0.0149499
6 0.4546362 0.4524971 0.0262708 0.0149498
20 0.1871515 0.5678246 0.0262708 0.0149499
26 0.1871515 0.3948333 0.0262708 0.0149499
13 0.5215073 0.5101608 0.0262708 0.0149499
6 0.1871515 0.4524971 0.0262708 0.0149498
7 0.1202804 0.4524971 0.0262708 0.0149498
15 0.4546362 0.3371696 0.0262708 0.0149499
4 0.1202804 0.5101608 0.0262708 0.0149499
25 0.5215073 0.3948333 0.0262708 0.0149499
6 0.2540227 0.5101608 0.0262708 0.0149499
2 0.2540227 0.5678246 0.0262708 0.0149499
6 0.3877650 0.5678246 0.0262708 0.0149499
3 0.3208939 0.4524971 0.0262708 0.0149498
