28 0.2517925 0.5213828 0.0278303 0.0153276
19 0.5351554 0.2263256 0.0278303 0.0164225
32 0.4649472 0.3681063 0.5123304 0.4204154
24 0.3226332 0.2263256 0.0278303 0.0164225
27 0.6768370 0.2848991 0.0278303 0.0153277
11 0.4643147 0.3445674 0.0278303 0.0164225
1 0.6768370 0.4036884 0.0278303 0.0164225
23 0.2517925 0.4628093 0.0278303 0.0164225
33 0.3226332 0.4622619 0.0657807 0.0591209
29 0.3226332 0.4628093 0.0278303 0.0164225
8 0.6059962 0.4628093 0.0278303 0.0164225
2 0.3934740 0.5213828 0.0278303 0.0153276
26 0.5351554 0.5213828 0.0278303 0.0153276
20 0.4643147 0.4036884 0.0278303 0.0164225
18 0.3226332 0.4036884 0.0278303 0.0164225
9 0.6059962 0.4036884 0.0278303 0.0164225
18 0.2517925 0.3445674 0.0278303 0.0164225
31 0.3226332 0.3445674 0.0278303 0.0164225
3 0.2517925 0.2848991 0.0278303 0.0153277
31 0.5351554 0.4628093 0.0278303 0.0164225
28 0.6059962 0.2263256 0.0278303 0.0164225
2 0.3226332 0.2848991 0.0278303 0.0153277
29 0.3934740 0.2848991 0.0278303 0.0153277
30 0.4643147 0.4628093 0.0278303 0.0164225
28 0.5351554 0.3445674 0.0278303 0.0164225
30 0.4643147 0.5213828 0.0278303 0.0153276
24 0.3934740 0.2263256 0.0278303 0.0164225
20 0.5351554 0.2848991 0.0278303 0.0153277
23 0.2517925 0.4036884 0.0278303 0.0164225
26 0.4643147 0.2263256 0.0278303 0.0164225
1 0.6768370 0.5213828 0.0278303 0.0153276
25 0.6059962 0.3445674 0.0278303 0.0164225
12 0.3934740 0.4036884 0.0278303 0.0164225
21 0.6768370 0.2263256 0.0278303 0.0164225
1 0.6768370 0.4628093 0.0278303 0.0164225
14 0.3934740 0.4628093 0.0278303 0.0164225
23 0.2517925 0.2263256 0.0278303 0.0164225
6 0.5351554 0.4036884 0.0278303 0.0164225
9 0.3934740 0.3445674 0.0278303 0.0164225
4 0.6768370 0.3445674 0.0278303 0.0164225
5 0.6059962 0.5213828 0.0278303 0.0153276
2 0.6059962 0.2848991 0.0278303 0.0153277
18 0.4643147 0.2848991 0.0278303 0.0153277
9 0.3226332 0.5213828 0.0278303 0.0153276
