6 0.1764116 0.3724779 0.0275833 0.0148244
8 0.1764116 0.2009390 0.0275833 0.0148244
32 0.3124472 0.3428292 0.5077827 0.4066108
33 0.5274712 0.2581186 0.0651968 0.0571796
16 0.5274712 0.2581186 0.0275832 0.0148244
21 0.3870473 0.3724779 0.0275833 0.0148244
27 0.3168354 0.3724779 0.0275833 0.0148244
7 0.3870473 0.2009390 0.0275833 0.0148244
10 0.2466235 0.4296575 0.0275833 0.0148244
24 0.4572593 0.3152983 0.0275832 0.0148244
29 0.2466235 0.3152983 0.0275833 0.0148244
29 0.3870473 0.4296575 0.0275833 0.0148244
9 0.5274712 0.2009390 0.0275832 0.0148244
17 0.5274712 0.3724779 0.0275832 0.0148244
15 0.1061996 0.4296575 0.0275833 0.0148244
31 0.1061996 0.3724779 0.0275833 0.0148244
3 0.3168354 0.2009390 0.0275833 0.0148244
2 0.1061996 0.2009390 0.0275833 0.0148244
8 0.3168354 0.2581186 0.0275833 0.0148244
18 0.4572593 0.2009390 0.0275832 0.0148244
9 0.3168354 0.4296575 0.0275833 0.0148244
27 0.1764116 0.2581186 0.0275833 0.0148244
2 0.4572593 0.4296575 0.0275832 0.0148244
31 0.4572593 0.3724779 0.0275832 0.0148244
20 0.3870473 0.3152983 0.0275833 0.0148244
5 0.2466235 0.2581186 0.0275833 0.0148244
17 0.2466235 0.2009390 0.0275833 0.0148244
24 0.1764116 0.3152983 0.0275833 0.0148244
28 0.3870473 0.2581186 0.0275833 0.0148244
13 0.4572593 0.2581186 0.0275832 0.0148244
10 0.1061996 0.2581186 0.0275833 0.0148244
6 0.1061996 0.3152983 0.0275833 0.0148244
4 0.5274712 0.4296575 0.0275832 0.0148244
19 0.1764116 0.4296575 0.0275833 0.0148244
6 0.2466235 0.3724779 0.0275833 0.0148244
31 0.3168354 0.3152983 0.0275833 0.0148244
9 0.5274712 0.3152983 0.0275832 0.0148244
