4 0.3428477 0.2407236 0.0271926 0.0166440
19 0.3428477 0.4204785 0.0271926 0.0166440
32 0.3434657 0.3844165 0.5005912 0.4260858
33 0.4120653 0.2401687 0.0642734 0.0599183
3 0.4120653 0.2407236 0.0271926 0.0166440
27 0.3428477 0.4803968 0.0271926 0.0166439
1 0.2044126 0.3000871 0.0271926 0.0155344
14 0.2044126 0.4204785 0.0271926 0.0166440
4 0.2044126 0.4803968 0.0271926 0.0166439
21 0.4812828 0.2407236 0.0271926 0.0166440
19 0.2736302 0.2407236 0.0271926 0.0166440
25 0.1351951 0.4803968 0.0271926 0.0166439
29 0.3428477 0.3605602 0.0271926 0.0166439
9 0.5505004 0.4803968 0.0271926 0.0166439
28 0.4120653 0.4204785 0.0271926 0.0166440
24 0.5505004 0.2407236 0.0271926 0.0166440
10 0.5505004 0.3000871 0.0271926 0.0155344
28 0.5505004 0.3605602 0.0271926 0.0166439
15 0.2736302 0.3000871 0.0271926 0.0155344
19 0.4812828 0.4803968 0.0271926 0.0166439
2 0.4812828 0.3000871 0.0271926 0.0155344
3 0.1351951 0.2407236 0.0271926 0.0166440
15 0.1351951 0.3000871 0.0271926 0.0155344
19 0.4120653 0.3000871 0.0271926 0.0155344
19 0.4120653 0.4803968 0.0271926 0.0166439
27 0.2736302 0.4204785 0.0271926 0.0166440
4 0.4812828 0.3605602 0.0271926 0.0166439
4 0.1351951 0.4204785 0.0271926 0.0166440
11 0.4120653 0.3605602 0.0271926 0.0166439
28 0.2736302 0.4803968 0.0271926 0.0166439
3 0.3428477 0.3000871 0.0271926 0.0155344
8 0.5505004 0.4204785 0.0271926 0.0166440
15 0.4812828 0.4204785 0.0271926 0.0166440
29 0.2736302 0.3605602 0.0271926 0.0166439
15 0.2044126 0.3605602 0.0271926 0.0166439
15 0.1351951 0.3605602 0.0271926 0.0166439
25 0.2044126 0.2407236 0.0271926 0.0166440
