3 0.8427565 0.4167749 0.0278815 0.0154764
7 0.7717854 0.2376906 0.0278815 0.0154764
32 0.6254076 0.3858220 0.5132729 0.4244961
10 0.7008144 0.2376906 0.0278815 0.0154764
33 0.4879012 0.2973854 0.0659017 0.0596948
2 0.4879012 0.2973854 0.0278815 0.0154764
20 0.6298433 0.2973854 0.0278815 0.0154764
25 0.7717854 0.2973854 0.0278815 0.0154764
14 0.8427565 0.2973854 0.0278815 0.0154764
4 0.5588722 0.3570801 0.0278815 0.0154764
18 0.4169301 0.4167749 0.0278815 0.0154764
11 0.7008144 0.4167749 0.0278815 0.0154764
28 0.8427565 0.4764696 0.0278815 0.0154764
29 0.4879012 0.4764696 0.0278815 0.0154764
18 0.7008144 0.2973854 0.0278815 0.0154764
24 0.7717854 0.5361644 0.0278815 0.0154764
20 0.7008144 0.4764696 0.0278815 0.0154764
21 0.7717854 0.4167749 0.0278815 0.0154764
14 0.4169301 0.5361644 0.0278815 0.0154764
24 0.7008144 0.3570801 0.0278815 0.0154764
14 0.6298433 0.4167749 0.0278815 0.0154764
28 0.7717854 0.3570801 0.0278815 0.0154764
7 0.7008144 0.5361644 0.0278815 0.0154764
21 0.6298433 0.4764696 0.0278815 0.0154764
25 0.5588722 0.4167749 0.0278815 0.0154764
27 0.5588722 0.2973854 0.0278815 0.0154764
21 0.6298433 0.2376906 0.0278815 0.0154764
21 0.5588722 0.4764696 0.0278815 0.0154764
30 0.4169301 0.3570801 0.0278815 0.0154764
29 0.4169301 0.2973854 0.0278815 0.0154764
25 0.4879012 0.2376906 0.0278815 0.0154764
31 0.4879012 0.5361644 0.0278815 0.0154764
18 0.4879012 0.4167749 0.0278815 0.0154764
2 0.8427565 0.5361644 0.0278815 0.0154764
2 0.5588722 0.5361644 0.0278815 0.0154764
20 0.8427565 0.3570801 0.0278815 0.0154764
19 0.4879012 0.3570801 0.0278815 0.0154764
30 0.7717854 0.4764696 0.0278815 0.0154764
14 0.4169301 0.4764696 0.0278815 0.0154764
2 0.6298433 0.5361644 0.0278815 0.0154764
26 0.6298433 0.3570801 0.0278815 0.0154764
25 0.4169301 0.2376906 0.0278815 0.0154764
29 0.8427565 0.2376906 0.0278815 0.0154764
14 0.5588722 0.2376906 0.0278815 0.0154764
