31 0.7749527 0.3981531 0.0277659 0.0150623
24 0.3508909 0.4562503 0.0277659 0.0150623
32 0.5585044 0.4261258 0.5111459 0.4131350
33 0.7042757 0.4562502 0.0656286 0.0580971
18 0.7042757 0.4562503 0.0277659 0.0150623
6 0.7749527 0.5143474 0.0277659 0.0150622
7 0.6335987 0.5143474 0.0277659 0.0150622
2 0.4215678 0.3400560 0.0277659 0.0150622
9 0.4215678 0.2819589 0.0277659 0.0150622
22 0.4922448 0.5143474 0.0277659 0.0150622
15 0.6335987 0.3981531 0.0277659 0.0150623
5 0.3508909 0.2819589 0.0277659 0.0150622
25 0.3508909 0.3981531 0.0277659 0.0150623
5 0.4215678 0.3981531 0.0277659 0.0150623
30 0.6335987 0.3400560 0.0277659 0.0150622
17 0.5629218 0.3400560 0.0277659 0.0150622
10 0.4922448 0.2819589 0.0277659 0.0150622
15 0.6335987 0.4562503 0.0277659 0.0150623
11 0.3508909 0.3400560 0.0277659 0.0150622
2 0.4215678 0.4562503 0.0277659 0.0150623
4 0.4922448 0.4562503 0.0277659 0.0150623
9 0.4922448 0.3400560 0.0277659 0.0150622
29 0.7042757 0.3400560 0.0277659 0.0150622
10 0.7042757 0.3981531 0.0277659 0.0150623
17 0.5629218 0.5143474 0.0277659 0.0150622
3 0.4215678 0.5143474 0.0277659 0.0150622
25 0.4922448 0.3981531 0.0277659 0.0150623
1 0.6335987 0.2819589 0.0277659 0.0150622
24 0.7042757 0.5143474 0.0277659 0.0150622
8 0.7749527 0.4562503 0.0277659 0.0150623
10 0.7749527 0.3400560 0.0277659 0.0150622
17 0.5629218 0.4562503 0.0277659 0.0150623
12 0.7042757 0.2819589 0.0277659 0.0150622
24 0.5629218 0.2819589 0.0277659 0.0150622
8 0.7749527 0.2819589 0.0277659 0.0150622
9 0.3508909 0.5143474 0.0277659 0.0150622
28 0.5629218 0.3981531 0.0277659 0.0150623
