29 0.6887090 0.4646529 0.0286306 0.0160143
12 0.4700749 0.7117314 0.0286307 0.0160143
32 0.4707256 0.5515879 0.5270641 0.4392507
33 0.3243189 0.4028832 0.0676724 0.0617696
14 0.3243189 0.4034552 0.0286306 0.0171582
27 0.2514409 0.4646529 0.0286306 0.0160143
7 0.2514409 0.5887641 0.0286306 0.0171583
24 0.3243189 0.5887641 0.0286306 0.0171583
29 0.2514409 0.6505337 0.0286306 0.0171583
10 0.6158309 0.6505337 0.0286307 0.0171583
9 0.2514409 0.7117314 0.0286306 0.0160143
25 0.3971969 0.7117314 0.0286306 0.0160143
1 0.5429529 0.7117314 0.0286306 0.0160143
13 0.4700749 0.5887641 0.0286307 0.0171583
7 0.6158309 0.5887641 0.0286307 0.0171583
8 0.6887090 0.5887641 0.0286306 0.0171583
9 0.3243189 0.4646529 0.0286306 0.0160143
28 0.5429529 0.5887641 0.0286306 0.0171583
21 0.5429529 0.5269944 0.0286306 0.0171582
11 0.3243189 0.5269944 0.0286306 0.0171582
24 0.3243189 0.7117314 0.0286306 0.0160143
25 0.3971969 0.5887641 0.0286306 0.0171583
1 0.6158309 0.4034552 0.0286307 0.0171582
29 0.3971969 0.4646529 0.0286306 0.0160143
7 0.6887090 0.7117314 0.0286306 0.0160143
7 0.4700749 0.6505337 0.0286307 0.0171583
20 0.6158309 0.5269944 0.0286307 0.0171582
16 0.3971969 0.6505337 0.0286306 0.0171583
28 0.4700749 0.4646529 0.0286307 0.0160143
31 0.4700749 0.4034552 0.0286307 0.0171582
12 0.6158309 0.4646529 0.0286307 0.0160143
10 0.2514409 0.5269944 0.0286306 0.0171582
10 0.6158309 0.7117314 0.0286307 0.0160143
10 0.6887090 0.6505337 0.0286306 0.0171583
14 0.5429529 0.4034552 0.0286306 0.0171582
23 0.3971969 0.5269944 0.0286306 0.0171582
8 0.2514409 0.4034552 0.0286306 0.0171582
20 0.3243189 0.6505337 0.0286306 0.0171583
23 0.6887090 0.4034552 0.0286306 0.0171582
24 0.4700749 0.5269944 0.0286307 0.0171582
25 0.5429529 0.4646529 0.0286306 0.0160143
16 0.5429529 0.6505337 0.0286306 0.0171583
21 0.6887090 0.5269944 0.0286306 0.0171582
22 0.3971969 0.4034552 0.0286306 0.0171582
