28 0.5127795 0.3193181 0.0270604 0.0156777
1 0.7194224 0.3193181 0.0270604 0.0156777
32 0.5773554 0.3484339 0.4981567 0.4300173
4 0.4438986 0.1983758 0.0270604 0.0156777
10 0.7194224 0.1983758 0.0270604 0.0156777
3 0.7883033 0.1983758 0.0270604 0.0156777
16 0.3750177 0.2588470 0.0270604 0.0156777
28 0.7194224 0.2588470 0.0270604 0.0156777
19 0.6505415 0.3797893 0.0270604 0.0156777
14 0.7194224 0.3797893 0.0270604 0.0156777
5 0.5816605 0.4402605 0.0270604 0.0156778
33 0.5816605 0.5007317 0.0639609 0.0604712
3 0.5816605 0.5007316 0.0270604 0.0156777
3 0.4438986 0.5007316 0.0270604 0.0156777
17 0.3750177 0.5007316 0.0270604 0.0156777
3 0.7194224 0.4402605 0.0270604 0.0156778
20 0.7883033 0.2588470 0.0270604 0.0156777
14 0.5127795 0.5007316 0.0270604 0.0156777
3 0.5816605 0.3193181 0.0270604 0.0156777
25 0.6505415 0.4402605 0.0270604 0.0156778
18 0.4438986 0.4402605 0.0270604 0.0156778
23 0.7883033 0.5007316 0.0270604 0.0156777
28 0.7883033 0.3797893 0.0270604 0.0156777
3 0.5816605 0.3797893 0.0270604 0.0156777
17 0.3750177 0.4402605 0.0270604 0.0156778
17 0.5816605 0.2588470 0.0270604 0.0156777
18 0.3750177 0.3797893 0.0270604 0.0156777
24 0.6505415 0.5007316 0.0270604 0.0156777
24 0.6505415 0.3193181 0.0270604 0.0156777
16 0.7883033 0.4402605 0.0270604 0.0156778
28 0.5127795 0.2588470 0.0270604 0.0156777
19 0.5127795 0.3797893 0.0270604 0.0156777
26 0.7194224 0.5007316 0.0270604 0.0156777
27 0.7883033 0.3193181 0.0270604 0.0156777
23 0.4438986 0.3797893 0.0270604 0.0156777
14 0.6505415 0.2588470 0.0270604 0.0156777
1 0.3750177 0.1983758 0.0270604 0.0156777
25 0.6505415 0.1983758 0.0270604 0.0156777
16 0.5127795 0.1983758 0.0270604 0.0156777
18 0.3750177 0.3193181 0.0270604 0.0156777
14 0.4438986 0.2588470 0.0270604 0.0156777
17 0.5816605 0.1983758 0.0270604 0.0156777
14 0.5127795 0.4402605 0.0270604 0.0156778
2 0.4438986 0.3193181 0.0270604 0.0156777
