23 0.2870475 0.3369649 0.0282812 0.0157332
16 0.4310244 0.3369649 0.0282812 0.0157332
32 0.4265251 0.3661837 0.5206308 0.4315392
33 0.3590359 0.3976501 0.0668464 0.0606852
26 0.3590359 0.3976501 0.0282812 0.0157332
26 0.5030128 0.3976501 0.0282812 0.0157332
24 0.5030128 0.3369649 0.0282812 0.0157332
2 0.5750013 0.3976501 0.0282812 0.0157332
4 0.4310244 0.4583353 0.0282812 0.0157332
17 0.4310244 0.2155945 0.0282812 0.0157332
23 0.3590359 0.2155945 0.0282812 0.0157332
1 0.2150590 0.2155945 0.0282812 0.0157332
29 0.3590359 0.2762797 0.0282812 0.0157332
30 0.2150590 0.4583353 0.0282812 0.0157332
15 0.2150590 0.3369649 0.0282812 0.0157332
24 0.2870475 0.2762797 0.0282812 0.0157332
31 0.5750013 0.3369649 0.0282812 0.0157332
27 0.2870475 0.2155945 0.0282812 0.0157332
28 0.5750013 0.2762797 0.0282812 0.0157332
23 0.3590359 0.4583353 0.0282812 0.0157332
21 0.2150590 0.2762797 0.0282812 0.0157332
6 0.4310244 0.2762797 0.0282812 0.0157332
7 0.6469897 0.3369649 0.0282812 0.0157332
2 0.5750013 0.4583353 0.0282812 0.0157332
31 0.5030128 0.2155945 0.0282812 0.0157332
23 0.6469897 0.2762797 0.0282812 0.0157332
4 0.3590359 0.3369649 0.0282812 0.0157332
6 0.5030128 0.4583353 0.0282812 0.0157332
20 0.2870475 0.3976501 0.0282812 0.0157332
5 0.6469897 0.3976501 0.0282812 0.0157332
7 0.5750013 0.2155945 0.0282812 0.0157332
16 0.2150590 0.3976501 0.0282812 0.0157332
17 0.4310244 0.3976501 0.0282812 0.0157332
20 0.6469897 0.4583353 0.0282812 0.0157332
5 0.6469897 0.2155945 0.0282812 0.0157332
29 0.5030128 0.2762797 0.0282812 0.0157332
7 0.2870475 0.4583353 0.0282812 0.0157332
