7 0.1877034 0.2687661 0.0287703 0.0153080
28 0.0412366 0.5049470 0.0287703 0.0153080
32 0.2638289 0.3518668 0.5251578 0.4198770
24 0.0412366 0.2102676 0.0287703 0.0164014
4 0.1144700 0.2102676 0.0287703 0.0164014
23 0.4806370 0.2102676 0.0287703 0.0164014
21 0.2609368 0.2687661 0.0287703 0.0153080
13 0.1144700 0.3283581 0.0287703 0.0164014
17 0.3341702 0.3874033 0.0287703 0.0164014
1 0.3341702 0.4464485 0.0287703 0.0164014
33 0.4806370 0.4459018 0.0680024 0.0590452
25 0.4806370 0.4464485 0.0287703 0.0164014
14 0.4806370 0.5049470 0.0287703 0.0153080
18 0.2609368 0.2102676 0.0287703 0.0164014
15 0.3341702 0.2102676 0.0287703 0.0164014
13 0.2609368 0.3283581 0.0287703 0.0164014
13 0.4806370 0.2687661 0.0287703 0.0153080
12 0.2609368 0.4464485 0.0287703 0.0164014
5 0.0412366 0.3874033 0.0287703 0.0164014
15 0.1144700 0.2687661 0.0287703 0.0153080
11 0.2609368 0.3874033 0.0287703 0.0164014
13 0.2609368 0.5049470 0.0287703 0.0153080
3 0.1877034 0.4464485 0.0287703 0.0164014
21 0.1877034 0.2102676 0.0287703 0.0164014
30 0.4074036 0.5049470 0.0287703 0.0153080
10 0.0412366 0.2687661 0.0287703 0.0153080
25 0.0412366 0.3283581 0.0287703 0.0164014
8 0.1877034 0.3283581 0.0287703 0.0164014
12 0.4074036 0.4464485 0.0287703 0.0164014
16 0.3341702 0.2687661 0.0287703 0.0153080
8 0.1144700 0.4464485 0.0287703 0.0164014
24 0.4074036 0.2687661 0.0287703 0.0153080
28 0.4074036 0.3283581 0.0287703 0.0164014
2 0.3341702 0.3283581 0.0287703 0.0164014
13 0.0412366 0.4464485 0.0287703 0.0164014
13 0.4074036 0.2102676 0.0287703 0.0164014
11 0.1877034 0.3874033 0.0287703 0.0164014
3 0.4806370 0.3874033 0.0287703 0.0164014
26 0.3341702 0.5049470 0.0287703 0.0153080
12 0.4074036 0.3874033 0.0287703 0.0164014
14 0.4806370 0.3283581 0.0287703 0.0164014
17 0.1144700 0.3874033 0.0287703 0.0164014
16 0.1144700 0.5049470 0.0287703 0.0153080
11 0.1877034 0.5049470 0.0287703 0.0153080
