2 0.2612341 0.6089379 0.0287800 0.0172126
28 0.5542669 0.5469725 0.0287801 0.0172126
32 0.4816628 0.5096785 0.5298138 0.4406428
17 0.4077505 0.4850071 0.0287800 0.0172126
33 0.3344923 0.6083641 0.0680255 0.0619654
31 0.3344923 0.6089379 0.0287800 0.0172126
31 0.6275251 0.3610763 0.0287801 0.0172126
10 0.7007832 0.5469725 0.0287800 0.0172126
29 0.4810087 0.3610763 0.0287800 0.0172126
10 0.3344923 0.4850071 0.0287800 0.0172126
5 0.4810087 0.4850071 0.0287800 0.0172126
13 0.2612341 0.3610763 0.0287800 0.0172126
28 0.4077505 0.6089379 0.0287800 0.0172126
7 0.6275251 0.4224679 0.0287801 0.0160651
27 0.5542669 0.6089379 0.0287801 0.0172126
9 0.3344923 0.5469725 0.0287800 0.0172126
27 0.7007832 0.3610763 0.0287800 0.0172126
16 0.4810087 0.6089379 0.0287800 0.0172126
11 0.4077505 0.3610763 0.0287800 0.0172126
5 0.6275251 0.4850071 0.0287801 0.0172126
8 0.6275251 0.6089379 0.0287801 0.0172126
25 0.6275251 0.5469725 0.0287801 0.0172126
20 0.3344923 0.4224679 0.0287800 0.0160651
6 0.4810087 0.4224679 0.0287800 0.0160651
18 0.5542669 0.4850071 0.0287801 0.0172126
12 0.4077505 0.4224679 0.0287800 0.0160651
4 0.5542669 0.4224679 0.0287801 0.0160651
16 0.4077505 0.5469725 0.0287800 0.0172126
12 0.2612341 0.5469725 0.0287800 0.0172126
19 0.7007832 0.4224679 0.0287800 0.0160651
11 0.2612341 0.4224679 0.0287800 0.0160651
11 0.2612341 0.4850071 0.0287800 0.0172126
11 0.4810087 0.5469725 0.0287800 0.0172126
17 0.7007832 0.6089379 0.0287800 0.0172126
27 0.3344923 0.3610763 0.0287800 0.0172126
7 0.7007832 0.4850071 0.0287800 0.0172126
18 0.5542669 0.3610763 0.0287801 0.0172126
