14 0.3131353 0.6974317 0.0269858 0.0149331
24 0.3818265 0.5246343 0.0269858 0.0149331
32 0.5149157 0.6099664 0.4967847 0.4095939
13 0.6565913 0.4670351 0.0269859 0.0149331
26 0.3131353 0.5246343 0.0269858 0.0149331
24 0.5192089 0.5246343 0.0269858 0.0149331
11 0.4505177 0.5822334 0.0269859 0.0149331
27 0.7252826 0.5822334 0.0269859 0.0149331
19 0.5879002 0.6398326 0.0269858 0.0149331
33 0.4505177 0.6974317 0.0637847 0.0575991
4 0.4505177 0.6974317 0.0269859 0.0149331
9 0.7252826 0.6974317 0.0269859 0.0149331
3 0.3818265 0.7550309 0.0269858 0.0149331
2 0.3818265 0.4670351 0.0269858 0.0149331
19 0.4505177 0.4670351 0.0269859 0.0149331
16 0.3131353 0.5822334 0.0269858 0.0149331
3 0.5879002 0.7550309 0.0269858 0.0149331
22 0.6565913 0.5822334 0.0269859 0.0149331
14 0.5192089 0.7550309 0.0269858 0.0149331
15 0.3131353 0.4670351 0.0269858 0.0149331
24 0.7252826 0.7550309 0.0269859 0.0149331
22 0.4505177 0.6398326 0.0269859 0.0149331
14 0.5192089 0.4670351 0.0269858 0.0149331
2 0.7252826 0.5246343 0.0269859 0.0149331
12 0.5879002 0.5822334 0.0269858 0.0149331
13 0.7252826 0.6398326 0.0269859 0.0149331
23 0.6565913 0.6974317 0.0269859 0.0149331
16 0.5192089 0.5822334 0.0269858 0.0149331
4 0.5879002 0.4670351 0.0269858 0.0149331
12 0.4505177 0.5246343 0.0269859 0.0149331
16 0.3818265 0.6974317 0.0269858 0.0149331
3 0.7252826 0.4670351 0.0269859 0.0149331
9 0.5879002 0.5246343 0.0269858 0.0149331
30 0.3131353 0.6398326 0.0269858 0.0149331
26 0.3818265 0.5822334 0.0269858 0.0149331
8 0.5192089 0.6398326 0.0269858 0.0149331
13 0.5192089 0.6974317 0.0269858 0.0149331
27 0.5879002 0.6974317 0.0269858 0.0149331
3 0.6565913 0.7550309 0.0269859 0.0149331
9 0.6565913 0.5246343 0.0269859 0.0149331
23 0.6565913 0.6398326 0.0269859 0.0149331
24 0.3131353 0.7550309 0.0269858 0.0149331
25 0.3818265 0.6398326 0.0269858 0.0149331
2 0.4505177 0.7550309 0.0269859 0.0149331
