4 0.5052148 0.4153878 0.0283248 0.0156360
27 0.2889165 0.4756981 0.0283248 0.0156360
32 0.3565097 0.5650466 0.5214336 0.4288729
14 0.1447176 0.4756981 0.0283248 0.0156360
33 0.2168170 0.5963186 0.0669495 0.0603102
14 0.2168170 0.5963186 0.0283248 0.0156360
4 0.1447176 0.5963186 0.0283248 0.0156360
13 0.5052148 0.6566288 0.0283248 0.0156360
1 0.5773143 0.4153878 0.0283248 0.0156360
4 0.2889165 0.5963186 0.0283248 0.0156360
12 0.5773143 0.5963186 0.0283248 0.0156360
13 0.1447176 0.4153878 0.0283248 0.0156360
19 0.5052148 0.5963186 0.0283248 0.0156360
19 0.4331154 0.6566288 0.0283248 0.0156360
15 0.3610159 0.4756981 0.0283248 0.0156360
5 0.1447176 0.5360083 0.0283248 0.0156360
15 0.3610159 0.6566288 0.0283248 0.0156360
3 0.4331154 0.5360083 0.0283248 0.0156360
7 0.5773143 0.6566288 0.0283248 0.0156360
2 0.3610159 0.5360083 0.0283248 0.0156360
30 0.2168170 0.4756981 0.0283248 0.0156360
13 0.2168170 0.6566288 0.0283248 0.0156360
27 0.2889165 0.4153878 0.0283248 0.0156360
18 0.5052148 0.5360083 0.0283248 0.0156360
27 0.2168170 0.4153878 0.0283248 0.0156360
11 0.5773143 0.5360083 0.0283248 0.0156360
21 0.3610159 0.4153878 0.0283248 0.0156360
11 0.4331154 0.4756981 0.0283248 0.0156360
5 0.5052148 0.4756981 0.0283248 0.0156360
31 0.2168170 0.5360083 0.0283248 0.0156360
28 0.3610159 0.5963186 0.0283248 0.0156360
8 0.2889165 0.5360083 0.0283248 0.0156360
11 0.5773143 0.4756981 0.0283248 0.0156360
7 0.2889165 0.6566288 0.0283248 0.0156360
10 0.1447176 0.6566288 0.0283248 0.0156360
7 0.4331154 0.4153878 0.0283248 0.0156360
5 0.4331154 0.5963186 0.0283248 0.0156360
