31 0.7052868 0.3749374 0.0261714 0.0159036
29 0.6386688 0.5589649 0.0261713 0.0159036
32 0.6345052 0.4658152 0.4817909 0.4362134
33 0.6386688 0.3135949 0.0618595 0.0613425
11 0.6386688 0.3135949 0.0261713 0.0159036
9 0.4388148 0.4362799 0.0261713 0.0159036
20 0.7052868 0.3135949 0.0261714 0.0159036
9 0.6386688 0.4362799 0.0261713 0.0159036
18 0.5720508 0.3749374 0.0261714 0.0159036
3 0.5054328 0.4362799 0.0261714 0.0159036
28 0.7719048 0.4362799 0.0261713 0.0159036
13 0.8385228 0.5589649 0.0261713 0.0159036
12 0.7719048 0.5589649 0.0261713 0.0159036
3 0.5720508 0.4976224 0.0261714 0.0159036
14 0.4388148 0.3749374 0.0261713 0.0159036
15 0.5054328 0.5589649 0.0261714 0.0159036
15 0.5720508 0.5589649 0.0261714 0.0159036
29 0.7052868 0.5589649 0.0261714 0.0159036
8 0.5720508 0.3135949 0.0261714 0.0159036
14 0.6386688 0.3749374 0.0261713 0.0159036
9 0.4388148 0.3135949 0.0261713 0.0159036
13 0.5054328 0.3749374 0.0261714 0.0159036
22 0.8385228 0.4976224 0.0261713 0.0159036
12 0.5054328 0.3135949 0.0261714 0.0159036
20 0.7052868 0.4976224 0.0261714 0.0159036
2 0.4388148 0.4976224 0.0261713 0.0159036
22 0.7052868 0.4362799 0.0261714 0.0159036
21 0.7719048 0.3135949 0.0261713 0.0159036
1 0.6386688 0.4976224 0.0261713 0.0159036
4 0.7719048 0.3749374 0.0261713 0.0159036
7 0.8385228 0.4362799 0.0261713 0.0159036
12 0.4388148 0.5589649 0.0261713 0.0159036
10 0.8385228 0.3749374 0.0261713 0.0159036
26 0.7719048 0.4976224 0.0261713 0.0159036
17 0.8385228 0.3135949 0.0261713 0.0159036
25 0.5054328 0.4976224 0.0261714 0.0159036
17 0.5720508 0.4362799 0.0261714 0.0159036
