28 0.5910198 0.3394012 0.0271841 0.0148184
7 0.7986079 0.5680279 0.0271841 0.0148184
32 0.5866951 0.4240778 0.5004356 0.4064474
10 0.3834317 0.2822445 0.0271841 0.0148184
30 0.4526278 0.3394012 0.0271842 0.0148184
25 0.6602159 0.3394012 0.0271842 0.0148184
29 0.7986079 0.3394012 0.0271841 0.0148184
33 0.3834317 0.3965579 0.0642535 0.0571566
24 0.3834317 0.3965579 0.0271841 0.0148184
22 0.5218238 0.4537145 0.0271841 0.0148184
26 0.7986079 0.4537145 0.0271841 0.0148184
16 0.6602159 0.5680279 0.0271842 0.0148184
19 0.7294119 0.3965579 0.0271841 0.0148184
10 0.7294119 0.5108712 0.0271841 0.0148184
12 0.5910198 0.2822445 0.0271841 0.0148184
16 0.6602159 0.5108712 0.0271842 0.0148184
24 0.7294119 0.3394012 0.0271841 0.0148184
2 0.5218238 0.2822445 0.0271841 0.0148184
2 0.7986079 0.3965579 0.0271841 0.0148184
14 0.5218238 0.5108712 0.0271841 0.0148184
20 0.7294119 0.2822445 0.0271841 0.0148184
11 0.4526278 0.5108712 0.0271842 0.0148184
15 0.5910198 0.5108712 0.0271841 0.0148184
25 0.6602159 0.4537145 0.0271842 0.0148184
4 0.5218238 0.3394012 0.0271841 0.0148184
20 0.5910198 0.5680279 0.0271841 0.0148184
2 0.4526278 0.5680279 0.0271842 0.0148184
22 0.3834317 0.4537145 0.0271841 0.0148184
24 0.7294119 0.4537145 0.0271841 0.0148184
11 0.5910198 0.4537145 0.0271841 0.0148184
19 0.3834317 0.3394012 0.0271841 0.0148184
29 0.7294119 0.5680279 0.0271841 0.0148184
22 0.7986079 0.5108712 0.0271841 0.0148184
6 0.4526278 0.3965579 0.0271842 0.0148184
14 0.6602159 0.2822445 0.0271842 0.0148184
17 0.3834317 0.5680279 0.0271841 0.0148184
28 0.6602159 0.3965579 0.0271842 0.0148184
21 0.5910198 0.3965579 0.0271841 0.0148184
28 0.4526278 0.2822445 0.0271842 0.0148184
22 0.4526278 0.4537145 0.0271842 0.0148184
29 0.5218238 0.5680279 0.0271841 0.0148184
8 0.5218238 0.3965579 0.0271841 0.0148184
3 0.3834317 0.5108712 0.0271841 0.0148184
30 0.7986079 0.2822445 0.0271841 0.0148184
