14 0.7920833 0.5429676 0.0276538 0.0150714
29 0.5105164 0.6011003 0.0276539 0.0150713
32 0.6469003 0.5709574 0.5090831 0.4133877
33 0.4401247 0.6592329 0.0653637 0.0581327
22 0.4401246 0.6592329 0.0276539 0.0150715
15 0.7216916 0.6011003 0.0276539 0.0150713
4 0.5809081 0.4848349 0.0276539 0.0150714
17 0.6512998 0.6011003 0.0276539 0.0150713
28 0.4401246 0.4267023 0.0276539 0.0150714
30 0.7216916 0.6592329 0.0276539 0.0150715
29 0.7216916 0.4848349 0.0276539 0.0150714
5 0.4401246 0.4848349 0.0276539 0.0150714
21 0.4401246 0.5429676 0.0276539 0.0150714
19 0.8624750 0.4848349 0.0276539 0.0150714
25 0.7920833 0.4848349 0.0276538 0.0150714
16 0.5809081 0.5429676 0.0276539 0.0150714
27 0.8624750 0.5429676 0.0276539 0.0150714
31 0.4401246 0.6011003 0.0276539 0.0150713
15 0.5809081 0.4267023 0.0276539 0.0150714
7 0.5809081 0.6011003 0.0276539 0.0150713
1 0.7216916 0.4267023 0.0276539 0.0150714
20 0.6512998 0.5429676 0.0276539 0.0150714
20 0.5105164 0.5429676 0.0276539 0.0150714
16 0.5809081 0.6592329 0.0276539 0.0150715
1 0.6512998 0.4848349 0.0276539 0.0150714
2 0.7920833 0.6592329 0.0276538 0.0150715
25 0.8624750 0.6011003 0.0276539 0.0150713
17 0.8624750 0.4267023 0.0276539 0.0150714
12 0.7216916 0.5429676 0.0276539 0.0150714
24 0.6512998 0.6592329 0.0276539 0.0150715
17 0.5105164 0.4267023 0.0276539 0.0150714
16 0.7920833 0.6011003 0.0276538 0.0150713
7 0.6512998 0.4267023 0.0276539 0.0150714
18 0.7920833 0.4267023 0.0276538 0.0150714
11 0.8624750 0.6592329 0.0276539 0.0150715
23 0.5105164 0.6592329 0.0276539 0.0150715
31 0.5105164 0.4848349 0.0276539 0.0150714
