31 0.7945457 0.4133694 0.0282642 0.0152328
13 0.5787107 0.4133694 0.0282641 0.0152328
32 0.6461592 0.5591697 0.5203165 0.4178158
33 0.8664908 0.4133694 0.0668060 0.0587553
4 0.8664908 0.4133694 0.0282641 0.0152328
8 0.7945457 0.5896354 0.0282642 0.0152328
16 0.5787107 0.5896354 0.0282641 0.0152328
13 0.6506557 0.4721248 0.0282641 0.0152329
13 0.8664908 0.5308801 0.0282641 0.0152329
24 0.7226007 0.5308801 0.0282641 0.0152329
11 0.8664908 0.5896354 0.0282641 0.0152328
7 0.6506557 0.4133694 0.0282641 0.0152328
11 0.7226007 0.4133694 0.0282641 0.0152328
19 0.5787107 0.4721248 0.0282641 0.0152329
20 0.7226007 0.5896354 0.0282641 0.0152328
22 0.6506557 0.5308801 0.0282641 0.0152329
7 0.5067657 0.5308801 0.0282641 0.0152329
17 0.4348207 0.4721248 0.0282641 0.0152329
29 0.5787107 0.5308801 0.0282641 0.0152329
7 0.8664908 0.4721248 0.0282641 0.0152329
13 0.6506557 0.5896354 0.0282641 0.0152328
19 0.4348207 0.5308801 0.0282641 0.0152329
30 0.7226007 0.6483908 0.0282641 0.0152329
2 0.7226007 0.4721248 0.0282641 0.0152329
14 0.7945457 0.6483908 0.0282642 0.0152329
27 0.5067657 0.4133694 0.0282641 0.0152328
10 0.4348207 0.6483908 0.0282641 0.0152329
10 0.4348207 0.4133694 0.0282641 0.0152328
21 0.5787107 0.6483908 0.0282641 0.0152329
18 0.5067657 0.6483908 0.0282641 0.0152329
26 0.6506557 0.6483908 0.0282641 0.0152329
13 0.4348207 0.5896354 0.0282641 0.0152328
4 0.5067657 0.4721248 0.0282641 0.0152329
5 0.7945457 0.5308801 0.0282642 0.0152329
24 0.7945457 0.4721248 0.0282642 0.0152329
9 0.5067657 0.5896354 0.0282641 0.0152328
31 0.8664908 0.6483908 0.0282641 0.0152329
