31 0.7034148 0.5038795 0.0273082 0.0153682
13 0.8424387 0.3853245 0.0273083 0.0153682
32 0.6295584 0.4731430 0.5027201 0.4215289
33 0.5643910 0.4446019 0.0645468 0.0592775
5 0.5643910 0.4446020 0.0273083 0.0153682
1 0.7729268 0.5038795 0.0273083 0.0153682
11 0.5643910 0.5631569 0.0273083 0.0153682
25 0.4253672 0.3260470 0.0273083 0.0153682
11 0.4253672 0.4446020 0.0273083 0.0153682
27 0.4253672 0.3853245 0.0273083 0.0153682
8 0.6339029 0.5631569 0.0273083 0.0153682
5 0.7729268 0.3853245 0.0273083 0.0153682
17 0.4253672 0.5631569 0.0273083 0.0153682
25 0.7034148 0.4446020 0.0273082 0.0153682
16 0.7034148 0.3853245 0.0273082 0.0153682
22 0.7034148 0.3260470 0.0273082 0.0153682
5 0.4253672 0.5038795 0.0273083 0.0153682
28 0.4948791 0.5631569 0.0273083 0.0153682
13 0.8424387 0.3260470 0.0273083 0.0153682
4 0.8424387 0.5631569 0.0273083 0.0153682
14 0.4948791 0.4446020 0.0273083 0.0153682
7 0.5643910 0.3853245 0.0273083 0.0153682
26 0.5643910 0.5038795 0.0273083 0.0153682
4 0.4948791 0.5038795 0.0273083 0.0153682
5 0.8424387 0.4446020 0.0273083 0.0153682
19 0.6339029 0.3260470 0.0273083 0.0153682
6 0.5643910 0.3260470 0.0273083 0.0153682
25 0.8424387 0.5038795 0.0273083 0.0153682
10 0.4948791 0.3260470 0.0273083 0.0153682
4 0.6339029 0.4446020 0.0273083 0.0153682
30 0.7729268 0.5631569 0.0273083 0.0153682
22 0.7729268 0.3260470 0.0273083 0.0153682
25 0.6339029 0.3853245 0.0273083 0.0153682
22 0.7729268 0.4446020 0.0273083 0.0153682
2 0.4948791 0.3853245 0.0273083 0.0153682
29 0.6339029 0.5038795 0.0273083 0.0153682
3 0.7034148 0.5631569 0.0273082 0.0153682
