31 0.4681060 0.7557379 0.0277158 0.0161514
3 0.5386552 0.6311416 0.0277157 0.0161513
32 0.4636967 0.5988388 0.5102214 0.4430091
33 0.2564586 0.4442471 0.0655099 0.0622981
2 0.2564586 0.4442471 0.0277157 0.0161514
15 0.6092043 0.4442471 0.0277157 0.0161514
8 0.5386552 0.5065453 0.0277157 0.0161514
13 0.2564586 0.6311416 0.0277157 0.0161513
11 0.3975569 0.6311416 0.0277157 0.0161513
22 0.6797534 0.6311416 0.0277158 0.0161513
6 0.3270078 0.6934397 0.0277157 0.0161514
2 0.6797534 0.6934397 0.0277158 0.0161514
28 0.2564586 0.6934397 0.0277157 0.0161514
14 0.5386552 0.7557379 0.0277157 0.0161514
14 0.3270078 0.4442471 0.0277157 0.0161514
7 0.2564586 0.7557379 0.0277157 0.0161514
31 0.2564586 0.5065453 0.0277157 0.0161514
17 0.3975569 0.5688435 0.0277157 0.0161514
31 0.2564586 0.5688435 0.0277157 0.0161514
21 0.5386552 0.4442471 0.0277157 0.0161514
3 0.6797534 0.4442471 0.0277158 0.0161514
25 0.3975569 0.7557379 0.0277157 0.0161514
18 0.3270078 0.7557379 0.0277157 0.0161514
5 0.6092043 0.5065453 0.0277157 0.0161514
19 0.3975569 0.6934397 0.0277157 0.0161514
27 0.3975569 0.5065453 0.0277157 0.0161514
24 0.6797534 0.5065453 0.0277158 0.0161514
31 0.5386552 0.5688435 0.0277157 0.0161514
26 0.3270078 0.6311416 0.0277157 0.0161513
13 0.4681060 0.4442471 0.0277158 0.0161514
30 0.6092043 0.7557379 0.0277157 0.0161514
25 0.4681060 0.5065453 0.0277158 0.0161514
4 0.4681060 0.6311416 0.0277158 0.0161513
16 0.3270078 0.5688435 0.0277157 0.0161514
4 0.6092043 0.5688435 0.0277157 0.0161514
7 0.3270078 0.5065453 0.0277157 0.0161514
15 0.5386552 0.6934397 0.0277157 0.0161514
31 0.6092043 0.6311416 0.0277157 0.0161513
4 0.6797534 0.5688435 0.0277158 0.0161514
30 0.3975569 0.4442471 0.0277157 0.0161514
17 0.4681060 0.5688435 0.0277158 0.0161514
14 0.6092043 0.6934397 0.0277157 0.0161514
18 0.6797534 0.7557379 0.0277158 0.0161514
15 0.4681060 0.6934397 0.0277158 0.0161514
