20 0.2669669 0.6559602 0.0268515 0.0149613
25 0.5403636 0.5405441 0.0268515 0.0149613
32 0.3993934 0.5106214 0.4943111 0.4103683
7 0.4720145 0.3674200 0.0268515 0.0149613
33 0.1986177 0.4251280 0.0634671 0.0577080
6 0.1986177 0.4251280 0.0268515 0.0149613
3 0.2669669 0.5405441 0.0268515 0.0149613
1 0.4036652 0.5405441 0.0268515 0.0149613
18 0.4720145 0.5405441 0.0268515 0.0149613
31 0.1986177 0.6559602 0.0268515 0.0149613
8 0.4720145 0.6559602 0.0268515 0.0149613
19 0.6087128 0.6559602 0.0268515 0.0149613
9 0.3353160 0.6559602 0.0268514 0.0149613
22 0.6087128 0.5982522 0.0268515 0.0149613
30 0.5403636 0.6559602 0.0268515 0.0149613
22 0.1986177 0.4828360 0.0268515 0.0149613
27 0.3353160 0.4251280 0.0268514 0.0149613
7 0.4036652 0.6559602 0.0268515 0.0149613
5 0.1986177 0.5982522 0.0268515 0.0149613
27 0.2669669 0.3674200 0.0268515 0.0149613
25 0.4036652 0.5982522 0.0268515 0.0149613
15 0.3353160 0.5982522 0.0268514 0.0149613
20 0.4036652 0.3674200 0.0268515 0.0149613
26 0.6087128 0.4828360 0.0268515 0.0149613
25 0.4720145 0.5982522 0.0268515 0.0149613
20 0.4036652 0.4828360 0.0268515 0.0149613
6 0.4036652 0.4251280 0.0268515 0.0149613
12 0.3353160 0.4828360 0.0268514 0.0149613
13 0.1986177 0.5405441 0.0268515 0.0149613
28 0.2669669 0.4251280 0.0268515 0.0149613
6 0.5403636 0.3674200 0.0268515 0.0149613
14 0.2669669 0.5982522 0.0268515 0.0149613
24 0.4720145 0.4828360 0.0268515 0.0149613
8 0.6087128 0.3674200 0.0268515 0.0149613
17 0.1986177 0.3674200 0.0268515 0.0149613
4 0.5403636 0.4251280 0.0268515 0.0149613
12 0.3353160 0.3674200 0.0268514 0.0149613
21 0.6087128 0.4251280 0.0268515 0.0149613
14 0.3353160 0.5405441 0.0268514 0.0149613
5 0.6087128 0.5405441 0.0268515 0.0149613
18 0.5403636 0.5982522 0.0268515 0.0149613
17 0.4720145 0.4251280 0.0268515 0.0149613
10 0.2669669 0.4828360 0.0268515 0.0149613
27 0.5403636 0.4828360 0.0268515 0.0149613
