16 0.5277946 0.4973109 0.0270760 0.0160328
27 0.4588741 0.5591517 0.0270759 0.0160328
32 0.3167254 0.4652453 0.4984434 0.4397566
33 0.3210329 0.5591517 0.0639977 0.0618408
24 0.3210329 0.5591517 0.0270760 0.0160328
22 0.2521124 0.3117886 0.0270759 0.0160328
9 0.2521124 0.3736294 0.0270759 0.0160327
27 0.4588741 0.3736294 0.0270759 0.0160327
5 0.3899535 0.5591517 0.0270759 0.0160328
30 0.1831918 0.4973109 0.0270760 0.0160328
17 0.2521124 0.4354701 0.0270759 0.0160328
22 0.3899535 0.4973109 0.0270759 0.0160328
9 0.3899535 0.3736294 0.0270759 0.0160327
12 0.1142712 0.4354701 0.0270759 0.0160328
3 0.4588741 0.4973109 0.0270759 0.0160328
2 0.3210329 0.3736294 0.0270760 0.0160327
15 0.1831918 0.3117886 0.0270760 0.0160328
8 0.3210329 0.4354701 0.0270760 0.0160328
16 0.1831918 0.5591517 0.0270760 0.0160328
11 0.2521124 0.4973109 0.0270759 0.0160328
15 0.3899535 0.3117886 0.0270759 0.0160328
24 0.1142712 0.4973109 0.0270759 0.0160328
11 0.3210329 0.4973109 0.0270760 0.0160328
13 0.2521124 0.5591517 0.0270759 0.0160328
19 0.3210329 0.3117886 0.0270760 0.0160328
10 0.5277946 0.3117886 0.0270760 0.0160328
25 0.5277946 0.5591517 0.0270760 0.0160328
16 0.4588741 0.3117886 0.0270759 0.0160328
9 0.4588741 0.4354701 0.0270759 0.0160328
16 0.1831918 0.4354701 0.0270760 0.0160328
16 0.1831918 0.3736294 0.0270760 0.0160327
6 0.3899535 0.4354701 0.0270759 0.0160328
25 0.1142712 0.5591517 0.0270759 0.0160328
12 0.5277946 0.3736294 0.0270760 0.0160327
17 0.5277946 0.4354701 0.0270760 0.0160328
27 0.1142712 0.3117886 0.0270759 0.0160328
22 0.1142712 0.3736294 0.0270759 0.0160327
