19 0.7704706 0.4200763 0.0272443 0.0151201
8 0.4237247 0.3617558 0.0272443 0.0151201
32 0.5580887 0.5064771 0.5015430 0.4147237
6 0.4930739 0.3617558 0.0272443 0.0151201
33 0.7011214 0.4200763 0.0643956 0.0583205
23 0.7011214 0.4200763 0.0272443 0.0151201
11 0.7704706 0.4783968 0.0272443 0.0151201
18 0.7011214 0.5367174 0.0272443 0.0151201
25 0.7704706 0.5367174 0.0272443 0.0151201
5 0.3543756 0.5950378 0.0272443 0.0151201
31 0.7011214 0.6533584 0.0272443 0.0151201
10 0.7704706 0.6533584 0.0272443 0.0151201
8 0.4930739 0.4783968 0.0272443 0.0151201
3 0.5624231 0.5367174 0.0272443 0.0151201
12 0.6317722 0.6533584 0.0272443 0.0151201
12 0.3543756 0.5367174 0.0272443 0.0151201
26 0.7704706 0.5950378 0.0272443 0.0151201
31 0.4930739 0.5950378 0.0272443 0.0151201
28 0.3543756 0.4783968 0.0272443 0.0151201
6 0.4237247 0.4783968 0.0272443 0.0151201
22 0.4930739 0.4200763 0.0272443 0.0151201
19 0.7011214 0.5950378 0.0272443 0.0151201
31 0.6317722 0.5950378 0.0272443 0.0151201
13 0.6317722 0.4783968 0.0272443 0.0151201
5 0.5624231 0.3617558 0.0272443 0.0151201
10 0.7011214 0.3617558 0.0272443 0.0151201
21 0.3543756 0.4200763 0.0272443 0.0151201
16 0.6317722 0.3617558 0.0272443 0.0151201
17 0.5624231 0.4200763 0.0272443 0.0151201
1 0.3543756 0.3617558 0.0272443 0.0151201
19 0.4237247 0.5950378 0.0272443 0.0151201
20 0.3543756 0.6533584 0.0272443 0.0151201
25 0.4237247 0.6533584 0.0272443 0.0151201
8 0.4237247 0.4200763 0.0272443 0.0151201
17 0.6317722 0.4200763 0.0272443 0.0151201
4 0.5624231 0.5950378 0.0272443 0.0151201
31 0.4237247 0.5367174 0.0272443 0.0151201
17 0.4930739 0.5367174 0.0272443 0.0151201
8 0.5624231 0.6533584 0.0272443 0.0151201
4 0.6317722 0.5367174 0.0272443 0.0151201
4 0.4930739 0.6533584 0.0272443 0.0151201
29 0.5624231 0.4783968 0.0272443 0.0151201
29 0.7011214 0.4783968 0.0272443 0.0151201
26 0.7704706 0.3617558 0.0272443 0.0151201
