2 0.4826577 0.3620122 0.0270487 0.0152056
22 0.5515089 0.4793128 0.0270487 0.0152057
32 0.3406519 0.5075518 0.4979421 0.4170688
11 0.5515089 0.3620122 0.0270487 0.0152056
33 0.5515089 0.4206625 0.0639333 0.0586503
17 0.5515089 0.4206625 0.0270487 0.0152056
22 0.1384014 0.5379631 0.0270487 0.0152057
31 0.1384014 0.5966134 0.0270487 0.0152057
9 0.2072527 0.5966134 0.0270487 0.0152057
24 0.3449551 0.5966134 0.0270487 0.0152057
17 0.5515089 0.5966134 0.0270487 0.0152057
13 0.4826577 0.6552637 0.0270487 0.0152057
23 0.4826577 0.4206625 0.0270487 0.0152056
24 0.2761039 0.3620122 0.0270487 0.0152056
13 0.2072527 0.3620122 0.0270487 0.0152056
31 0.4138064 0.6552637 0.0270487 0.0152057
30 0.4826577 0.5379631 0.0270487 0.0152057
14 0.3449551 0.6552637 0.0270487 0.0152057
2 0.1384014 0.3620122 0.0270487 0.0152056
28 0.5515089 0.6552637 0.0270487 0.0152057
6 0.4138064 0.4793128 0.0270487 0.0152057
22 0.2761039 0.5966134 0.0270487 0.0152057
18 0.1384014 0.4793128 0.0270487 0.0152057
23 0.4138064 0.5379631 0.0270487 0.0152057
2 0.3449551 0.4206625 0.0270487 0.0152056
22 0.1384014 0.4206625 0.0270487 0.0152056
19 0.2761039 0.4206625 0.0270487 0.0152056
17 0.1384014 0.6552637 0.0270487 0.0152057
9 0.3449551 0.3620122 0.0270487 0.0152056
24 0.3449551 0.4793128 0.0270487 0.0152057
9 0.2761039 0.5379631 0.0270487 0.0152057
11 0.3449551 0.5379631 0.0270487 0.0152057
28 0.2072527 0.6552637 0.0270487 0.0152057
27 0.2761039 0.4793128 0.0270487 0.0152057
12 0.4138064 0.5966134 0.0270487 0.0152057
23 0.4138064 0.3620122 0.0270487 0.0152056
13 0.4138064 0.4206625 0.0270487 0.0152056
13 0.2072527 0.5379631 0.0270487 0.0152057
22 0.4826577 0.5966134 0.0270487 0.0152057
20 0.2072527 0.4206625 0.0270487 0.0152056
18 0.2072527 0.4793128 0.0270487 0.0152057
11 0.2761039 0.6552637 0.0270487 0.0152057
11 0.4826577 0.4793128 0.0270487 0.0152057
30 0.5515089 0.5379631 0.0270487 0.0152057
