12 0.3262327 0.5194182 0.0276364 0.0148842
5 0.4669269 0.4045973 0.0276364 0.0148842
32 0.4625302 0.4896499 0.5087603 0.4082523
24 0.3965798 0.3471868 0.0276363 0.0148842
33 0.4669269 0.3471868 0.0653223 0.0574105
22 0.4669269 0.3471868 0.0276364 0.0148842
7 0.6076211 0.3471868 0.0276363 0.0148842
9 0.6779681 0.3471868 0.0276364 0.0148842
11 0.3965798 0.4045973 0.0276363 0.0148842
19 0.6076211 0.4045973 0.0276363 0.0148842
16 0.3965798 0.5194182 0.0276363 0.0148842
14 0.3262327 0.6342392 0.0276364 0.0148842
10 0.2558856 0.3471868 0.0276364 0.0148842
1 0.3965798 0.4620078 0.0276363 0.0148842
17 0.5372740 0.3471868 0.0276363 0.0148842
22 0.6779681 0.5768287 0.0276364 0.0148842
3 0.5372740 0.5768287 0.0276363 0.0148842
6 0.6076211 0.6342392 0.0276363 0.0148842
6 0.3262327 0.4620078 0.0276364 0.0148842
10 0.5372740 0.6342392 0.0276363 0.0148842
7 0.4669269 0.4620078 0.0276364 0.0148842
2 0.3262327 0.5768287 0.0276364 0.0148842
30 0.3965798 0.5768287 0.0276363 0.0148842
19 0.2558856 0.4045973 0.0276364 0.0148842
25 0.3965798 0.6342392 0.0276363 0.0148842
10 0.3262327 0.3471868 0.0276364 0.0148842
30 0.6076211 0.5194182 0.0276363 0.0148842
18 0.2558856 0.5194182 0.0276364 0.0148842
7 0.6779681 0.5194182 0.0276364 0.0148842
24 0.2558856 0.4620078 0.0276364 0.0148842
13 0.2558856 0.5768287 0.0276364 0.0148842
17 0.4669269 0.6342392 0.0276364 0.0148842
8 0.4669269 0.5768287 0.0276364 0.0148842
15 0.6076211 0.5768287 0.0276363 0.0148842
17 0.6779681 0.4620078 0.0276364 0.0148842
24 0.6076211 0.4620078 0.0276363 0.0148842
24 0.2558856 0.6342392 0.0276364 0.0148842
18 0.3262327 0.4045973 0.0276364 0.0148842
29 0.5372740 0.4620078 0.0276363 0.0148842
20 0.6779681 0.4045973 0.0276364 0.0148842
10 0.6779681 0.6342392 0.0276364 0.0148842
16 0.5372740 0.4045973 0.0276363 0.0148842
19 0.4669269 0.5194182 0.0276364 0.0148842
14 0.5372740 0.5194182 0.0276363 0.0148842
