22 0.4127649 0.3714482 0.0282737 0.0152043
2 0.6286730 0.4300933 0.0282737 0.0152043
32 0.4802362 0.5169749 0.5204927 0.4170317
33 0.6286730 0.5473835 0.0668287 0.0586451
12 0.6286730 0.5473834 0.0282737 0.0152043
4 0.2688262 0.4887384 0.0282737 0.0152043
5 0.7006424 0.4300933 0.0282737 0.0152043
11 0.3407956 0.5473834 0.0282737 0.0152043
26 0.2688262 0.4300933 0.0282737 0.0152043
14 0.4847343 0.4887384 0.0282737 0.0152043
1 0.7006424 0.6060285 0.0282737 0.0152043
24 0.4127649 0.6060285 0.0282737 0.0152043
2 0.2688262 0.3714482 0.0282737 0.0152043
17 0.4847343 0.4300933 0.0282737 0.0152043
20 0.3407956 0.3714482 0.0282737 0.0152043
3 0.4847343 0.3714482 0.0282737 0.0152043
7 0.5567036 0.4887384 0.0282737 0.0152043
30 0.5567036 0.3714482 0.0282737 0.0152043
8 0.4127649 0.4300933 0.0282737 0.0152043
24 0.3407956 0.6060285 0.0282737 0.0152043
7 0.4847343 0.6060285 0.0282737 0.0152043
6 0.3407956 0.4300933 0.0282737 0.0152043
13 0.7006424 0.3714482 0.0282737 0.0152043
6 0.5567036 0.4300933 0.0282737 0.0152043
17 0.7006424 0.4887384 0.0282737 0.0152043
28 0.3407956 0.4887384 0.0282737 0.0152043
6 0.5567036 0.6060285 0.0282737 0.0152043
11 0.7006424 0.5473834 0.0282737 0.0152043
14 0.4127649 0.5473834 0.0282737 0.0152043
28 0.6286730 0.3714482 0.0282737 0.0152043
17 0.2688262 0.6060285 0.0282737 0.0152043
27 0.4127649 0.4887384 0.0282737 0.0152043
19 0.4847343 0.5473834 0.0282737 0.0152043
13 0.6286730 0.4887384 0.0282737 0.0152043
6 0.2688262 0.5473834 0.0282737 0.0152043
14 0.6286730 0.6060285 0.0282737 0.0152043
18 0.5567036 0.5473834 0.0282737 0.0152043
