7 0.4019881 0.6637843 0.0273206 0.0158169
5 0.4715315 0.4807605 0.0273206 0.0158169
32 0.3976417 0.5101347 0.5029479 0.4338343
33 0.4715315 0.3587446 0.0645760 0.0610080
27 0.4715315 0.3587446 0.0273206 0.0158169
22 0.5410749 0.3587446 0.0273206 0.0158169
25 0.2629013 0.4197525 0.0273206 0.0158169
24 0.4019881 0.4197525 0.0273206 0.0158169
8 0.4715315 0.4197525 0.0273206 0.0158169
4 0.4019881 0.4807605 0.0273206 0.0158169
1 0.3324447 0.5417685 0.0273206 0.0158169
10 0.6106183 0.5417685 0.0273206 0.0158169
1 0.6106183 0.6027764 0.0273206 0.0158169
13 0.2629013 0.4807605 0.0273206 0.0158169
28 0.4019881 0.5417685 0.0273206 0.0158169
28 0.3324447 0.6637843 0.0273206 0.0158169
24 0.6106183 0.4807605 0.0273206 0.0158169
8 0.5410749 0.4197525 0.0273206 0.0158169
4 0.1933579 0.4807605 0.0273206 0.0158169
14 0.2629013 0.6027764 0.0273206 0.0158169
14 0.2629013 0.5417685 0.0273206 0.0158169
7 0.3324447 0.4807605 0.0273206 0.0158169
16 0.6106183 0.4197525 0.0273206 0.0158169
16 0.6106183 0.3587446 0.0273206 0.0158169
22 0.5410749 0.6637843 0.0273206 0.0158169
2 0.2629013 0.3587446 0.0273206 0.0158169
2 0.4019881 0.3587446 0.0273206 0.0158169
11 0.4715315 0.6637843 0.0273206 0.0158169
9 0.2629013 0.6637843 0.0273206 0.0158169
10 0.3324447 0.6027764 0.0273206 0.0158169
18 0.1933579 0.4197525 0.0273206 0.0158169
30 0.1933579 0.6027764 0.0273206 0.0158169
31 0.6106183 0.6637843 0.0273206 0.0158169
30 0.4715315 0.6027764 0.0273206 0.0158169
30 0.4019881 0.6027764 0.0273206 0.0158169
7 0.5410749 0.4807605 0.0273206 0.0158169
3 0.5410749 0.6027764 0.0273206 0.0158169
31 0.5410749 0.5417685 0.0273206 0.0158169
15 0.3324447 0.4197525 0.0273206 0.0158169
3 0.1933579 0.6637843 0.0273206 0.0158169
10 0.1933579 0.3587446 0.0273206 0.0158169
21 0.3324447 0.3587446 0.0273206 0.0158169
30 0.1933579 0.5417685 0.0273206 0.0158169
26 0.4715315 0.5417685 0.0273206 0.0158169
