4 0.4069762 0.7076560 0.0264401 0.0150097
5 0.4742783 0.5339722 0.0264401 0.0150097
32 0.6046761 0.6197420 0.4867385 0.4116947
33 0.6088824 0.4760777 0.0624948 0.0578946
30 0.6088824 0.4760777 0.0264401 0.0150097
19 0.8107887 0.5339722 0.0264400 0.0150097
21 0.7434866 0.4760777 0.0264401 0.0150097
24 0.4742783 0.5918669 0.0264401 0.0150097
12 0.4069762 0.4760777 0.0264401 0.0150097
2 0.4069762 0.5918669 0.0264401 0.0150097
18 0.6088824 0.7076560 0.0264401 0.0150097
11 0.4742783 0.6497614 0.0264401 0.0150097
18 0.4742783 0.4760777 0.0264401 0.0150097
22 0.7434866 0.5339722 0.0264401 0.0150097
1 0.6761845 0.4760777 0.0264401 0.0150097
31 0.5415804 0.5339722 0.0264401 0.0150097
15 0.6761845 0.7076560 0.0264401 0.0150097
29 0.5415804 0.5918669 0.0264401 0.0150097
20 0.4742783 0.7076560 0.0264401 0.0150097
31 0.8107887 0.6497614 0.0264400 0.0150097
8 0.5415804 0.4760777 0.0264401 0.0150097
5 0.6088824 0.6497614 0.0264401 0.0150097
8 0.5415804 0.7076560 0.0264401 0.0150097
15 0.6088824 0.5339722 0.0264401 0.0150097
29 0.8107887 0.5918669 0.0264400 0.0150097
7 0.6088824 0.5918669 0.0264401 0.0150097
1 0.5415804 0.6497614 0.0264401 0.0150097
8 0.6761845 0.5339722 0.0264401 0.0150097
6 0.6761845 0.6497614 0.0264401 0.0150097
5 0.6761845 0.5918669 0.0264401 0.0150097
9 0.7434866 0.6497614 0.0264401 0.0150097
23 0.7434866 0.5918669 0.0264401 0.0150097
22 0.8107887 0.7076560 0.0264400 0.0150097
14 0.8107887 0.4760777 0.0264400 0.0150097
10 0.4069762 0.5339722 0.0264401 0.0150097
20 0.7434866 0.7076560 0.0264401 0.0150097
12 0.4069762 0.6497614 0.0264401 0.0150097
