4 0.3148492 0.3426795 0.0270176 0.0172588
8 0.5899380 0.4669432 0.0270177 0.0172588
32 0.5217798 0.4916809 0.4973702 0.4418264
19 0.5211658 0.3426795 0.0270177 0.0172588
20 0.7274823 0.3426795 0.0270177 0.0172588
33 0.3836214 0.5284998 0.0638599 0.0621318
12 0.3836214 0.5290750 0.0270176 0.0172588
23 0.4523936 0.5290750 0.0270176 0.0172588
28 0.6587102 0.5290750 0.0270176 0.0172588
13 0.3836214 0.5912069 0.0270176 0.0172588
14 0.5899380 0.5912069 0.0270177 0.0172588
12 0.5899380 0.6527635 0.0270177 0.0161083
3 0.4523936 0.5912069 0.0270176 0.0172588
24 0.4523936 0.3426795 0.0270176 0.0172588
31 0.5899380 0.5290750 0.0270177 0.0172588
3 0.5899380 0.3426795 0.0270177 0.0172588
27 0.7274823 0.5290750 0.0270177 0.0172588
12 0.5899380 0.4042361 0.0270177 0.0161083
5 0.3836214 0.4042361 0.0270176 0.0161083
25 0.7274823 0.4042361 0.0270177 0.0161083
21 0.6587102 0.5912069 0.0270176 0.0172588
18 0.5211658 0.4669432 0.0270177 0.0172588
12 0.4523936 0.4669432 0.0270176 0.0172588
14 0.6587102 0.4669432 0.0270176 0.0172588
16 0.7274823 0.4669432 0.0270177 0.0172588
6 0.5211658 0.4042361 0.0270177 0.0161083
10 0.6587102 0.3426795 0.0270176 0.0172588
17 0.5211658 0.5912069 0.0270177 0.0172588
28 0.7274823 0.5912069 0.0270177 0.0172588
11 0.3148492 0.4042361 0.0270176 0.0161083
14 0.6587102 0.4042361 0.0270176 0.0161083
27 0.5211658 0.5290750 0.0270177 0.0172588
12 0.6587102 0.6527635 0.0270176 0.0161083
26 0.3148492 0.4669432 0.0270176 0.0172588
3 0.7274823 0.6527635 0.0270177 0.0161083
4 0.3148492 0.6527635 0.0270176 0.0161083
11 0.5211658 0.6527635 0.0270177 0.0161083
1 0.4523936 0.4042361 0.0270176 0.0161083
25 0.3148492 0.5290750 0.0270176 0.0172588
11 0.3836214 0.3426795 0.0270176 0.0172588
12 0.3836214 0.4669432 0.0270176 0.0172588
1 0.4523936 0.6527635 0.0270176 0.0161083
29 0.3148492 0.5912069 0.0270176 0.0172588
17 0.3836214 0.6527635 0.0270176 0.0161083
