20 0.6861213 0.4267295 0.0264931 0.0162790
28 0.7535583 0.4895198 0.0264931 0.0162790
32 0.5470325 0.4569618 0.4877139 0.4465089
30 0.7535583 0.3011488 0.0264931 0.0162790
4 0.6186843 0.3639391 0.0264931 0.0162790
20 0.4838103 0.4267295 0.0264931 0.0162790
2 0.5512473 0.4895198 0.0264931 0.0162790
15 0.5512473 0.5523101 0.0264931 0.0162790
26 0.7535583 0.5523101 0.0264931 0.0162790
33 0.3489363 0.6151004 0.0626200 0.0627903
11 0.3489363 0.6151004 0.0264931 0.0162790
5 0.6861213 0.6151004 0.0264931 0.0162790
2 0.6186843 0.6151004 0.0264931 0.0162790
11 0.6861213 0.3011488 0.0264931 0.0162790
15 0.4163733 0.5523101 0.0264931 0.0162790
7 0.4838103 0.5523101 0.0264931 0.0162790
27 0.4838103 0.6151004 0.0264931 0.0162790
9 0.4163733 0.3011488 0.0264931 0.0162790
7 0.7535583 0.4267295 0.0264931 0.0162790
30 0.3489363 0.3639391 0.0264931 0.0162790
27 0.4163733 0.6151004 0.0264931 0.0162790
17 0.7535583 0.6151004 0.0264931 0.0162790
25 0.6861213 0.4895198 0.0264931 0.0162790
19 0.3489363 0.4267295 0.0264931 0.0162790
13 0.6186843 0.4895198 0.0264931 0.0162790
12 0.4838103 0.3639391 0.0264931 0.0162790
15 0.5512473 0.3639391 0.0264931 0.0162790
20 0.3489363 0.4895198 0.0264931 0.0162790
7 0.4163733 0.3639391 0.0264931 0.0162790
13 0.6186843 0.3011488 0.0264931 0.0162790
4 0.6861213 0.5523101 0.0264931 0.0162790
19 0.3489363 0.5523101 0.0264931 0.0162790
28 0.7535583 0.3639391 0.0264931 0.0162790
6 0.4163733 0.4267295 0.0264931 0.0162790
8 0.4163733 0.4895198 0.0264931 0.0162790
3 0.3489363 0.3011488 0.0264931 0.0162790
30 0.6186843 0.4267295 0.0264931 0.0162790
2 0.4838103 0.4895198 0.0264931 0.0162790
26 0.5512473 0.4267295 0.0264931 0.0162790
18 0.5512473 0.3011488 0.0264931 0.0162790
29 0.4838103 0.3011488 0.0264931 0.0162790
16 0.6861213 0.3639391 0.0264931 0.0162790
16 0.5512473 0.6151004 0.0264931 0.0162790
31 0.6186843 0.5523101 0.0264931 0.0162790
