31 0.2917360 0.5149479 0.0287752 0.0151608
18 0.3649819 0.6319022 0.0287752 0.0151607
32 0.5068959 0.6015807 0.5297251 0.4158375
33 0.7312116 0.5734251 0.0680141 0.0584772
13 0.7312116 0.5734251 0.0287752 0.0151608
20 0.5847198 0.5149479 0.0287752 0.0151608
15 0.3649819 0.4564708 0.0287752 0.0151608
5 0.2917360 0.6319022 0.0287752 0.0151607
11 0.5114738 0.6319022 0.0287752 0.0151607
25 0.5114738 0.6903794 0.0287752 0.0151607
14 0.5114738 0.4564708 0.0287752 0.0151608
5 0.5847198 0.6903794 0.0287752 0.0151607
9 0.2917360 0.5734251 0.0287752 0.0151608
29 0.5847198 0.6319022 0.0287752 0.0151607
24 0.5114738 0.5734251 0.0287752 0.0151608
14 0.7312116 0.6319022 0.0287752 0.0151607
15 0.6579657 0.6319022 0.0287752 0.0151607
30 0.4382278 0.5734251 0.0287752 0.0151608
3 0.5847198 0.4564708 0.0287752 0.0151608
10 0.4382278 0.5149479 0.0287752 0.0151608
12 0.3649819 0.5149479 0.0287752 0.0151608
30 0.4382278 0.4564708 0.0287752 0.0151608
6 0.5847198 0.5734251 0.0287752 0.0151608
12 0.7312116 0.4564708 0.0287752 0.0151608
16 0.6579657 0.5149479 0.0287752 0.0151608
16 0.6579657 0.6903794 0.0287752 0.0151607
4 0.7312116 0.5149479 0.0287752 0.0151608
17 0.6579657 0.4564708 0.0287752 0.0151608
7 0.2917360 0.4564708 0.0287752 0.0151608
27 0.2917360 0.6903794 0.0287752 0.0151607
9 0.7312116 0.6903794 0.0287752 0.0151607
5 0.4382278 0.6319022 0.0287752 0.0151607
21 0.6579657 0.5734251 0.0287752 0.0151608
13 0.4382278 0.6903794 0.0287752 0.0151607
26 0.3649819 0.5734251 0.0287752 0.0151608
24 0.5114738 0.5149479 0.0287752 0.0151608
4 0.3649819 0.6903794 0.0287752 0.0151607
