31 0.3001545 0.5268975 0.0269431 0.0168638
22 0.3001545 0.2840585 0.0269431 0.0168638
32 0.3693491 0.4296495 0.4959972 0.4317139
33 0.2315721 0.3442061 0.0636836 0.0607098
28 0.2315721 0.3442061 0.0269431 0.0157395
2 0.5059015 0.5268975 0.0269431 0.0168638
19 0.4373191 0.2840585 0.0269431 0.0168638
22 0.4373191 0.3442061 0.0269431 0.0157395
3 0.5059015 0.4054780 0.0269431 0.0168638
13 0.5059015 0.4661878 0.0269431 0.0168638
19 0.3687368 0.5268975 0.0269431 0.0168638
7 0.1629898 0.3442061 0.0269431 0.0157395
3 0.2315721 0.4054780 0.0269431 0.0168638
11 0.3001545 0.3442061 0.0269431 0.0157395
17 0.5744838 0.3442061 0.0269431 0.0157395
11 0.5059015 0.2840585 0.0269431 0.0168638
14 0.4373191 0.5268975 0.0269431 0.0168638
30 0.5744838 0.4661878 0.0269431 0.0168638
11 0.3687368 0.3442061 0.0269431 0.0157395
30 0.3687368 0.4661878 0.0269431 0.0168638
10 0.5744838 0.5268975 0.0269431 0.0168638
26 0.1629898 0.2840585 0.0269431 0.0168638
23 0.3687368 0.2840585 0.0269431 0.0168638
26 0.2315721 0.4661878 0.0269431 0.0168638
4 0.3001545 0.4054780 0.0269431 0.0168638
29 0.3001545 0.4661878 0.0269431 0.0168638
20 0.1629898 0.4054780 0.0269431 0.0168638
22 0.2315721 0.2840585 0.0269431 0.0168638
21 0.4373191 0.4054780 0.0269431 0.0168638
15 0.5059015 0.3442061 0.0269431 0.0157395
8 0.4373191 0.4661878 0.0269431 0.0168638
16 0.1629898 0.5268975 0.0269431 0.0168638
19 0.2315721 0.5268975 0.0269431 0.0168638
29 0.5744838 0.2840585 0.0269431 0.0168638
21 0.5744838 0.4054780 0.0269431 0.0168638
9 0.1629898 0.4661878 0.0269431 0.0168638
25 0.3687368 0.4054780 0.0269431 0.0168638
