26 0.4639771 0.5733849 0.0274542 0.0154810
2 0.3242100 0.5136727 0.0274543 0.0154810
32 0.4596093 0.5424230 0.5054078 0.4246203
33 0.3940935 0.6330971 0.0648919 0.0597123
29 0.3940935 0.6330971 0.0274543 0.0154810
24 0.5338606 0.6330971 0.0274543 0.0154810
5 0.3242100 0.6330971 0.0274543 0.0154810
23 0.2543264 0.3942482 0.0274543 0.0154810
7 0.2543264 0.5136727 0.0274543 0.0154810
20 0.4639771 0.3942482 0.0274542 0.0154810
29 0.3940935 0.3942482 0.0274543 0.0154810
18 0.5338606 0.5733849 0.0274543 0.0154810
4 0.3242100 0.5733849 0.0274543 0.0154810
14 0.6736277 0.3942482 0.0274542 0.0154810
15 0.3242100 0.4539604 0.0274543 0.0154810
21 0.3242100 0.3942482 0.0274543 0.0154810
1 0.5338606 0.4539604 0.0274543 0.0154810
7 0.2543264 0.5733849 0.0274543 0.0154810
17 0.4639771 0.5136727 0.0274542 0.0154810
25 0.3940935 0.4539604 0.0274543 0.0154810
15 0.6736277 0.5733849 0.0274542 0.0154810
14 0.5338606 0.5136727 0.0274543 0.0154810
30 0.6037442 0.5733849 0.0274543 0.0154810
26 0.6037442 0.4539604 0.0274543 0.0154810
19 0.6736277 0.5136727 0.0274542 0.0154810
23 0.2543264 0.6330971 0.0274543 0.0154810
16 0.3940935 0.5136727 0.0274543 0.0154810
23 0.4639771 0.6330971 0.0274542 0.0154810
1 0.3940935 0.5733849 0.0274543 0.0154810
2 0.2543264 0.4539604 0.0274543 0.0154810
27 0.5338606 0.3942482 0.0274543 0.0154810
7 0.6037442 0.6330971 0.0274543 0.0154810
2 0.6037442 0.5136727 0.0274543 0.0154810
6 0.4639771 0.4539604 0.0274542 0.0154810
13 0.6736277 0.4539604 0.0274542 0.0154810
24 0.6037442 0.3942482 0.0274543 0.0154810
25 0.6736277 0.6330971 0.0274542 0.0154810
