29 0.5090548 0.3859353 0.0262488 0.0151425
13 0.6426849 0.3275288 0.0262488 0.0151424
32 0.6385090 0.4140570 0.4832163 0.4153356
33 0.5758698 0.3275288 0.0620426 0.0584065
16 0.5758698 0.3275288 0.0262488 0.0151424
12 0.7095000 0.3859353 0.0262488 0.0151425
2 0.5758698 0.4443419 0.0262488 0.0151425
22 0.7095000 0.5027484 0.0262488 0.0151424
21 0.7763152 0.3859353 0.0262488 0.0151425
1 0.8431302 0.4443419 0.0262488 0.0151425
10 0.4422397 0.4443419 0.0262488 0.0151425
4 0.4422397 0.2691222 0.0262488 0.0151424
16 0.5758698 0.2691222 0.0262488 0.0151424
3 0.6426849 0.2691222 0.0262488 0.0151424
10 0.8431302 0.5027484 0.0262488 0.0151424
13 0.5090548 0.4443419 0.0262488 0.0151425
30 0.8431302 0.2691222 0.0262488 0.0151424
2 0.4422397 0.5027484 0.0262488 0.0151424
16 0.6426849 0.3859353 0.0262488 0.0151425
18 0.5090548 0.2691222 0.0262488 0.0151424
17 0.5758698 0.3859353 0.0262488 0.0151425
7 0.7095000 0.4443419 0.0262488 0.0151425
5 0.4422397 0.3859353 0.0262488 0.0151425
16 0.7095000 0.3275288 0.0262488 0.0151424
30 0.8431302 0.3275288 0.0262488 0.0151424
13 0.6426849 0.5027484 0.0262488 0.0151424
3 0.5758698 0.5027484 0.0262488 0.0151424
4 0.7763152 0.4443419 0.0262488 0.0151425
26 0.4422397 0.3275288 0.0262488 0.0151424
26 0.7763152 0.2691222 0.0262488 0.0151424
23 0.7095000 0.2691222 0.0262488 0.0151424
12 0.6426849 0.4443419 0.0262488 0.0151425
21 0.5090548 0.5027484 0.0262488 0.0151424
5 0.7763152 0.5027484 0.0262488 0.0151424
16 0.5090548 0.3275288 0.0262488 0.0151424
20 0.8431302 0.3859353 0.0262488 0.0151425
4 0.7763152 0.3275288 0.0262488 0.0151424
