1 0.4111683 0.5556840 0.0268449 0.0152949
22 0.2745033 0.6146785 0.0268449 0.0152949
32 0.4068975 0.5250943 0.4941904 0.4195164
33 0.4111683 0.6146785 0.0634516 0.0589945
10 0.4111683 0.6146785 0.0268449 0.0152949
25 0.6161658 0.3787005 0.0268449 0.0152949
3 0.5478333 0.4376950 0.0268449 0.0152949
19 0.6161658 0.4966895 0.0268449 0.0152949
4 0.6161658 0.4376950 0.0268449 0.0152949
4 0.5478333 0.3787005 0.0268449 0.0152949
1 0.2061708 0.5556840 0.0268449 0.0152949
19 0.4111683 0.4376950 0.0268449 0.0152949
10 0.6161658 0.5556840 0.0268449 0.0152949
14 0.2061708 0.3787005 0.0268449 0.0152949
21 0.3428358 0.5556840 0.0268449 0.0152949
1 0.6161658 0.6146785 0.0268449 0.0152949
24 0.2061708 0.4376950 0.0268449 0.0152949
30 0.5478333 0.5556840 0.0268449 0.0152949
7 0.2745033 0.4966895 0.0268449 0.0152949
26 0.4795008 0.5556840 0.0268449 0.0152949
16 0.2745033 0.5556840 0.0268449 0.0152949
25 0.4111683 0.4966895 0.0268449 0.0152949
27 0.2745033 0.3787005 0.0268449 0.0152949
28 0.3428358 0.3787005 0.0268449 0.0152949
16 0.4795008 0.3787005 0.0268449 0.0152949
2 0.4111683 0.3787005 0.0268449 0.0152949
9 0.3428358 0.4376950 0.0268449 0.0152949
25 0.4795008 0.4376950 0.0268449 0.0152949
14 0.3428358 0.6146785 0.0268449 0.0152949
8 0.2745033 0.4376950 0.0268449 0.0152949
6 0.2061708 0.4966895 0.0268449 0.0152949
20 0.3428358 0.4966895 0.0268449 0.0152949
2 0.5478333 0.4966895 0.0268449 0.0152949
16 0.5478333 0.6146785 0.0268449 0.0152949
7 0.4795008 0.4966895 0.0268449 0.0152949
11 0.4795008 0.6146785 0.0268449 0.0152949
5 0.2061708 0.6146785 0.0268449 0.0152949
