31 0.4122600 0.4622656 0.0264156 0.0158801
30 0.6139789 0.5847687 0.0264156 0.0158801
32 0.4080575 0.6142601 0.4862865 0.4355664
16 0.2105411 0.4622656 0.0264156 0.0158801
33 0.3450204 0.4622656 0.0624368 0.0612516
30 0.3450204 0.4622656 0.0264156 0.0158801
2 0.4122600 0.5235172 0.0264156 0.0158800
23 0.2777808 0.6460202 0.0264156 0.0158800
22 0.3450204 0.7072717 0.0264156 0.0158800
18 0.4794996 0.7072717 0.0264156 0.0158800
7 0.2105411 0.7685232 0.0264156 0.0158800
8 0.6139789 0.7685232 0.0264156 0.0158800
16 0.2105411 0.6460202 0.0264156 0.0158800
4 0.5467392 0.4622656 0.0264156 0.0158801
6 0.2777808 0.5235172 0.0264156 0.0158800
31 0.3450204 0.6460202 0.0264156 0.0158800
19 0.6139789 0.4622656 0.0264156 0.0158801
31 0.4794996 0.5847687 0.0264156 0.0158801
20 0.2105411 0.5235172 0.0264156 0.0158800
26 0.5467392 0.7072717 0.0264156 0.0158800
24 0.4122600 0.6460202 0.0264156 0.0158800
16 0.3450204 0.7685232 0.0264156 0.0158800
29 0.5467392 0.5847687 0.0264156 0.0158801
19 0.2105411 0.7072717 0.0264156 0.0158800
4 0.3450204 0.5235172 0.0264156 0.0158800
17 0.5467392 0.6460202 0.0264156 0.0158800
28 0.4794996 0.7685232 0.0264156 0.0158800
23 0.3450204 0.5847687 0.0264156 0.0158801
16 0.2777808 0.5847687 0.0264156 0.0158801
21 0.6139789 0.7072717 0.0264156 0.0158800
3 0.4122600 0.7685232 0.0264156 0.0158800
19 0.4794996 0.6460202 0.0264156 0.0158800
6 0.2777808 0.7685232 0.0264156 0.0158800
24 0.4122600 0.7072717 0.0264156 0.0158800
26 0.5467392 0.5235172 0.0264156 0.0158800
28 0.2105411 0.5847687 0.0264156 0.0158801
25 0.2777808 0.4622656 0.0264156 0.0158801
20 0.2777808 0.7072717 0.0264156 0.0158800
7 0.5467392 0.7685232 0.0264156 0.0158800
5 0.4122600 0.5847687 0.0264156 0.0158801
31 0.6139789 0.6460202 0.0264156 0.0158800
19 0.4794996 0.4622656 0.0264156 0.0158801
14 0.4794996 0.5235172 0.0264156 0.0158800
2 0.6139789 0.5235172 0.0264156 0.0158800
