13 0.4826239 0.4982094 0.0261953 0.0155917
6 0.4159449 0.5583489 0.0261953 0.0155917
32 0.2784194 0.4670260 0.4822323 0.4276583
31 0.0825498 0.3177911 0.0261953 0.0155917
7 0.3492659 0.3177911 0.0261953 0.0155917
33 0.2159078 0.3779306 0.0619162 0.0601395
26 0.2159078 0.3779305 0.0261953 0.0155917
8 0.2159078 0.4380700 0.0261953 0.0155917
4 0.2825868 0.4982094 0.0261953 0.0155917
6 0.2825868 0.5583489 0.0261953 0.0155917
15 0.4826239 0.5583489 0.0261953 0.0155917
21 0.4159449 0.6184884 0.0261953 0.0155917
29 0.2825868 0.3779305 0.0261953 0.0155917
1 0.2159078 0.6184884 0.0261953 0.0155917
6 0.2825868 0.3177911 0.0261953 0.0155917
19 0.0825498 0.5583489 0.0261953 0.0155917
30 0.4159449 0.3779305 0.0261953 0.0155917
23 0.3492659 0.6184884 0.0261953 0.0155917
18 0.0825498 0.4982094 0.0261953 0.0155917
25 0.4159449 0.4380700 0.0261953 0.0155917
20 0.2159078 0.4982094 0.0261953 0.0155917
20 0.1492288 0.4982094 0.0261953 0.0155917
19 0.1492288 0.6184884 0.0261953 0.0155917
18 0.4826239 0.6184884 0.0261953 0.0155917
18 0.4159449 0.3177911 0.0261953 0.0155917
5 0.1492288 0.3177911 0.0261953 0.0155917
30 0.3492659 0.5583489 0.0261953 0.0155917
1 0.1492288 0.4380700 0.0261953 0.0155917
26 0.1492288 0.5583489 0.0261953 0.0155917
29 0.3492659 0.4982094 0.0261953 0.0155917
13 0.0825498 0.4380700 0.0261953 0.0155917
1 0.4159449 0.4982094 0.0261953 0.0155917
13 0.3492659 0.4380700 0.0261953 0.0155917
15 0.3492659 0.3779305 0.0261953 0.0155917
29 0.0825498 0.3779305 0.0261953 0.0155917
19 0.4826239 0.3779305 0.0261953 0.0155917
26 0.4826239 0.3177911 0.0261953 0.0155917
30 0.1492288 0.3779305 0.0261953 0.0155917
23 0.4826239 0.4380700 0.0261953 0.0155917
14 0.2159078 0.3177911 0.0261953 0.0155917
16 0.2159078 0.5583489 0.0261953 0.0155917
21 0.2825868 0.4380700 0.0261953 0.0155917
23 0.2825868 0.6184884 0.0261953 0.0155917
4 0.0825498 0.6184884 0.0261953 0.0155917
