17 0.7145726 0.4547826 0.0275774 0.0149438
15 0.4337849 0.5124230 0.0275774 0.0149438
32 0.4995945 0.5978162 0.5076742 0.4098872
33 0.4337849 0.6277038 0.0651829 0.0576404
18 0.4337849 0.6277038 0.0275774 0.0149437
5 0.5039818 0.4547826 0.0275774 0.0149438
13 0.7145726 0.6853442 0.0275774 0.0149437
28 0.6443756 0.4547826 0.0275774 0.0149438
24 0.5741787 0.5700634 0.0275774 0.0149437
30 0.5741787 0.6277038 0.0275774 0.0149437
31 0.3635880 0.6853442 0.0275774 0.0149437
30 0.5039818 0.5124230 0.0275774 0.0149438
18 0.6443756 0.5124230 0.0275774 0.0149438
24 0.2933910 0.5124230 0.0275774 0.0149438
28 0.2933910 0.6277038 0.0275774 0.0149437
25 0.3635880 0.5124230 0.0275774 0.0149438
7 0.3635880 0.5700634 0.0275774 0.0149437
24 0.5741787 0.5124230 0.0275774 0.0149438
4 0.5039818 0.6853442 0.0275774 0.0149437
23 0.5741787 0.4547826 0.0275774 0.0149438
4 0.2933910 0.4547826 0.0275774 0.0149438
28 0.7145726 0.5700634 0.0275774 0.0149437
23 0.6443756 0.6277038 0.0275774 0.0149437
3 0.2933910 0.6853442 0.0275774 0.0149437
24 0.4337849 0.4547826 0.0275774 0.0149438
27 0.4337849 0.5700634 0.0275774 0.0149437
3 0.5039818 0.6277038 0.0275774 0.0149437
25 0.3635880 0.4547826 0.0275774 0.0149438
18 0.3635880 0.6277038 0.0275774 0.0149437
26 0.6443756 0.5700634 0.0275774 0.0149437
14 0.7145726 0.5124230 0.0275774 0.0149438
19 0.6443756 0.6853442 0.0275774 0.0149437
1 0.2933910 0.5700634 0.0275774 0.0149437
21 0.5741787 0.6853442 0.0275774 0.0149437
6 0.4337849 0.6853442 0.0275774 0.0149437
25 0.7145726 0.6277038 0.0275774 0.0149437
5 0.5039818 0.5700634 0.0275774 0.0149437
