30 0.2738966 0.4809745 0.0287530 0.0150512
15 0.4202754 0.5970839 0.0287530 0.0150512
32 0.3425117 0.5669814 0.5293161 0.4128336
25 0.4934648 0.4229197 0.0287530 0.0150512
31 0.5666541 0.4229197 0.0287529 0.0150512
7 0.2007072 0.4809745 0.0287530 0.0150512
20 0.4202754 0.4809745 0.0287530 0.0150512
23 0.4934648 0.4809745 0.0287530 0.0150512
17 0.5666541 0.5390292 0.0287529 0.0150512
8 0.2007072 0.5970839 0.0287530 0.0150512
33 0.3470860 0.7131934 0.0679616 0.0580547
7 0.3470860 0.7131934 0.0287530 0.0150513
7 0.2007072 0.4229197 0.0287530 0.0150512
7 0.2007072 0.5390292 0.0287530 0.0150512
28 0.1275179 0.6551386 0.0287530 0.0150513
9 0.4202754 0.5390292 0.0287530 0.0150512
14 0.4202754 0.4229197 0.0287530 0.0150512
1 0.2738966 0.5390292 0.0287530 0.0150512
11 0.1275179 0.5390292 0.0287530 0.0150512
16 0.5666541 0.4809745 0.0287529 0.0150512
26 0.2007072 0.7131934 0.0287530 0.0150513
25 0.5666541 0.5970839 0.0287529 0.0150512
25 0.1275179 0.4229197 0.0287530 0.0150512
15 0.2738966 0.4229197 0.0287530 0.0150512
21 0.4202754 0.7131934 0.0287530 0.0150513
18 0.1275179 0.5970839 0.0287530 0.0150512
17 0.4934648 0.7131934 0.0287530 0.0150513
31 0.5666541 0.7131934 0.0287529 0.0150513
29 0.3470860 0.5390292 0.0287530 0.0150512
11 0.4934648 0.5970839 0.0287530 0.0150512
4 0.4934648 0.6551386 0.0287530 0.0150513
22 0.1275179 0.4809745 0.0287530 0.0150512
30 0.3470860 0.4809745 0.0287530 0.0150512
16 0.2738966 0.7131934 0.0287530 0.0150513
2 0.5666541 0.6551386 0.0287529 0.0150513
18 0.4934648 0.5390292 0.0287530 0.0150512
22 0.2738966 0.5970839 0.0287530 0.0150512
6 0.4202754 0.6551386 0.0287530 0.0150513
20 0.2007072 0.6551386 0.0287530 0.0150513
20 0.3470860 0.6551386 0.0287530 0.0150513
24 0.3470860 0.4229197 0.0287530 0.0150512
26 0.1275179 0.7131934 0.0287530 0.0150513
21 0.2738966 0.6551386 0.0287530 0.0150513
19 0.3470860 0.5970839 0.0287530 0.0150512
