22 0.8096952 0.4443471 0.0261729 0.0161508
31 0.6098291 0.7345226 0.0261729 0.0150741
32 0.6104240 0.5837821 0.4818200 0.4134597
33 0.6098291 0.4438087 0.0618633 0.0581428
31 0.6098291 0.4443471 0.0261729 0.0161508
29 0.4765851 0.5019515 0.0261729 0.0150741
1 0.5432071 0.5019515 0.0261729 0.0150741
5 0.8096952 0.5019515 0.0261729 0.0150741
25 0.4099631 0.6769182 0.0261729 0.0161507
15 0.6098291 0.6769182 0.0261729 0.0161507
30 0.8096952 0.6769182 0.0261729 0.0161507
2 0.4099631 0.7345226 0.0261729 0.0150741
11 0.6764511 0.6187754 0.0261729 0.0161507
2 0.6764511 0.5606326 0.0261729 0.0161508
3 0.5432071 0.5606326 0.0261729 0.0161508
29 0.7430732 0.7345226 0.0261729 0.0150741
11 0.7430732 0.5606326 0.0261729 0.0161508
28 0.7430732 0.5019515 0.0261729 0.0150741
23 0.7430732 0.4443471 0.0261729 0.0161508
9 0.8096952 0.7345226 0.0261729 0.0150741
20 0.4099631 0.5019515 0.0261729 0.0150741
12 0.5432071 0.7345226 0.0261729 0.0150741
23 0.7430732 0.6187754 0.0261729 0.0161507
28 0.6764511 0.7345226 0.0261729 0.0150741
26 0.7430732 0.6769182 0.0261729 0.0161507
17 0.6764511 0.6769182 0.0261729 0.0161507
18 0.6098291 0.5019515 0.0261729 0.0150741
13 0.4099631 0.4443471 0.0261729 0.0161508
24 0.4765851 0.4443471 0.0261729 0.0161508
24 0.5432071 0.6769182 0.0261729 0.0161507
4 0.8096952 0.6187754 0.0261729 0.0161507
25 0.5432071 0.4443471 0.0261729 0.0161508
2 0.6764511 0.4443471 0.0261729 0.0161508
9 0.4765851 0.6187754 0.0261729 0.0161507
3 0.4765851 0.5606326 0.0261729 0.0161508
22 0.6098291 0.5606326 0.0261729 0.0161508
2 0.4099631 0.5606326 0.0261729 0.0161508
5 0.6764511 0.5019515 0.0261729 0.0150741
2 0.4099631 0.6187754 0.0261729 0.0161507
15 0.6098291 0.6187754 0.0261729 0.0161507
19 0.5432071 0.6187754 0.0261729 0.0161507
29 0.8096952 0.5606326 0.0261729 0.0161508
18 0.4765851 0.6769182 0.0261729 0.0161507
9 0.4765851 0.7345226 0.0261729 0.0150741
