10 0.6569322 0.4412011 0.0275885 0.0150459
20 0.3058045 0.5572697 0.0275886 0.0150460
32 0.5120921 0.5271778 0.5078812 0.4126882
33 0.3760300 0.3831668 0.0652095 0.0580343
29 0.3760300 0.3831668 0.0275886 0.0150459
25 0.3058045 0.4412011 0.0275886 0.0150459
13 0.3760300 0.4992354 0.0275886 0.0150459
1 0.4462556 0.4992354 0.0275886 0.0150459
6 0.3760300 0.5572697 0.0275886 0.0150460
23 0.6569322 0.5572697 0.0275885 0.0150460
10 0.6569322 0.6153040 0.0275885 0.0150459
24 0.5867067 0.6733382 0.0275886 0.0150459
27 0.7271577 0.3831668 0.0275886 0.0150459
30 0.5867067 0.3831668 0.0275886 0.0150459
30 0.4462556 0.5572697 0.0275886 0.0150460
27 0.5867067 0.4412011 0.0275886 0.0150459
24 0.3058045 0.3831668 0.0275886 0.0150459
17 0.5867067 0.6153040 0.0275886 0.0150459
22 0.5164811 0.4412011 0.0275886 0.0150459
6 0.3760300 0.4412011 0.0275886 0.0150459
31 0.5867067 0.5572697 0.0275886 0.0150460
20 0.7271577 0.6153040 0.0275886 0.0150459
30 0.5164811 0.6153040 0.0275886 0.0150459
19 0.7271577 0.6733382 0.0275886 0.0150459
22 0.3058045 0.6733382 0.0275886 0.0150459
26 0.3058045 0.4992354 0.0275886 0.0150459
20 0.4462556 0.6153040 0.0275886 0.0150459
20 0.5164811 0.5572697 0.0275886 0.0150460
4 0.4462556 0.3831668 0.0275886 0.0150459
17 0.4462556 0.6733382 0.0275886 0.0150459
13 0.5164811 0.3831668 0.0275886 0.0150459
8 0.3760300 0.6733382 0.0275886 0.0150459
14 0.4462556 0.4412011 0.0275886 0.0150459
14 0.5164811 0.4992354 0.0275886 0.0150459
25 0.7271577 0.4992354 0.0275886 0.0150459
19 0.6569322 0.3831668 0.0275885 0.0150459
15 0.3760300 0.6153040 0.0275886 0.0150459
13 0.6569322 0.6733382 0.0275885 0.0150459
28 0.6569322 0.4992354 0.0275885 0.0150459
27 0.7271577 0.4412011 0.0275886 0.0150459
28 0.3058045 0.6153040 0.0275886 0.0150459
13 0.5867067 0.4992354 0.0275886 0.0150459
7 0.5164811 0.6733382 0.0275886 0.0150459
11 0.7271577 0.5572697 0.0275886 0.0150460
