3 0.8465999 0.6416688 0.0262308 0.0159557
28 0.6462920 0.7647550 0.0262308 0.0159557
32 0.6421190 0.6097576 0.4828849 0.4376398
26 0.7130614 0.4570396 0.0262309 0.0159556
27 0.4459842 0.5185826 0.0262308 0.0159556
2 0.6462920 0.5185826 0.0262308 0.0159556
15 0.7798306 0.5185826 0.0262308 0.0159556
10 0.5127535 0.5801257 0.0262308 0.0159557
5 0.5795228 0.5801257 0.0262308 0.0159557
11 0.7130614 0.5801257 0.0262309 0.0159557
33 0.4459842 0.7032119 0.0620000 0.0615431
31 0.4459842 0.7032119 0.0262308 0.0159557
1 0.8465999 0.5185826 0.0262308 0.0159556
31 0.5127535 0.6416688 0.0262308 0.0159557
2 0.7130614 0.5185826 0.0262309 0.0159556
16 0.7130614 0.7647550 0.0262309 0.0159557
22 0.5127535 0.7032119 0.0262308 0.0159557
4 0.5795228 0.6416688 0.0262308 0.0159557
3 0.8465999 0.5801257 0.0262308 0.0159557
19 0.4459842 0.6416688 0.0262308 0.0159557
31 0.5127535 0.4570396 0.0262308 0.0159556
25 0.7798306 0.6416688 0.0262308 0.0159557
8 0.5795228 0.7647550 0.0262308 0.0159557
27 0.4459842 0.7647550 0.0262308 0.0159557
19 0.8465999 0.7032119 0.0262308 0.0159557
16 0.6462920 0.7032119 0.0262308 0.0159557
9 0.8465999 0.4570396 0.0262308 0.0159556
12 0.7798306 0.5801257 0.0262308 0.0159557
20 0.4459842 0.5801257 0.0262308 0.0159557
19 0.6462920 0.5801257 0.0262308 0.0159557
9 0.5795228 0.7032119 0.0262308 0.0159557
24 0.5127535 0.5185826 0.0262308 0.0159556
1 0.7798306 0.7032119 0.0262308 0.0159557
21 0.7798306 0.4570396 0.0262308 0.0159556
5 0.8465999 0.7647550 0.0262308 0.0159557
16 0.6462920 0.4570396 0.0262308 0.0159556
16 0.4459842 0.4570396 0.0262308 0.0159556
2 0.5127535 0.7647550 0.0262308 0.0159557
31 0.6462920 0.6416688 0.0262308 0.0159557
1 0.7798306 0.7647550 0.0262308 0.0159557
22 0.7130614 0.6416688 0.0262309 0.0159557
22 0.7130614 0.7032119 0.0262309 0.0159557
11 0.5795228 0.5185826 0.0262308 0.0159556
15 0.5795228 0.4570396 0.0262308 0.0159556
