25 0.4843821 0.4719676 0.0287595 0.0161465
19 0.2647639 0.5342469 0.0287595 0.0161464
32 0.4798067 0.4396746 0.5294366 0.4428749
33 0.4111760 0.2851297 0.0679771 0.0622793
25 0.4111760 0.2851297 0.0287595 0.0161465
4 0.5575882 0.3474090 0.0287595 0.0161465
22 0.3379700 0.4096883 0.0287595 0.0161464
15 0.7040002 0.4096883 0.0287595 0.0161464
16 0.4111760 0.5342469 0.0287595 0.0161464
30 0.6307942 0.5342469 0.0287595 0.0161464
20 0.7040002 0.5342469 0.0287595 0.0161464
1 0.2647639 0.5965262 0.0287595 0.0161464
26 0.2647639 0.4719676 0.0287595 0.0161465
13 0.3379700 0.4719676 0.0287595 0.0161465
8 0.3379700 0.5965262 0.0287595 0.0161464
5 0.4111760 0.4719676 0.0287595 0.0161465
3 0.5575882 0.2851297 0.0287595 0.0161465
27 0.5575882 0.5342469 0.0287595 0.0161464
31 0.4843821 0.5965262 0.0287595 0.0161464
16 0.6307942 0.4096883 0.0287595 0.0161464
15 0.3379700 0.3474090 0.0287595 0.0161465
10 0.4843821 0.5342469 0.0287595 0.0161464
31 0.7040002 0.4719676 0.0287595 0.0161465
19 0.5575882 0.4096883 0.0287595 0.0161464
25 0.6307942 0.2851297 0.0287595 0.0161465
3 0.3379700 0.2851297 0.0287595 0.0161465
7 0.6307942 0.5965262 0.0287595 0.0161464
21 0.4111760 0.4096883 0.0287595 0.0161464
13 0.7040002 0.3474090 0.0287595 0.0161465
30 0.7040002 0.2851297 0.0287595 0.0161465
30 0.4843821 0.4096883 0.0287595 0.0161464
24 0.6307942 0.4719676 0.0287595 0.0161465
1 0.4843821 0.3474090 0.0287595 0.0161465
16 0.3379700 0.5342469 0.0287595 0.0161464
13 0.7040002 0.5965262 0.0287595 0.0161464
28 0.2647639 0.4096883 0.0287595 0.0161464
5 0.2647639 0.2851297 0.0287595 0.0161465
15 0.5575882 0.5965262 0.0287595 0.0161464
31 0.5575882 0.4719676 0.0287595 0.0161465
4 0.4843821 0.2851297 0.0287595 0.0161465
29 0.4111760 0.5965262 0.0287595 0.0161464
10 0.2647639 0.3474090 0.0287595 0.0161465
16 0.6307942 0.3474090 0.0287595 0.0161465
18 0.4111760 0.3474090 0.0287595 0.0161465
