29 0.2878086 0.5359839 0.0284760 0.0149763
14 0.6502304 0.6515151 0.0284760 0.0149763
32 0.4282470 0.5637969 0.5242173 0.4107775
29 0.4327773 0.5359839 0.0284760 0.0149763
20 0.5777460 0.5359839 0.0284760 0.0149763
17 0.3602929 0.5937494 0.0284760 0.0149763
6 0.3602929 0.6515151 0.0284760 0.0149763
3 0.5777460 0.6515151 0.0284760 0.0149763
12 0.2153242 0.7092807 0.0284760 0.0149763
33 0.3602929 0.7092806 0.0673069 0.0577656
9 0.3602929 0.7092807 0.0284760 0.0149763
13 0.6502304 0.7092807 0.0284760 0.0149763
13 0.4327773 0.5937494 0.0284760 0.0149763
3 0.4327773 0.4782183 0.0284760 0.0149763
6 0.5777460 0.4782183 0.0284760 0.0149763
1 0.3602929 0.5359839 0.0284760 0.0149763
22 0.6502304 0.4204527 0.0284760 0.0149763
1 0.4327773 0.7092807 0.0284760 0.0149763
7 0.5777460 0.7092807 0.0284760 0.0149763
22 0.5052616 0.7092807 0.0284760 0.0149763
22 0.2878086 0.4204527 0.0284760 0.0149763
28 0.2878086 0.7092807 0.0284760 0.0149763
11 0.3602929 0.4782183 0.0284760 0.0149763
8 0.5777460 0.5937494 0.0284760 0.0149763
16 0.2878086 0.4782183 0.0284760 0.0149763
15 0.6502304 0.5359839 0.0284760 0.0149763
22 0.4327773 0.6515151 0.0284760 0.0149763
12 0.6502304 0.5937494 0.0284760 0.0149763
24 0.4327773 0.4204527 0.0284760 0.0149763
7 0.5052616 0.6515151 0.0284760 0.0149763
13 0.2153242 0.4204527 0.0284760 0.0149763
11 0.5052616 0.5937494 0.0284760 0.0149763
14 0.5052616 0.5359839 0.0284760 0.0149763
1 0.2878086 0.5937494 0.0284760 0.0149763
4 0.2153242 0.5359839 0.0284760 0.0149763
30 0.5052616 0.4204527 0.0284760 0.0149763
6 0.5777460 0.4204527 0.0284760 0.0149763
20 0.6502304 0.4782183 0.0284760 0.0149763
15 0.2153242 0.5937494 0.0284760 0.0149763
30 0.5052616 0.4782183 0.0284760 0.0149763
9 0.2153242 0.4782183 0.0284760 0.0149763
11 0.2153242 0.6515151 0.0284760 0.0149763
27 0.3602929 0.4204527 0.0284760 0.0149763
8 0.2878086 0.6515151 0.0284760 0.0149763
