2 0.2373390 0.5748061 0.0270074 0.0148295
14 0.4435770 0.6320055 0.0270074 0.0148294
32 0.4392804 0.6023466 0.4971809 0.4067511
33 0.5123230 0.6892048 0.0638356 0.0571993
5 0.5123230 0.6892048 0.0270074 0.0148295
5 0.5123230 0.4604074 0.0270074 0.0148295
28 0.3748310 0.4604074 0.0270073 0.0148295
25 0.4435770 0.5748061 0.0270074 0.0148295
21 0.2373390 0.6892048 0.0270074 0.0148295
27 0.5123230 0.6320055 0.0270074 0.0148294
5 0.6498151 0.6320055 0.0270073 0.0148294
17 0.5810690 0.6320055 0.0270074 0.0148294
21 0.3060850 0.6892048 0.0270074 0.0148295
30 0.3748310 0.6892048 0.0270073 0.0148295
30 0.5810690 0.4604074 0.0270074 0.0148295
28 0.3748310 0.5748061 0.0270073 0.0148295
16 0.2373390 0.6320055 0.0270074 0.0148294
1 0.3060850 0.4604074 0.0270074 0.0148295
18 0.5123230 0.5176067 0.0270074 0.0148295
15 0.5123230 0.5748061 0.0270074 0.0148295
20 0.2373390 0.4604074 0.0270074 0.0148295
30 0.6498151 0.5748061 0.0270073 0.0148295
30 0.6498151 0.5176067 0.0270073 0.0148295
3 0.3060850 0.5748061 0.0270074 0.0148295
24 0.5810690 0.6892048 0.0270074 0.0148295
25 0.3748310 0.5176067 0.0270073 0.0148295
14 0.4435770 0.5176067 0.0270074 0.0148295
16 0.4435770 0.4604074 0.0270074 0.0148295
2 0.3060850 0.6320055 0.0270074 0.0148294
24 0.3060850 0.5176067 0.0270074 0.0148295
16 0.6498151 0.6892048 0.0270073 0.0148295
27 0.6498151 0.4604074 0.0270073 0.0148295
3 0.5810690 0.5176067 0.0270074 0.0148295
2 0.5810690 0.5748061 0.0270074 0.0148295
27 0.2373390 0.5176067 0.0270074 0.0148295
14 0.3748310 0.6320055 0.0270073 0.0148294
7 0.4435770 0.6892048 0.0270074 0.0148295
