27 0.5585247 0.5076425 0.0284010 0.0148490
3 0.7031114 0.3930929 0.0284010 0.0148490
32 0.4817130 0.4206696 0.5228358 0.4072876
33 0.5585247 0.2785432 0.0671296 0.0572748
11 0.5585247 0.2785432 0.0284010 0.0148490
19 0.4862313 0.3358180 0.0284010 0.0148490
22 0.3416446 0.2785432 0.0284010 0.0148490
5 0.4139380 0.3358180 0.0284010 0.0148490
5 0.5585247 0.3358180 0.0284010 0.0148490
18 0.6308180 0.3930929 0.0284010 0.0148490
20 0.7031114 0.3358180 0.0284010 0.0148490
19 0.2693513 0.3930929 0.0284010 0.0148490
1 0.4862313 0.3930929 0.0284010 0.0148490
24 0.6308180 0.2785432 0.0284010 0.0148490
28 0.5585247 0.3930929 0.0284010 0.0148490
21 0.6308180 0.4503677 0.0284010 0.0148490
9 0.3416446 0.3358180 0.0284010 0.0148490
8 0.7031114 0.4503677 0.0284010 0.0148490
25 0.7031114 0.5076425 0.0284010 0.0148490
21 0.3416446 0.5076425 0.0284010 0.0148490
4 0.4139380 0.4503677 0.0284010 0.0148490
1 0.6308180 0.3358180 0.0284010 0.0148490
2 0.4139380 0.3930929 0.0284010 0.0148490
13 0.4862313 0.5076425 0.0284010 0.0148490
8 0.5585247 0.4503677 0.0284010 0.0148490
4 0.7031114 0.2785432 0.0284010 0.0148490
5 0.2693513 0.3358180 0.0284010 0.0148490
13 0.3416446 0.4503677 0.0284010 0.0148490
1 0.3416446 0.3930929 0.0284010 0.0148490
18 0.4862313 0.2785432 0.0284010 0.0148490
4 0.4862313 0.4503677 0.0284010 0.0148490
26 0.2693513 0.4503677 0.0284010 0.0148490
16 0.4139380 0.2785432 0.0284010 0.0148490
20 0.4139380 0.5076425 0.0284010 0.0148490
17 0.2693513 0.2785432 0.0284010 0.0148490
21 0.6308180 0.5076425 0.0284010 0.0148490
30 0.2693513 0.5076425 0.0284010 0.0148490
