27 0.2681992 0.3080119 0.0284266 0.0158601
22 0.0511236 0.3651084 0.0284266 0.0158601
32 0.2688453 0.3307448 0.5233073 0.4060195
33 0.1958407 0.3074832 0.0671901 0.0570965
5 0.1958407 0.3080119 0.0284266 0.0158601
23 0.3405577 0.3651084 0.0284266 0.0158601
17 0.1234821 0.2503868 0.0284266 0.0148028
19 0.1958407 0.4222049 0.0284266 0.0158601
11 0.1958407 0.3651084 0.0284266 0.0158601
21 0.1234821 0.3651084 0.0284266 0.0158601
15 0.2681992 0.4222049 0.0284266 0.0158601
11 0.3405577 0.3080119 0.0284266 0.0158601
11 0.4852748 0.3080119 0.0284266 0.0158601
28 0.4129163 0.3651084 0.0284266 0.0158601
30 0.2681992 0.1938190 0.0284266 0.0158602
30 0.1958407 0.1938190 0.0284266 0.0158602
30 0.4129163 0.4222049 0.0284266 0.0158601
2 0.0511236 0.3080119 0.0284266 0.0158601
27 0.4852748 0.3651084 0.0284266 0.0158601
7 0.4129163 0.3080119 0.0284266 0.0158601
23 0.0511236 0.4222049 0.0284266 0.0158601
13 0.0511236 0.2503868 0.0284266 0.0148028
21 0.1234821 0.1938190 0.0284266 0.0158602
25 0.4129163 0.2503868 0.0284266 0.0148028
27 0.1234821 0.4222049 0.0284266 0.0158601
30 0.0511236 0.1938190 0.0284266 0.0158602
31 0.2681992 0.2503868 0.0284266 0.0148028
25 0.3405577 0.2503868 0.0284266 0.0148028
7 0.4129163 0.1938190 0.0284266 0.0158602
6 0.4852748 0.1938190 0.0284266 0.0158602
31 0.1234821 0.3080119 0.0284266 0.0158601
5 0.3405577 0.4222049 0.0284266 0.0158601
19 0.1958407 0.2503868 0.0284266 0.0148028
27 0.3405577 0.1938190 0.0284266 0.0158602
31 0.4852748 0.4222049 0.0284266 0.0158601
9 0.4852748 0.2503868 0.0284266 0.0148028
5 0.2681992 0.3651084 0.0284266 0.0158601
