22 0.6097710 0.5598651 0.0275592 0.0154877
9 0.5396205 0.5598651 0.0275592 0.0154877
32 0.5352361 0.5288896 0.5073386 0.4248065
9 0.5396205 0.3806499 0.0275592 0.0154877
31 0.6799216 0.4403883 0.0275592 0.0154877
17 0.3993195 0.5001267 0.0275592 0.0154877
27 0.7500721 0.5001267 0.0275591 0.0154877
5 0.3291689 0.6196035 0.0275591 0.0154877
33 0.3993195 0.6196035 0.0651398 0.0597384
22 0.3993195 0.6196035 0.0275592 0.0154877
15 0.4694700 0.6196035 0.0275592 0.0154877
22 0.6097710 0.6196035 0.0275592 0.0154877
17 0.3291689 0.6793419 0.0275591 0.0154877
8 0.4694700 0.5598651 0.0275592 0.0154877
20 0.7500721 0.5598651 0.0275591 0.0154877
5 0.7500721 0.3806499 0.0275591 0.0154877
23 0.5396205 0.6793419 0.0275592 0.0154877
31 0.4694700 0.5001267 0.0275592 0.0154877
12 0.5396205 0.5001267 0.0275592 0.0154877
5 0.3291689 0.4403883 0.0275591 0.0154877
20 0.5396205 0.4403883 0.0275592 0.0154877
28 0.7500721 0.6793419 0.0275591 0.0154877
20 0.3993195 0.5598651 0.0275592 0.0154877
25 0.6097710 0.4403883 0.0275592 0.0154877
22 0.6799216 0.3806499 0.0275592 0.0154877
31 0.6097710 0.6793419 0.0275592 0.0154877
21 0.3993195 0.4403883 0.0275592 0.0154877
3 0.6799216 0.5001267 0.0275592 0.0154877
27 0.4694700 0.6793419 0.0275592 0.0154877
26 0.7500721 0.6196035 0.0275591 0.0154877
25 0.3291689 0.5598651 0.0275591 0.0154877
6 0.3291689 0.3806499 0.0275591 0.0154877
17 0.6799216 0.6196035 0.0275592 0.0154877
8 0.6799216 0.5598651 0.0275592 0.0154877
22 0.6097710 0.5001267 0.0275592 0.0154877
6 0.4694700 0.3806499 0.0275592 0.0154877
29 0.6799216 0.6793419 0.0275592 0.0154877
2 0.3291689 0.5001267 0.0275591 0.0154877
13 0.6097710 0.3806499 0.0275592 0.0154877
5 0.3993195 0.3806499 0.0275592 0.0154877
28 0.4694700 0.4403883 0.0275592 0.0154877
25 0.5396205 0.6196035 0.0275592 0.0154877
22 0.7500721 0.4403883 0.0275591 0.0154877
30 0.3993195 0.6793419 0.0275592 0.0154877
