15 0.3347023 0.4619521 0.0273375 0.0160777
26 0.6826340 0.7100088 0.0273375 0.0160777
32 0.4695259 0.6158391 0.5032584 0.4409897
33 0.6130477 0.6479947 0.0646159 0.0620142
26 0.6130478 0.6479947 0.0273375 0.0160777
4 0.4738750 0.6479947 0.0273375 0.0160777
4 0.2651160 0.4619521 0.0273375 0.0160777
28 0.4738750 0.7100088 0.0273375 0.0160777
20 0.4738750 0.4619521 0.0273375 0.0160777
28 0.6826340 0.5859805 0.0273375 0.0160777
15 0.6130478 0.7100088 0.0273375 0.0160777
14 0.4042887 0.5859805 0.0273375 0.0160777
21 0.3347023 0.6479947 0.0273375 0.0160777
5 0.3347023 0.5859805 0.0273375 0.0160777
17 0.3347023 0.7100088 0.0273375 0.0160777
30 0.4738750 0.5239663 0.0273375 0.0160777
28 0.4738750 0.5859805 0.0273375 0.0160777
26 0.6826340 0.5239663 0.0273375 0.0160777
1 0.4042887 0.4619521 0.0273375 0.0160777
15 0.2651160 0.6479947 0.0273375 0.0160777
23 0.2651160 0.7100088 0.0273375 0.0160777
14 0.5434614 0.5239663 0.0273375 0.0160777
30 0.4042887 0.7100088 0.0273375 0.0160777
30 0.6130478 0.4619521 0.0273375 0.0160777
3 0.5434614 0.5859805 0.0273375 0.0160777
19 0.5434614 0.6479947 0.0273375 0.0160777
17 0.6130478 0.5859805 0.0273375 0.0160777
15 0.5434614 0.4619521 0.0273375 0.0160777
3 0.4042887 0.6479947 0.0273375 0.0160777
21 0.5434614 0.7100088 0.0273375 0.0160777
28 0.6130478 0.5239663 0.0273375 0.0160777
31 0.6826340 0.4619521 0.0273375 0.0160777
20 0.4042887 0.5239663 0.0273375 0.0160777
5 0.2651160 0.5239663 0.0273375 0.0160777
23 0.3347023 0.5239663 0.0273375 0.0160777
25 0.6826340 0.6479947 0.0273375 0.0160777
23 0.2651160 0.5859805 0.0273375 0.0160777
