30 0.3751862 0.4234018 0.0272450 0.0159057
31 0.5832392 0.6524443 0.0272451 0.0159056
32 0.5145074 0.5607212 0.5015565 0.4071868
33 0.7219412 0.6519141 0.0643974 0.0572606
21 0.7219413 0.6524443 0.0272450 0.0159056
3 0.5138882 0.5379230 0.0272451 0.0159057
7 0.7219413 0.4801322 0.0272450 0.0148453
9 0.3058352 0.4234018 0.0272450 0.0159057
20 0.4445372 0.4234018 0.0272450 0.0159057
29 0.5832392 0.5951836 0.0272451 0.0159058
24 0.3751862 0.6524443 0.0272450 0.0159056
30 0.3058352 0.6524443 0.0272450 0.0159056
26 0.3058352 0.5379230 0.0272450 0.0159057
28 0.5138882 0.5951836 0.0272451 0.0159058
22 0.5138882 0.6524443 0.0272451 0.0159056
18 0.3058352 0.5951836 0.0272450 0.0159058
9 0.6525903 0.4234018 0.0272450 0.0159057
19 0.3751862 0.5951836 0.0272450 0.0159058
28 0.5832392 0.4801322 0.0272451 0.0148453
23 0.5138882 0.4801322 0.0272451 0.0148453
5 0.7219413 0.5951836 0.0272450 0.0159058
5 0.7219413 0.5379230 0.0272450 0.0159057
21 0.3751862 0.5379230 0.0272450 0.0159057
15 0.4445372 0.4801322 0.0272450 0.0148453
10 0.6525903 0.5379230 0.0272450 0.0159057
10 0.3751862 0.4801322 0.0272450 0.0148453
10 0.4445372 0.5951836 0.0272450 0.0159058
10 0.5832392 0.4234018 0.0272451 0.0159057
16 0.5832392 0.5379230 0.0272451 0.0159057
25 0.4445372 0.5379230 0.0272450 0.0159057
9 0.6525903 0.5951836 0.0272450 0.0159058
9 0.6525903 0.4801322 0.0272450 0.0148453
3 0.4445372 0.6524443 0.0272450 0.0159056
4 0.5138882 0.4234018 0.0272451 0.0159057
29 0.7219413 0.4234018 0.0272450 0.0159057
31 0.6525903 0.6524443 0.0272450 0.0159056
23 0.3058352 0.4801322 0.0272450 0.0148453
