19 0.1017473 0.5556322 0.0262400 0.0156569
11 0.3689178 0.3744597 0.0262400 0.0156569
32 0.2979506 0.4035368 0.4830538 0.4294458
28 0.1017473 0.2536781 0.0262400 0.0156569
17 0.5025031 0.2536781 0.0262400 0.0156569
33 0.3689178 0.3140689 0.0620217 0.0603908
9 0.3689178 0.3140689 0.0262400 0.0156569
6 0.5025031 0.3744597 0.0262400 0.0156569
9 0.2353325 0.4952414 0.0262399 0.0156569
3 0.5025031 0.4952414 0.0262400 0.0156569
29 0.2353325 0.5556322 0.0262399 0.0156569
1 0.4357104 0.5556322 0.0262399 0.0156569
12 0.5025031 0.3140689 0.0262400 0.0156569
20 0.3021252 0.4952414 0.0262400 0.0156569
16 0.1017473 0.4348505 0.0262400 0.0156569
23 0.3021252 0.4348505 0.0262400 0.0156569
6 0.3689178 0.4952414 0.0262400 0.0156569
14 0.4357104 0.4348505 0.0262399 0.0156569
4 0.1685399 0.4952414 0.0262400 0.0156569
15 0.2353325 0.4348505 0.0262399 0.0156569
9 0.4357104 0.3744597 0.0262399 0.0156569
12 0.3021252 0.5556322 0.0262400 0.0156569
6 0.5025031 0.5556322 0.0262400 0.0156569
22 0.1017473 0.4952414 0.0262400 0.0156569
5 0.3021252 0.2536781 0.0262400 0.0156569
28 0.3021252 0.3744597 0.0262400 0.0156569
8 0.3689178 0.2536781 0.0262400 0.0156569
5 0.4357104 0.3140689 0.0262399 0.0156569
12 0.2353325 0.3140689 0.0262399 0.0156569
28 0.2353325 0.2536781 0.0262399 0.0156569
24 0.1685399 0.3744597 0.0262400 0.0156569
6 0.4357104 0.4952414 0.0262399 0.0156569
26 0.2353325 0.3744597 0.0262399 0.0156569
15 0.1685399 0.3140689 0.0262400 0.0156569
22 0.3689178 0.4348505 0.0262400 0.0156569
15 0.3021252 0.3140689 0.0262400 0.0156569
10 0.5025031 0.4348505 0.0262400 0.0156569
17 0.1685399 0.5556322 0.0262400 0.0156569
30 0.1685399 0.4348505 0.0262400 0.0156569
22 0.1685399 0.2536781 0.0262400 0.0156569
2 0.3689178 0.5556322 0.0262400 0.0156569
30 0.4357104 0.2536781 0.0262399 0.0156569
1 0.1017473 0.3140689 0.0262400 0.0156569
3 0.1017473 0.3744597 0.0262400 0.0156569
