27 0.6566422 0.3781839 0.0279606 0.0148269
5 0.3719530 0.2638046 0.0279605 0.0148269
32 0.5810217 0.4057197 0.5147282 0.4066822
16 0.7989868 0.2638046 0.0279605 0.0148269
33 0.4431253 0.3209943 0.0660886 0.0571897
29 0.4431253 0.3209943 0.0279606 0.0148270
29 0.5142976 0.3209943 0.0279605 0.0148270
7 0.5854699 0.3209943 0.0279605 0.0148270
9 0.3719530 0.4353736 0.0279605 0.0148269
6 0.4431253 0.4353736 0.0279606 0.0148269
28 0.7989868 0.4925633 0.0279605 0.0148269
8 0.7278145 0.5497530 0.0279605 0.0148270
17 0.5142976 0.2638046 0.0279605 0.0148269
6 0.4431253 0.4925633 0.0279606 0.0148269
25 0.6566422 0.5497530 0.0279606 0.0148270
26 0.5142976 0.5497530 0.0279605 0.0148270
30 0.6566422 0.2638046 0.0279606 0.0148269
21 0.3719530 0.5497530 0.0279605 0.0148270
29 0.5854699 0.4925633 0.0279605 0.0148269
14 0.3719530 0.3209943 0.0279605 0.0148270
17 0.5854699 0.2638046 0.0279605 0.0148269
17 0.7989868 0.3781839 0.0279605 0.0148269
19 0.5142976 0.4353736 0.0279605 0.0148269
25 0.3719530 0.4925633 0.0279605 0.0148269
13 0.7278145 0.4353736 0.0279605 0.0148269
31 0.5142976 0.4925633 0.0279605 0.0148269
3 0.6566422 0.4353736 0.0279606 0.0148269
4 0.7989868 0.3209943 0.0279605 0.0148270
21 0.7989868 0.4353736 0.0279605 0.0148269
28 0.4431253 0.2638046 0.0279606 0.0148269
1 0.5854699 0.3781839 0.0279605 0.0148269
31 0.5142976 0.3781839 0.0279605 0.0148269
27 0.6566422 0.3209943 0.0279606 0.0148270
5 0.5854699 0.5497530 0.0279605 0.0148270
7 0.7278145 0.3781839 0.0279605 0.0148269
18 0.7278145 0.4925633 0.0279605 0.0148269
13 0.4431253 0.5497530 0.0279606 0.0148270
15 0.5854699 0.4353736 0.0279605 0.0148269
7 0.7278145 0.3209943 0.0279605 0.0148270
4 0.7989868 0.5497530 0.0279605 0.0148270
3 0.3719530 0.3781839 0.0279605 0.0148269
1 0.4431253 0.3781839 0.0279606 0.0148269
28 0.6566422 0.4925633 0.0279606 0.0148269
23 0.7278145 0.2638046 0.0279605 0.0148269
