8 0.1990890 0.4811849 0.0278277 0.0158217
28 0.4824260 0.4811849 0.0278278 0.0158217
32 0.2654961 0.3885154 0.5122834 0.4339645
33 0.1282547 0.3591324 0.0657747 0.0610263
9 0.1282547 0.3591324 0.0278277 0.0158217
31 0.4115917 0.3591324 0.0278277 0.0158217
13 0.0574205 0.4201586 0.0278277 0.0158217
7 0.3407574 0.4811849 0.0278278 0.0158217
31 0.4115917 0.4811849 0.0278277 0.0158217
21 0.4115917 0.4201586 0.0278277 0.0158217
17 0.4824260 0.2370798 0.0278278 0.0158216
10 0.4824260 0.2981061 0.0278278 0.0158216
14 0.1990890 0.3591324 0.0278277 0.0158217
14 0.0574205 0.3591324 0.0278277 0.0158217
12 0.1990890 0.2370798 0.0278277 0.0158216
7 0.4115917 0.2370798 0.0278277 0.0158216
13 0.2699232 0.2981061 0.0278277 0.0158216
30 0.3407574 0.2981061 0.0278278 0.0158216
6 0.1990890 0.2981061 0.0278277 0.0158216
6 0.1282547 0.2981061 0.0278277 0.0158216
26 0.2699232 0.4811849 0.0278277 0.0158217
19 0.3407574 0.2370798 0.0278278 0.0158216
28 0.1282547 0.4811849 0.0278277 0.0158217
21 0.1282547 0.4201586 0.0278277 0.0158217
5 0.2699232 0.4201586 0.0278277 0.0158217
27 0.0574205 0.4811849 0.0278277 0.0158217
25 0.3407574 0.3591324 0.0278278 0.0158217
17 0.2699232 0.3591324 0.0278277 0.0158217
24 0.1282547 0.2370798 0.0278277 0.0158216
17 0.4824260 0.3591324 0.0278278 0.0158217
25 0.3407574 0.4201586 0.0278278 0.0158217
15 0.4115917 0.2981061 0.0278277 0.0158216
14 0.4824260 0.4201586 0.0278278 0.0158217
29 0.1990890 0.4201586 0.0278277 0.0158217
9 0.0574205 0.2981061 0.0278277 0.0158216
17 0.0574205 0.2370798 0.0278277 0.0158216
12 0.2699232 0.2370798 0.0278277 0.0158216
