10 0.5034180 0.3648166 0.0268193 0.0159434
24 0.1620822 0.5498738 0.0268192 0.0170822
32 0.3674932 0.4513664 0.4937180 0.4373044
17 0.3668837 0.3038900 0.0268193 0.0170822
14 0.4351509 0.3038900 0.0268192 0.0170822
26 0.5716853 0.3038900 0.0268193 0.0170822
4 0.1620822 0.4883779 0.0268192 0.0170822
13 0.2303493 0.4883779 0.0268192 0.0170822
28 0.5716853 0.5498738 0.0268193 0.0170822
33 0.3668837 0.6108002 0.0633910 0.0614960
14 0.3668837 0.6108002 0.0268193 0.0159434
18 0.5716853 0.4268819 0.0268193 0.0170822
16 0.4351509 0.6108002 0.0268192 0.0159434
14 0.2303493 0.3038900 0.0268192 0.0170822
5 0.1620822 0.3038900 0.0268192 0.0170822
24 0.3668837 0.3648166 0.0268193 0.0159434
12 0.5716853 0.6108002 0.0268193 0.0159434
18 0.5034180 0.6108002 0.0268193 0.0159434
6 0.2303493 0.6108002 0.0268192 0.0159434
1 0.4351509 0.5498738 0.0268192 0.0170822
27 0.3668837 0.4268819 0.0268193 0.0170822
19 0.5034180 0.5498738 0.0268193 0.0170822
7 0.4351509 0.4268819 0.0268192 0.0170822
15 0.4351509 0.4883779 0.0268192 0.0170822
20 0.1620822 0.3648166 0.0268192 0.0159434
17 0.2986165 0.5498738 0.0268192 0.0170822
7 0.4351509 0.3648166 0.0268192 0.0159434
8 0.2986165 0.3038900 0.0268192 0.0170822
19 0.5716853 0.3648166 0.0268193 0.0159434
13 0.2986165 0.4268819 0.0268192 0.0170822
13 0.2303493 0.4268819 0.0268192 0.0170822
13 0.5716853 0.4883779 0.0268193 0.0170822
9 0.2986165 0.4883779 0.0268192 0.0170822
8 0.5034180 0.4883779 0.0268193 0.0170822
6 0.1620822 0.6108002 0.0268192 0.0159434
10 0.2303493 0.5498738 0.0268192 0.0170822
27 0.2303493 0.3648166 0.0268192 0.0159434
24 0.2986165 0.3648166 0.0268192 0.0159434
23 0.5034180 0.4268819 0.0268193 0.0170822
18 0.3668837 0.4883779 0.0268193 0.0170822
8 0.3668837 0.5498738 0.0268193 0.0170822
8 0.5034180 0.3038900 0.0268193 0.0170822
8 0.1620822 0.4268819 0.0268192 0.0170822
17 0.2986165 0.6108002 0.0268192 0.0159434
