17 0.6060687 0.3906126 0.0286900 0.0152198
4 0.5330397 0.6841374 0.0286900 0.0152198
32 0.6015044 0.5362878 0.5281562 0.4174575
33 0.3869817 0.4493175 0.0678127 0.0587050
18 0.3869817 0.4493175 0.0286900 0.0152198
30 0.5330397 0.5080225 0.0286900 0.0152198
18 0.6790977 0.5080225 0.0286900 0.0152198
14 0.6060687 0.5667275 0.0286900 0.0152198
27 0.3869817 0.6254324 0.0286900 0.0152198
12 0.4600107 0.6254324 0.0286900 0.0152198
26 0.6060687 0.6254324 0.0286900 0.0152198
17 0.6790977 0.3906126 0.0286900 0.0152198
12 0.7521268 0.4493175 0.0286900 0.0152198
18 0.8251557 0.5667275 0.0286900 0.0152198
29 0.6790977 0.6841374 0.0286900 0.0152198
15 0.4600107 0.3906126 0.0286900 0.0152198
25 0.6790977 0.6254324 0.0286900 0.0152198
12 0.7521268 0.6254324 0.0286900 0.0152198
31 0.8251557 0.5080225 0.0286900 0.0152198
18 0.7521268 0.5080225 0.0286900 0.0152198
13 0.6060687 0.6841374 0.0286900 0.0152198
5 0.8251557 0.6254324 0.0286900 0.0152198
8 0.3869817 0.5080225 0.0286900 0.0152198
6 0.7521268 0.3906126 0.0286900 0.0152198
25 0.6060687 0.4493175 0.0286900 0.0152198
25 0.4600107 0.5667275 0.0286900 0.0152198
16 0.6790977 0.5667275 0.0286900 0.0152198
5 0.4600107 0.5080225 0.0286900 0.0152198
17 0.5330397 0.6254324 0.0286900 0.0152198
29 0.8251557 0.6841374 0.0286900 0.0152198
20 0.5330397 0.5667275 0.0286900 0.0152198
27 0.5330397 0.4493175 0.0286900 0.0152198
24 0.8251557 0.4493175 0.0286900 0.0152198
30 0.3869817 0.5667275 0.0286900 0.0152198
4 0.4600107 0.4493175 0.0286900 0.0152198
10 0.4600107 0.6841374 0.0286900 0.0152198
22 0.7521268 0.5667275 0.0286900 0.0152198
8 0.3869817 0.6841374 0.0286900 0.0152198
8 0.6790977 0.4493175 0.0286900 0.0152198
24 0.3869817 0.3906126 0.0286900 0.0152198
19 0.6060687 0.5080225 0.0286900 0.0152198
25 0.7521268 0.6841374 0.0286900 0.0152198
12 0.5330397 0.3906126 0.0286900 0.0152198
7 0.8251557 0.3906126 0.0286900 0.0152198
