12 0.5141181 0.3492449 0.0276925 0.0160898
4 0.3731380 0.5974875 0.0276925 0.0160898
32 0.2982423 0.4411867 0.5097941 0.4413202
22 0.3026479 0.2871843 0.0276925 0.0160898
33 0.4436280 0.2871843 0.0654551 0.0620606
31 0.4436280 0.2871843 0.0276925 0.0160898
15 0.2321579 0.3492449 0.0276925 0.0160898
2 0.3731380 0.3492449 0.0276925 0.0160898
5 0.0911778 0.5354269 0.0276925 0.0160897
20 0.2321579 0.5354269 0.0276925 0.0160897
26 0.3026479 0.5974875 0.0276925 0.0160898
13 0.0911778 0.3492449 0.0276925 0.0160898
19 0.4436280 0.5354269 0.0276925 0.0160897
15 0.0911778 0.2871843 0.0276925 0.0160898
23 0.1616678 0.2871843 0.0276925 0.0160898
4 0.2321579 0.2871843 0.0276925 0.0160898
27 0.5141181 0.4733662 0.0276925 0.0160898
11 0.5141181 0.5354269 0.0276925 0.0160897
30 0.3731380 0.5354269 0.0276925 0.0160897
28 0.1616678 0.3492449 0.0276925 0.0160898
11 0.3731380 0.4733662 0.0276925 0.0160898
30 0.5141181 0.2871843 0.0276925 0.0160898
27 0.3731380 0.2871843 0.0276925 0.0160898
14 0.3026479 0.4113056 0.0276925 0.0160897
10 0.1616678 0.4733662 0.0276925 0.0160898
1 0.1616678 0.5974875 0.0276925 0.0160898
15 0.2321579 0.4733662 0.0276925 0.0160898
5 0.0911778 0.5974875 0.0276925 0.0160898
6 0.2321579 0.5974875 0.0276925 0.0160898
2 0.3026479 0.3492449 0.0276925 0.0160898
17 0.1616678 0.4113056 0.0276925 0.0160897
1 0.0911778 0.4113056 0.0276925 0.0160897
8 0.4436280 0.5974875 0.0276925 0.0160898
27 0.4436280 0.4733662 0.0276925 0.0160898
2 0.5141181 0.4113056 0.0276925 0.0160897
20 0.2321579 0.4113056 0.0276925 0.0160897
21 0.3026479 0.5354269 0.0276925 0.0160897
9 0.3026479 0.4733662 0.0276925 0.0160898
20 0.3731380 0.4113056 0.0276925 0.0160897
13 0.4436280 0.3492449 0.0276925 0.0160898
4 0.4436280 0.4113056 0.0276925 0.0160897
31 0.1616678 0.5354269 0.0276925 0.0160897
20 0.0911778 0.4733662 0.0276925 0.0160898
29 0.5141181 0.5974875 0.0276925 0.0160898
