17 0.1712948 0.5035499 0.0278742 0.0152654
31 0.1712948 0.5624308 0.0278742 0.0152654
32 0.3797178 0.5907808 0.5131388 0.4187083
5 0.1712948 0.4446691 0.0278742 0.0152654
27 0.5970099 0.4446691 0.0278742 0.0152654
21 0.3131998 0.5035499 0.0278742 0.0152654
26 0.4551049 0.5035499 0.0278742 0.0152654
17 0.3841523 0.6213116 0.0278742 0.0152654
33 0.3131998 0.6801925 0.0658845 0.0588809
14 0.3131998 0.6801925 0.0278742 0.0152654
23 0.5970099 0.6801925 0.0278742 0.0152654
5 0.1712948 0.6801925 0.0278742 0.0152654
4 0.5260574 0.5624308 0.0278742 0.0152654
22 0.3131998 0.6213116 0.0278742 0.0152654
25 0.2422473 0.6801925 0.0278742 0.0152654
14 0.3841523 0.5624308 0.0278742 0.0152654
14 0.3841523 0.6801925 0.0278742 0.0152654
7 0.2422473 0.4446691 0.0278742 0.0152654
7 0.5260574 0.5035499 0.0278742 0.0152654
5 0.5970099 0.6213116 0.0278742 0.0152654
13 0.4551049 0.6801925 0.0278742 0.0152654
1 0.2422473 0.6213116 0.0278742 0.0152654
13 0.4551049 0.4446691 0.0278742 0.0152654
7 0.4551049 0.7390734 0.0278742 0.0152653
21 0.1712948 0.7390734 0.0278742 0.0152653
29 0.5260574 0.4446691 0.0278742 0.0152654
17 0.5260574 0.6801925 0.0278742 0.0152654
20 0.1712948 0.6213116 0.0278742 0.0152654
17 0.3841523 0.7390734 0.0278742 0.0152653
26 0.5970099 0.7390734 0.0278742 0.0152653
17 0.3841523 0.4446691 0.0278742 0.0152654
7 0.5260574 0.7390734 0.0278742 0.0152653
28 0.3131998 0.4446691 0.0278742 0.0152654
24 0.3841523 0.5035499 0.0278742 0.0152654
23 0.3131998 0.5624308 0.0278742 0.0152654
29 0.2422473 0.7390734 0.0278742 0.0152653
31 0.4551049 0.6213116 0.0278742 0.0152654
23 0.3131998 0.7390734 0.0278742 0.0152653
6 0.5260574 0.6213116 0.0278742 0.0152654
15 0.2422473 0.5035499 0.0278742 0.0152654
29 0.4551049 0.5624308 0.0278742 0.0152654
25 0.5970099 0.5624308 0.0278742 0.0152654
5 0.5970099 0.5035499 0.0278742 0.0152654
26 0.2422473 0.5624308 0.0278742 0.0152654
