26 0.7018943 0.1946111 0.0280724 0.0160691
3 0.7018943 0.5045162 0.0280724 0.0160691
32 0.5545142 0.3484158 0.5167873 0.4407538
23 0.3446092 0.1946111 0.0280724 0.0160691
1 0.3446092 0.2565922 0.0280724 0.0160692
13 0.6304373 0.2565922 0.0280724 0.0160692
9 0.7018943 0.3185732 0.0280724 0.0160691
6 0.4160662 0.3805542 0.0280724 0.0160691
7 0.5589803 0.4425352 0.0280724 0.0160691
33 0.7733513 0.5045162 0.0663529 0.0619810
13 0.7733513 0.5045162 0.0280724 0.0160691
21 0.7733513 0.3805542 0.0280724 0.0160691
22 0.7018943 0.4425352 0.0280724 0.0160691
26 0.3446092 0.3185732 0.0280724 0.0160691
22 0.7733513 0.1946111 0.0280724 0.0160691
10 0.4160662 0.2565922 0.0280724 0.0160692
25 0.6304373 0.3805542 0.0280724 0.0160691
27 0.3446092 0.5045162 0.0280724 0.0160691
9 0.4875232 0.3185732 0.0280724 0.0160691
25 0.4875232 0.3805542 0.0280724 0.0160691
29 0.7018943 0.2565922 0.0280724 0.0160692
19 0.4160662 0.3185732 0.0280724 0.0160691
2 0.7733513 0.3185732 0.0280724 0.0160691
24 0.5589803 0.1946111 0.0280724 0.0160691
28 0.4875232 0.4425352 0.0280724 0.0160691
8 0.4875232 0.1946111 0.0280724 0.0160691
30 0.5589803 0.5045162 0.0280724 0.0160691
15 0.6304373 0.4425352 0.0280724 0.0160691
18 0.3446092 0.4425352 0.0280724 0.0160691
24 0.7733513 0.2565922 0.0280724 0.0160692
8 0.6304373 0.5045162 0.0280724 0.0160691
29 0.4160662 0.1946111 0.0280724 0.0160691
25 0.7733513 0.4425352 0.0280724 0.0160691
4 0.4875232 0.2565922 0.0280724 0.0160692
9 0.3446092 0.3805542 0.0280724 0.0160691
26 0.5589803 0.3185732 0.0280724 0.0160691
9 0.4160662 0.4425352 0.0280724 0.0160691
31 0.5589803 0.2565922 0.0280724 0.0160692
13 0.4875232 0.5045162 0.0280724 0.0160691
12 0.4160662 0.5045162 0.0280724 0.0160691
19 0.7018943 0.3805542 0.0280724 0.0160691
25 0.5589803 0.3805542 0.0280724 0.0160691
6 0.6304373 0.3185732 0.0280724 0.0160691
4 0.6304373 0.1946111 0.0280724 0.0160691
