13 0.6819028 0.6053552 0.0266264 0.0152389
1 0.2752446 0.5465767 0.0266264 0.0152389
32 0.4743377 0.5748775 0.4901685 0.4179800
33 0.5463501 0.4290198 0.0629352 0.0587784
7 0.5463501 0.4290198 0.0266264 0.0152389
28 0.6141265 0.4290198 0.0266264 0.0152389
19 0.4107973 0.4877983 0.0266264 0.0152389
3 0.4785737 0.5465767 0.0266264 0.0152389
31 0.6141265 0.5465767 0.0266264 0.0152389
6 0.2752446 0.6053552 0.0266264 0.0152389
20 0.3430210 0.6053552 0.0266264 0.0152389
24 0.6819028 0.6641336 0.0266264 0.0152389
31 0.2752446 0.7229121 0.0266264 0.0152389
31 0.4107973 0.5465767 0.0266264 0.0152389
1 0.2752446 0.6641336 0.0266264 0.0152389
3 0.6819028 0.5465767 0.0266264 0.0152389
14 0.6141265 0.6053552 0.0266264 0.0152389
26 0.4785737 0.4877983 0.0266264 0.0152389
6 0.3430210 0.7229121 0.0266264 0.0152389
19 0.6141265 0.7229121 0.0266264 0.0152389
2 0.4107973 0.6053552 0.0266264 0.0152389
28 0.6819028 0.4290198 0.0266264 0.0152389
2 0.2752446 0.4290198 0.0266264 0.0152389
27 0.4785737 0.4290198 0.0266264 0.0152389
17 0.4107973 0.6641336 0.0266264 0.0152389
17 0.2752446 0.4877983 0.0266264 0.0152389
7 0.6819028 0.4877983 0.0266264 0.0152389
14 0.5463501 0.5465767 0.0266264 0.0152389
19 0.5463501 0.6641336 0.0266264 0.0152389
24 0.5463501 0.6053552 0.0266264 0.0152389
29 0.4785737 0.6641336 0.0266264 0.0152389
7 0.3430210 0.4877983 0.0266264 0.0152389
16 0.5463501 0.7229121 0.0266264 0.0152389
5 0.3430210 0.5465767 0.0266264 0.0152389
23 0.6141265 0.4877983 0.0266264 0.0152389
5 0.3430210 0.6641336 0.0266264 0.0152389
21 0.4107973 0.7229121 0.0266264 0.0152389
24 0.4785737 0.6053552 0.0266264 0.0152389
26 0.6819028 0.7229121 0.0266264 0.0152389
2 0.4785737 0.7229121 0.0266264 0.0152389
29 0.6141265 0.6641336 0.0266264 0.0152389
7 0.3430210 0.4290198 0.0266264 0.0152389
20 0.4107973 0.4290198 0.0266264 0.0152389
5 0.5463501 0.4877983 0.0266264 0.0152389
