14 0.4942657 0.4338214 0.0265833 0.0153859
13 0.1559334 0.4931671 0.0265833 0.0153859
32 0.3547036 0.4623953 0.4893734 0.4220140
22 0.4265992 0.3744757 0.0265833 0.0153859
5 0.4942657 0.3744757 0.0265833 0.0153859
11 0.2235999 0.4338214 0.0265833 0.0153859
4 0.2912663 0.4931671 0.0265833 0.0153859
33 0.3589328 0.4931672 0.0628332 0.0593457
25 0.3589328 0.4931671 0.0265833 0.0153859
2 0.1559334 0.5525129 0.0265833 0.0153859
15 0.2912663 0.6118586 0.0265833 0.0153859
27 0.4265992 0.5525129 0.0265833 0.0153859
17 0.3589328 0.3744757 0.0265833 0.0153859
12 0.2912663 0.3151300 0.0265833 0.0153859
29 0.2235999 0.4931671 0.0265833 0.0153859
1 0.4942657 0.3151300 0.0265833 0.0153859
12 0.5619321 0.5525129 0.0265833 0.0153859
15 0.4942657 0.4931671 0.0265833 0.0153859
15 0.2235999 0.3744757 0.0265833 0.0153859
12 0.4265992 0.4931671 0.0265833 0.0153859
9 0.5619321 0.3151300 0.0265833 0.0153859
24 0.4265992 0.3151300 0.0265833 0.0153859
15 0.5619321 0.6118586 0.0265833 0.0153859
30 0.3589328 0.6118586 0.0265833 0.0153859
17 0.2235999 0.5525129 0.0265833 0.0153859
16 0.5619321 0.4338214 0.0265833 0.0153859
28 0.3589328 0.5525129 0.0265833 0.0153859
31 0.1559334 0.6118586 0.0265833 0.0153859
11 0.4942657 0.5525129 0.0265833 0.0153859
27 0.5619321 0.3744757 0.0265833 0.0153859
24 0.1559334 0.4338214 0.0265833 0.0153859
22 0.2912663 0.3744757 0.0265833 0.0153859
24 0.3589328 0.4338214 0.0265833 0.0153859
10 0.2235999 0.6118586 0.0265833 0.0153859
4 0.5619321 0.4931671 0.0265833 0.0153859
7 0.2912663 0.5525129 0.0265833 0.0153859
7 0.1559334 0.3151300 0.0265833 0.0153859
2 0.4265992 0.6118586 0.0265833 0.0153859
26 0.3589328 0.3151300 0.0265833 0.0153859
14 0.4265992 0.4338214 0.0265833 0.0153859
17 0.2912663 0.4338214 0.0265833 0.0153859
11 0.2235999 0.3151300 0.0265833 0.0153859
10 0.1559334 0.3744757 0.0265833 0.0153859
25 0.4942657 0.6118586 0.0265833 0.0153859
