30 0.5589127 0.5882544 0.0273582 0.0156240
31 0.4196342 0.4074619 0.0273583 0.0156240
32 0.6241995 0.5570063 0.5036411 0.4285451
4 0.5589127 0.4074619 0.0273582 0.0156240
28 0.6981912 0.4677261 0.0273583 0.0156241
16 0.5589127 0.5279902 0.0273582 0.0156240
15 0.6981912 0.5882544 0.0273583 0.0156240
33 0.6981912 0.6485185 0.0646650 0.0602641
15 0.6981912 0.6485185 0.0273583 0.0156240
12 0.8374698 0.6485185 0.0273583 0.0156240
7 0.6981912 0.7087827 0.0273583 0.0156241
29 0.6285520 0.7087827 0.0273583 0.0156241
28 0.6285520 0.5279902 0.0273583 0.0156240
19 0.6285520 0.5882544 0.0273583 0.0156240
15 0.5589127 0.7087827 0.0273582 0.0156241
18 0.7678305 0.7087827 0.0273583 0.0156241
29 0.7678305 0.5279902 0.0273583 0.0156240
24 0.8374698 0.7087827 0.0273583 0.0156241
7 0.4892735 0.5882544 0.0273583 0.0156240
16 0.8374698 0.5279902 0.0273583 0.0156240
4 0.6285520 0.6485185 0.0273583 0.0156240
15 0.5589127 0.6485185 0.0273582 0.0156240
28 0.4892735 0.7087827 0.0273583 0.0156241
28 0.4196342 0.4677261 0.0273583 0.0156241
24 0.8374698 0.5882544 0.0273583 0.0156240
13 0.4892735 0.4074619 0.0273583 0.0156240
18 0.4892735 0.6485185 0.0273583 0.0156240
20 0.6285520 0.4074619 0.0273583 0.0156240
19 0.4196342 0.7087827 0.0273583 0.0156241
21 0.7678305 0.4074619 0.0273583 0.0156240
27 0.7678305 0.4677261 0.0273583 0.0156241
26 0.8374698 0.4074619 0.0273583 0.0156240
5 0.7678305 0.5882544 0.0273583 0.0156240
13 0.7678305 0.6485185 0.0273583 0.0156240
31 0.4892735 0.4677261 0.0273583 0.0156241
15 0.5589127 0.4677261 0.0273582 0.0156241
19 0.4196342 0.5882544 0.0273583 0.0156240
4 0.6981912 0.4074619 0.0273583 0.0156240
14 0.4196342 0.5279902 0.0273583 0.0156240
19 0.4892735 0.5279902 0.0273583 0.0156240
30 0.6981912 0.5279902 0.0273583 0.0156240
25 0.8374698 0.4677261 0.0273583 0.0156241
13 0.6285520 0.4677261 0.0273583 0.0156241
5 0.4196342 0.6485185 0.0273583 0.0156240
