25 0.4892785 0.7174658 0.0273603 0.0155996
7 0.3499898 0.7776354 0.0273603 0.0155995
32 0.2759927 0.6260972 0.5036778 0.4278726
15 0.2107011 0.5369571 0.0273603 0.0155995
14 0.3499898 0.5369571 0.0273603 0.0155995
13 0.4892785 0.5369571 0.0273603 0.0155995
25 0.3499898 0.5971267 0.0273603 0.0155996
19 0.1410568 0.6572963 0.0273603 0.0155995
22 0.1410568 0.7174658 0.0273603 0.0155996
33 0.4196342 0.7174658 0.0646698 0.0601696
30 0.4196342 0.7174658 0.0273603 0.0155996
6 0.2107011 0.7776354 0.0273603 0.0155995
14 0.4196342 0.4767875 0.0273603 0.0155995
17 0.4892785 0.6572963 0.0273603 0.0155995
24 0.4892785 0.5971267 0.0273603 0.0155996
22 0.3499898 0.7174658 0.0273603 0.0155996
20 0.4196342 0.5971267 0.0273603 0.0155996
17 0.2107011 0.7174658 0.0273603 0.0155996
7 0.2107011 0.6572963 0.0273603 0.0155995
17 0.0714125 0.5369571 0.0273603 0.0155995
31 0.1410568 0.5369571 0.0273603 0.0155995
24 0.0714125 0.7776354 0.0273603 0.0155995
30 0.4196342 0.7776354 0.0273603 0.0155995
3 0.2803455 0.4767875 0.0273603 0.0155995
12 0.3499898 0.4767875 0.0273603 0.0155995
19 0.4196342 0.6572963 0.0273603 0.0155995
27 0.0714125 0.4767875 0.0273603 0.0155995
31 0.2803455 0.5971267 0.0273603 0.0155996
1 0.4892785 0.4767875 0.0273603 0.0155995
14 0.3499898 0.6572963 0.0273603 0.0155995
23 0.0714125 0.7174658 0.0273603 0.0155996
23 0.2107011 0.5971267 0.0273603 0.0155996
8 0.2803455 0.5369571 0.0273603 0.0155995
1 0.4196342 0.5369571 0.0273603 0.0155995
5 0.1410568 0.7776354 0.0273603 0.0155995
13 0.0714125 0.5971267 0.0273603 0.0155996
27 0.1410568 0.4767875 0.0273603 0.0155995
27 0.2803455 0.7776354 0.0273603 0.0155995
11 0.2803455 0.6572963 0.0273603 0.0155995
20 0.4892785 0.7776354 0.0273603 0.0155995
5 0.0714125 0.6572963 0.0273603 0.0155995
25 0.1410568 0.5971267 0.0273603 0.0155996
5 0.2803455 0.7174658 0.0273603 0.0155996
12 0.2107011 0.4767875 0.0273603 0.0155995
