28 0.6260266 0.4129298 0.0280308 0.0160735
15 0.7687286 0.3509320 0.0280308 0.0160735
32 0.6215672 0.5047784 0.5160210 0.4408732
20 0.6973776 0.3509320 0.0280307 0.0160735
12 0.8400797 0.4129298 0.0280308 0.0160735
31 0.4119734 0.4749276 0.0280308 0.0160735
27 0.8400797 0.4749276 0.0280308 0.0160735
33 0.7687286 0.5369254 0.0662546 0.0619977
30 0.7687286 0.5369254 0.0280308 0.0160735
25 0.4833245 0.5989232 0.0280308 0.0160735
29 0.8400797 0.5989232 0.0280308 0.0160735
15 0.5546755 0.5989232 0.0280307 0.0160735
13 0.4833245 0.4749276 0.0280308 0.0160735
6 0.7687286 0.4129298 0.0280308 0.0160735
24 0.6973776 0.5989232 0.0280307 0.0160735
27 0.4833245 0.6609210 0.0280308 0.0160735
4 0.7687286 0.5989232 0.0280308 0.0160735
19 0.6260266 0.3509320 0.0280308 0.0160735
7 0.8400797 0.3509320 0.0280308 0.0160735
28 0.8400797 0.5369254 0.0280308 0.0160735
5 0.5546755 0.4129298 0.0280307 0.0160735
16 0.5546755 0.4749276 0.0280307 0.0160735
29 0.6973776 0.6609210 0.0280307 0.0160735
5 0.4833245 0.3509320 0.0280308 0.0160735
4 0.6973776 0.4749276 0.0280307 0.0160735
27 0.7687286 0.6609210 0.0280308 0.0160735
13 0.4119734 0.6609210 0.0280308 0.0160735
5 0.6260266 0.6609210 0.0280308 0.0160735
29 0.5546755 0.3509320 0.0280307 0.0160735
19 0.6973776 0.4129298 0.0280307 0.0160735
7 0.6973776 0.5369254 0.0280307 0.0160735
6 0.6260266 0.4749276 0.0280308 0.0160735
31 0.4119734 0.5989232 0.0280308 0.0160735
3 0.8400797 0.6609210 0.0280308 0.0160735
1 0.4833245 0.4129298 0.0280308 0.0160735
5 0.4119734 0.5369254 0.0280308 0.0160735
21 0.5546755 0.5369254 0.0280307 0.0160735
21 0.6260266 0.5989232 0.0280308 0.0160735
17 0.5546755 0.6609210 0.0280307 0.0160735
6 0.7687286 0.4749276 0.0280308 0.0160735
1 0.4119734 0.4129298 0.0280308 0.0160735
16 0.4119734 0.3509320 0.0280308 0.0160735
3 0.4833245 0.5369254 0.0280308 0.0160735
3 0.6260266 0.5369254 0.0280308 0.0160735
