21 0.2315325 0.4981907 0.0287072 0.0152699
14 0.5238233 0.6165329 0.0287071 0.0163607
32 0.3783303 0.5810848 0.5284724 0.4188334
20 0.2315325 0.5576345 0.0287072 0.0163607
26 0.3046052 0.5576345 0.0287071 0.0163607
25 0.3776779 0.5576345 0.0287072 0.0163607
33 0.5968961 0.6159875 0.0678532 0.0588985
31 0.5968961 0.6165329 0.0287072 0.0163607
23 0.4507506 0.6754314 0.0287071 0.0163607
7 0.5238233 0.7337845 0.0287071 0.0152700
4 0.5968961 0.7337845 0.0287072 0.0152700
26 0.1584597 0.7337845 0.0287071 0.0152700
23 0.4507506 0.6165329 0.0287071 0.0163607
22 0.3776779 0.6165329 0.0287072 0.0163607
19 0.2315325 0.6754314 0.0287072 0.0163607
21 0.1584597 0.5576345 0.0287071 0.0163607
25 0.5238233 0.6754314 0.0287071 0.0163607
11 0.2315325 0.4398376 0.0287072 0.0163607
22 0.3776779 0.7337845 0.0287072 0.0152700
25 0.5968961 0.6754314 0.0287072 0.0163607
18 0.5238233 0.5576345 0.0287071 0.0163607
19 0.4507506 0.4398376 0.0287071 0.0163607
25 0.3046052 0.4981907 0.0287071 0.0152699
28 0.1584597 0.6165329 0.0287071 0.0163607
11 0.5968961 0.4981907 0.0287072 0.0152699
24 0.3046052 0.6754314 0.0287071 0.0163607
14 0.3046052 0.6165329 0.0287071 0.0163607
6 0.5968961 0.4398376 0.0287072 0.0163607
6 0.5238233 0.4981907 0.0287071 0.0152699
15 0.4507506 0.7337845 0.0287071 0.0152700
23 0.1584597 0.4398376 0.0287071 0.0163607
29 0.4507506 0.5576345 0.0287071 0.0163607
23 0.1584597 0.6754314 0.0287071 0.0163607
28 0.4507506 0.4981907 0.0287071 0.0152699
17 0.3776779 0.4981907 0.0287072 0.0152699
26 0.3776779 0.4398376 0.0287072 0.0163607
12 0.5238233 0.4398376 0.0287071 0.0163607
9 0.3046052 0.4398376 0.0287071 0.0163607
10 0.2315325 0.7337845 0.0287072 0.0152700
1 0.3046052 0.7337845 0.0287071 0.0152700
29 0.1584597 0.4981907 0.0287071 0.0152699
18 0.5968961 0.5576345 0.0287072 0.0163607
19 0.3776779 0.6754314 0.0287072 0.0163607
17 0.2315325 0.6165329 0.0287072 0.0163607
