19 0.3210442 0.6652599 0.0269050 0.0148785
1 0.3210442 0.7226482 0.0269050 0.0148785
32 0.5222200 0.5781147 0.4952958 0.4080946
25 0.3895296 0.4357067 0.0269050 0.0148784
13 0.5949857 0.4357067 0.0269049 0.0148784
21 0.4580149 0.4930950 0.0269050 0.0148784
33 0.3210442 0.5504833 0.0635936 0.0573883
16 0.3210442 0.5504833 0.0269050 0.0148785
3 0.3210442 0.6078716 0.0269050 0.0148785
31 0.5949857 0.6078716 0.0269049 0.0148785
2 0.5949857 0.7226482 0.0269049 0.0148785
18 0.4580149 0.5504833 0.0269050 0.0148785
21 0.5949857 0.6652599 0.0269049 0.0148785
29 0.5265003 0.7226482 0.0269049 0.0148785
7 0.7319563 0.4357067 0.0269050 0.0148784
26 0.6634710 0.4930950 0.0269049 0.0148784
5 0.7319563 0.6078716 0.0269050 0.0148785
9 0.3210442 0.4930950 0.0269050 0.0148784
25 0.3210442 0.4357067 0.0269050 0.0148784
20 0.7319563 0.6652599 0.0269050 0.0148785
18 0.4580149 0.6652599 0.0269050 0.0148785
4 0.5949857 0.4930950 0.0269049 0.0148784
25 0.5265003 0.4930950 0.0269049 0.0148784
27 0.3895296 0.6652599 0.0269050 0.0148785
11 0.3895296 0.5504833 0.0269050 0.0148785
12 0.6634710 0.6078716 0.0269049 0.0148785
8 0.7319563 0.5504833 0.0269050 0.0148785
8 0.5265003 0.5504833 0.0269049 0.0148785
31 0.3895296 0.7226482 0.0269050 0.0148785
19 0.4580149 0.4357067 0.0269050 0.0148784
17 0.6634710 0.6652599 0.0269049 0.0148785
16 0.5949857 0.5504833 0.0269049 0.0148785
3 0.3895296 0.6078716 0.0269050 0.0148785
17 0.5265003 0.6652599 0.0269049 0.0148785
1 0.4580149 0.6078716 0.0269050 0.0148785
3 0.7319563 0.7226482 0.0269050 0.0148785
20 0.5265003 0.4357067 0.0269049 0.0148784
27 0.5265003 0.6078716 0.0269049 0.0148785
6 0.6634710 0.7226482 0.0269049 0.0148785
11 0.7319563 0.4930950 0.0269050 0.0148784
12 0.6634710 0.4357067 0.0269049 0.0148784
18 0.6634710 0.5504833 0.0269049 0.0148785
29 0.3895296 0.4930950 0.0269050 0.0148784
10 0.4580149 0.7226482 0.0269050 0.0148785
