27 0.3322891 0.5594966 0.0280758 0.0160320
5 0.3322891 0.3121451 0.0280758 0.0160320
32 0.4707536 0.4655947 0.5168492 0.4397359
24 0.4752203 0.3121451 0.0280758 0.0160320
30 0.6181514 0.3739830 0.0280758 0.0160320
19 0.4752203 0.4358209 0.0280758 0.0160320
12 0.6181514 0.4358209 0.0280758 0.0160320
31 0.6896169 0.4358209 0.0280757 0.0160320
33 0.4752203 0.5594966 0.0663609 0.0618378
13 0.4752203 0.5594966 0.0280758 0.0160320
16 0.6896169 0.5594966 0.0280757 0.0160320
26 0.3322891 0.6213344 0.0280758 0.0160320
21 0.5466858 0.4358209 0.0280758 0.0160320
1 0.6896169 0.3739830 0.0280757 0.0160320
2 0.4037547 0.3739830 0.0280758 0.0160320
25 0.5466858 0.4976587 0.0280758 0.0160320
28 0.2608236 0.4358209 0.0280758 0.0160320
24 0.2608236 0.3121451 0.0280758 0.0160320
5 0.4037547 0.4976587 0.0280758 0.0160320
30 0.2608236 0.6213344 0.0280758 0.0160320
3 0.6181514 0.6213344 0.0280758 0.0160320
27 0.6896169 0.4976587 0.0280757 0.0160320
26 0.5466858 0.3739830 0.0280758 0.0160320
6 0.4752203 0.6213344 0.0280758 0.0160320
15 0.4037547 0.6213344 0.0280758 0.0160320
3 0.3322891 0.4976587 0.0280758 0.0160320
1 0.6181514 0.3121451 0.0280758 0.0160320
27 0.5466858 0.6213344 0.0280758 0.0160320
2 0.4752203 0.4976587 0.0280758 0.0160320
5 0.2608236 0.4976587 0.0280758 0.0160320
16 0.6181514 0.5594966 0.0280758 0.0160320
24 0.4752203 0.3739830 0.0280758 0.0160320
23 0.2608236 0.3739830 0.0280758 0.0160320
20 0.3322891 0.4358209 0.0280758 0.0160320
21 0.2608236 0.5594966 0.0280758 0.0160320
23 0.3322891 0.3739830 0.0280758 0.0160320
6 0.4037547 0.5594966 0.0280758 0.0160320
1 0.4037547 0.4358209 0.0280758 0.0160320
13 0.6181514 0.4976587 0.0280758 0.0160320
4 0.5466858 0.3121451 0.0280758 0.0160320
1 0.4037547 0.3121451 0.0280758 0.0160320
14 0.6896169 0.6213344 0.0280757 0.0160320
20 0.6896169 0.3121451 0.0280757 0.0160320
21 0.5466858 0.5594966 0.0280758 0.0160320
