17 0.7398901 0.2688696 0.0276231 0.0153516
14 0.7398901 0.2096563 0.0276231 0.0153516
32 0.5948691 0.3565929 0.5085154 0.4210720
5 0.5992637 0.2688696 0.0276231 0.0153516
24 0.5289505 0.3280828 0.0276231 0.0153516
29 0.8102034 0.3280828 0.0276231 0.0153516
11 0.8102034 0.3872961 0.0276231 0.0153516
18 0.8102034 0.4465093 0.0276231 0.0153516
26 0.3883240 0.5057226 0.0276231 0.0153516
33 0.7398901 0.5057226 0.0652909 0.0592133
18 0.7398901 0.5057226 0.0276231 0.0153516
8 0.6695770 0.3280828 0.0276231 0.0153516
13 0.3883240 0.4465093 0.0276231 0.0153516
20 0.5992637 0.5057226 0.0276231 0.0153516
12 0.5289505 0.2688696 0.0276231 0.0153516
2 0.8102034 0.5057226 0.0276231 0.0153516
13 0.5992637 0.3872961 0.0276231 0.0153516
12 0.5992637 0.3280828 0.0276231 0.0153516
8 0.5289505 0.4465093 0.0276231 0.0153516
15 0.6695770 0.3872961 0.0276231 0.0153516
5 0.5289505 0.5057226 0.0276231 0.0153516
23 0.4586372 0.5057226 0.0276231 0.0153516
1 0.5289505 0.2096563 0.0276231 0.0153516
26 0.5289505 0.3872961 0.0276231 0.0153516
9 0.4586372 0.3280828 0.0276231 0.0153516
27 0.6695770 0.4465093 0.0276231 0.0153516
27 0.3883240 0.2096563 0.0276231 0.0153516
1 0.6695770 0.2096563 0.0276231 0.0153516
20 0.3883240 0.2688696 0.0276231 0.0153516
12 0.4586372 0.3872961 0.0276231 0.0153516
5 0.4586372 0.4465093 0.0276231 0.0153516
19 0.4586372 0.2096563 0.0276231 0.0153516
29 0.8102034 0.2688696 0.0276231 0.0153516
3 0.7398901 0.3280828 0.0276231 0.0153516
19 0.4586372 0.2688696 0.0276231 0.0153516
16 0.7398901 0.3872961 0.0276231 0.0153516
2 0.3883240 0.3280828 0.0276231 0.0153516
3 0.5992637 0.2096563 0.0276231 0.0153516
11 0.3883240 0.3872961 0.0276231 0.0153516
6 0.6695770 0.2688696 0.0276231 0.0153516
15 0.8102034 0.2096563 0.0276231 0.0153516
23 0.6695770 0.5057226 0.0276231 0.0153516
8 0.7398901 0.4465093 0.0276231 0.0153516
25 0.5992637 0.4465093 0.0276231 0.0153516
