26 0.2210373 0.4688413 0.0282725 0.0157876
9 0.3649702 0.3470519 0.0282726 0.0157875
32 0.4324387 0.4981609 0.5204715 0.4330288
10 0.5089030 0.3470519 0.0282726 0.0157875
18 0.6528358 0.3470519 0.0282725 0.0157875
19 0.2210373 0.4079466 0.0282725 0.0157875
16 0.3649702 0.4688413 0.0282726 0.0157876
20 0.5808694 0.5297360 0.0282725 0.0157875
33 0.6528358 0.5297360 0.0668260 0.0608946
6 0.6528358 0.5297360 0.0282725 0.0157875
25 0.6528358 0.6515253 0.0282725 0.0157875
13 0.2210373 0.5297360 0.0282725 0.0157875
12 0.2930037 0.5906307 0.0282725 0.0157876
10 0.4369366 0.5297360 0.0282725 0.0157875
4 0.4369366 0.4079466 0.0282725 0.0157875
13 0.2930037 0.4079466 0.0282725 0.0157875
10 0.2210373 0.5906307 0.0282725 0.0157876
28 0.5089030 0.5906307 0.0282726 0.0157876
26 0.5808694 0.4688413 0.0282725 0.0157876
25 0.6528358 0.4688413 0.0282725 0.0157876
26 0.2210373 0.3470519 0.0282725 0.0157875
16 0.2930037 0.6515253 0.0282725 0.0157875
17 0.6528358 0.4079466 0.0282725 0.0157875
22 0.4369366 0.4688413 0.0282725 0.0157876
13 0.6528358 0.5906307 0.0282725 0.0157876
20 0.4369366 0.3470519 0.0282725 0.0157875
30 0.3649702 0.5906307 0.0282726 0.0157876
23 0.5089030 0.6515253 0.0282726 0.0157875
22 0.2930037 0.4688413 0.0282725 0.0157876
25 0.4369366 0.6515253 0.0282725 0.0157875
27 0.5089030 0.4079466 0.0282726 0.0157875
5 0.4369366 0.5906307 0.0282725 0.0157876
13 0.2930037 0.5297360 0.0282725 0.0157875
11 0.3649702 0.6515253 0.0282726 0.0157875
5 0.5089030 0.4688413 0.0282726 0.0157876
19 0.5808694 0.5906307 0.0282725 0.0157876
9 0.3649702 0.5297360 0.0282726 0.0157875
24 0.5808694 0.4079466 0.0282725 0.0157875
23 0.5089030 0.5297360 0.0282726 0.0157875
25 0.5808694 0.6515253 0.0282725 0.0157875
28 0.2930037 0.3470519 0.0282725 0.0157875
24 0.5808694 0.3470519 0.0282725 0.0157875
16 0.3649702 0.4079466 0.0282726 0.0157875
1 0.2210373 0.6515253 0.0282725 0.0157875
