11 0.3520655 0.6727393 0.0267449 0.0148418
22 0.7605327 0.3865051 0.0267449 0.0148418
32 0.5520443 0.5285620 0.4923489 0.4070886
33 0.4201434 0.3865051 0.0632151 0.0572468
11 0.4201434 0.3865051 0.0267449 0.0148418
12 0.5562991 0.4437519 0.0267449 0.0148418
9 0.5562991 0.5582456 0.0267449 0.0148418
11 0.3520655 0.6154925 0.0267449 0.0148418
22 0.7605327 0.6154925 0.0267449 0.0148418
3 0.5562991 0.6727393 0.0267449 0.0148418
8 0.7605327 0.5582456 0.0267449 0.0148418
24 0.7605327 0.4437519 0.0267449 0.0148418
6 0.4201434 0.4437519 0.0267449 0.0148418
7 0.5562991 0.6154925 0.0267449 0.0148418
31 0.4201434 0.5009988 0.0267449 0.0148418
14 0.6243770 0.5582456 0.0267448 0.0148418
27 0.6924548 0.6727393 0.0267449 0.0148418
17 0.7605327 0.5009988 0.0267449 0.0148418
5 0.4882212 0.6727393 0.0267449 0.0148418
27 0.4882212 0.5009988 0.0267449 0.0148418
27 0.6924548 0.4437519 0.0267449 0.0148418
25 0.6924548 0.5582456 0.0267449 0.0148418
15 0.3520655 0.3865051 0.0267449 0.0148418
22 0.3520655 0.5009988 0.0267449 0.0148418
12 0.5562991 0.3865051 0.0267449 0.0148418
9 0.4882212 0.3865051 0.0267449 0.0148418
26 0.3520655 0.4437519 0.0267449 0.0148418
15 0.6924548 0.3865051 0.0267449 0.0148418
4 0.7605327 0.6727393 0.0267449 0.0148418
3 0.6924548 0.6154925 0.0267449 0.0148418
18 0.4882212 0.6154925 0.0267449 0.0148418
18 0.6243770 0.5009988 0.0267448 0.0148418
8 0.6924548 0.5009988 0.0267449 0.0148418
3 0.6243770 0.6727393 0.0267448 0.0148418
28 0.3520655 0.5582456 0.0267449 0.0148418
30 0.4201434 0.6154925 0.0267449 0.0148418
30 0.4201434 0.6727393 0.0267449 0.0148418
12 0.6243770 0.3865051 0.0267448 0.0148418
16 0.6243770 0.6154925 0.0267448 0.0148418
5 0.4882212 0.4437519 0.0267449 0.0148418
17 0.4882212 0.5582456 0.0267449 0.0148418
6 0.6243770 0.4437519 0.0267448 0.0148418
26 0.5562991 0.5009988 0.0267449 0.0148418
15 0.4201434 0.5582456 0.0267449 0.0148418
