6 0.3217475 0.3527466 0.0277537 0.0160100
20 0.1804561 0.5997578 0.0277537 0.0160100
32 0.3173322 0.4442322 0.5109198 0.4391309
27 0.1098104 0.3527466 0.0277537 0.0160100
11 0.3217475 0.4762522 0.0277537 0.0160100
12 0.5336846 0.4762522 0.0277537 0.0160100
33 0.1098104 0.5380050 0.0655996 0.0617528
11 0.1098104 0.5380050 0.0277537 0.0160099
8 0.5336846 0.5380050 0.0277537 0.0160099
25 0.1098104 0.5997578 0.0277537 0.0160100
14 0.5336846 0.4144994 0.0277537 0.0160100
20 0.1804561 0.2909938 0.0277537 0.0160100
16 0.1098104 0.2909938 0.0277537 0.0160100
18 0.3923932 0.5380050 0.0277536 0.0160099
29 0.4630389 0.5997578 0.0277537 0.0160100
14 0.5336846 0.5997578 0.0277537 0.0160100
3 0.3923932 0.3527466 0.0277536 0.0160100
30 0.1098104 0.4762522 0.0277537 0.0160100
6 0.3217475 0.5997578 0.0277537 0.0160100
31 0.3923932 0.4762522 0.0277536 0.0160100
27 0.3217475 0.2909938 0.0277537 0.0160100
31 0.1098104 0.4144994 0.0277537 0.0160100
14 0.2511018 0.2909938 0.0277537 0.0160100
20 0.4630389 0.2909938 0.0277537 0.0160100
21 0.2511018 0.5380050 0.0277537 0.0160099
17 0.1804561 0.5380050 0.0277537 0.0160099
15 0.5336846 0.3527466 0.0277537 0.0160100
16 0.4630389 0.4762522 0.0277537 0.0160100
25 0.2511018 0.4144994 0.0277537 0.0160100
7 0.5336846 0.2909938 0.0277537 0.0160100
19 0.3923932 0.5997578 0.0277536 0.0160100
20 0.4630389 0.5380050 0.0277537 0.0160099
29 0.3217475 0.4144994 0.0277537 0.0160100
24 0.4630389 0.3527466 0.0277537 0.0160100
2 0.2511018 0.3527466 0.0277537 0.0160100
2 0.3923932 0.4144994 0.0277536 0.0160100
16 0.4630389 0.4144994 0.0277537 0.0160100
2 0.1804561 0.4762522 0.0277537 0.0160100
23 0.3923932 0.2909938 0.0277536 0.0160100
2 0.1804561 0.4144994 0.0277537 0.0160100
4 0.3217475 0.5380050 0.0277537 0.0160099
27 0.1804561 0.3527466 0.0277537 0.0160100
27 0.2511018 0.4762522 0.0277537 0.0160100
4 0.2511018 0.5997578 0.0277537 0.0160100
