6 0.4532868 0.5180271 0.0282640 0.0162356
15 0.0935635 0.4554038 0.0282640 0.0162356
32 0.3049010 0.4855558 0.5203141 0.4453208
6 0.1655082 0.3927806 0.0282640 0.0162357
19 0.2374528 0.3927806 0.0282640 0.0162357
33 0.1655082 0.4554038 0.0668058 0.0626232
12 0.1655082 0.4554038 0.0282640 0.0162356
17 0.4532868 0.4554038 0.0282640 0.0162356
26 0.1655082 0.5180271 0.0282640 0.0162356
20 0.5252315 0.5806503 0.0282640 0.0162356
8 0.3093975 0.5180271 0.0282640 0.0162356
16 0.4532868 0.6432735 0.0282640 0.0162356
28 0.2374528 0.4554038 0.0282640 0.0162356
16 0.0935635 0.6432735 0.0282640 0.0162356
5 0.5252315 0.3301574 0.0282640 0.0162357
3 0.5252315 0.6432735 0.0282640 0.0162356
24 0.4532868 0.5806503 0.0282640 0.0162356
6 0.3813422 0.6432735 0.0282640 0.0162356
1 0.3093975 0.6432735 0.0282640 0.0162356
25 0.3093975 0.4554038 0.0282640 0.0162356
29 0.5252315 0.5180271 0.0282640 0.0162356
13 0.1655082 0.6432735 0.0282640 0.0162356
30 0.3093975 0.5806503 0.0282640 0.0162356
11 0.3093975 0.3301574 0.0282640 0.0162357
13 0.1655082 0.5806503 0.0282640 0.0162356
22 0.3813422 0.5806503 0.0282640 0.0162356
12 0.3813422 0.3301574 0.0282640 0.0162357
24 0.5252315 0.4554038 0.0282640 0.0162356
13 0.4532868 0.3301574 0.0282640 0.0162357
10 0.3813422 0.5180271 0.0282640 0.0162356
5 0.3813422 0.4554038 0.0282640 0.0162356
4 0.4532868 0.3927806 0.0282640 0.0162357
1 0.1655082 0.3301574 0.0282640 0.0162357
26 0.0935635 0.5806503 0.0282640 0.0162356
18 0.0935635 0.3301574 0.0282640 0.0162357
28 0.2374528 0.5806503 0.0282640 0.0162356
25 0.0935635 0.3927806 0.0282640 0.0162357
27 0.5252315 0.3927806 0.0282640 0.0162357
19 0.2374528 0.6432735 0.0282640 0.0162356
9 0.0935635 0.5180271 0.0282640 0.0162356
24 0.3813422 0.3927806 0.0282640 0.0162357
16 0.2374528 0.5180271 0.0282640 0.0162356
24 0.2374528 0.3301574 0.0282640 0.0162357
18 0.3093975 0.3927806 0.0282640 0.0162357
