21 0.3798607 0.6614398 0.0266447 0.0148811
11 0.5833299 0.6614398 0.0266447 0.0148811
32 0.5790910 0.5742792 0.4905061 0.4081667
33 0.5155069 0.4892445 0.0629786 0.0573984
25 0.5155069 0.4892445 0.0266448 0.0148811
1 0.4476838 0.5466429 0.0266447 0.0148811
11 0.7867992 0.5466429 0.0266448 0.0148811
8 0.3798607 0.6040413 0.0266447 0.0148810
15 0.4476838 0.6614398 0.0266447 0.0148811
20 0.7867992 0.6614398 0.0266448 0.0148811
24 0.6511530 0.6614398 0.0266448 0.0148811
17 0.4476838 0.6040413 0.0266447 0.0148810
2 0.5155069 0.4318460 0.0266448 0.0148811
13 0.5833299 0.7188383 0.0266447 0.0148811
16 0.5833299 0.6040413 0.0266447 0.0148810
23 0.5155069 0.7188383 0.0266448 0.0148811
13 0.7189761 0.4318460 0.0266447 0.0148811
18 0.4476838 0.4892445 0.0266447 0.0148811
30 0.6511530 0.7188383 0.0266448 0.0148811
2 0.6511530 0.4892445 0.0266448 0.0148811
13 0.5155069 0.5466429 0.0266448 0.0148811
25 0.5833299 0.4318460 0.0266447 0.0148811
29 0.7867992 0.4318460 0.0266448 0.0148811
1 0.7189761 0.6614398 0.0266447 0.0148811
3 0.5833299 0.4892445 0.0266447 0.0148811
17 0.7867992 0.4892445 0.0266448 0.0148811
15 0.4476838 0.4318460 0.0266447 0.0148811
31 0.6511530 0.5466429 0.0266448 0.0148811
17 0.7189761 0.5466429 0.0266447 0.0148811
24 0.5155069 0.6040413 0.0266448 0.0148810
20 0.3798607 0.5466429 0.0266447 0.0148811
30 0.7189761 0.4892445 0.0266447 0.0148811
14 0.6511530 0.4318460 0.0266448 0.0148811
22 0.6511530 0.6040413 0.0266448 0.0148810
12 0.5155069 0.6614398 0.0266448 0.0148811
25 0.7189761 0.7188383 0.0266447 0.0148811
30 0.7867992 0.6040413 0.0266448 0.0148810
19 0.3798607 0.7188383 0.0266447 0.0148811
11 0.3798607 0.4892445 0.0266447 0.0148811
18 0.7189761 0.6040413 0.0266447 0.0148810
21 0.4476838 0.7188383 0.0266447 0.0148811
10 0.3798607 0.4318460 0.0266447 0.0148811
28 0.5833299 0.5466429 0.0266447 0.0148811
23 0.7867992 0.7188383 0.0266448 0.0148811
