23 0.4257733 0.6157990 0.0274327 0.0171856
5 0.2861161 0.3683270 0.0274327 0.0171856
32 0.2867396 0.5166956 0.5050103 0.4399501
30 0.0766304 0.3683270 0.0274327 0.0171856
14 0.4956019 0.3683270 0.0274327 0.0171856
25 0.0766304 0.4920630 0.0274327 0.0171855
16 0.1464590 0.4920630 0.0274327 0.0171855
15 0.0766304 0.6157990 0.0274327 0.0171856
33 0.2162875 0.6770940 0.0648408 0.0618680
22 0.2162875 0.6770940 0.0274327 0.0160398
6 0.0766304 0.6770940 0.0274327 0.0160398
1 0.2861161 0.6157990 0.0274327 0.0171856
22 0.2861161 0.6770940 0.0274327 0.0160398
8 0.0766304 0.4296222 0.0274327 0.0160398
7 0.4956019 0.6770940 0.0274327 0.0160398
6 0.1464590 0.4296222 0.0274327 0.0160398
3 0.4257733 0.4296222 0.0274327 0.0160398
8 0.3559447 0.6770940 0.0274327 0.0160398
27 0.4956019 0.4920630 0.0274327 0.0171855
18 0.3559447 0.3683270 0.0274327 0.0171856
30 0.3559447 0.6157990 0.0274327 0.0171856
8 0.2861161 0.4920630 0.0274327 0.0171855
14 0.4257733 0.4920630 0.0274327 0.0171855
9 0.4257733 0.3683270 0.0274327 0.0171856
6 0.4257733 0.6770940 0.0274327 0.0160398
21 0.3559447 0.4920630 0.0274327 0.0171855
19 0.2861161 0.4296222 0.0274327 0.0160398
13 0.2162875 0.4296222 0.0274327 0.0160398
18 0.4956019 0.5539310 0.0274327 0.0171855
9 0.0766304 0.5539310 0.0274327 0.0171855
28 0.1464590 0.6157990 0.0274327 0.0171856
20 0.2162875 0.3683270 0.0274327 0.0171856
2 0.2162875 0.6157990 0.0274327 0.0171856
3 0.1464590 0.3683270 0.0274327 0.0171856
17 0.2861161 0.5539310 0.0274327 0.0171855
31 0.4956019 0.4296222 0.0274327 0.0160398
20 0.2162875 0.5539310 0.0274327 0.0171855
16 0.1464590 0.5539310 0.0274327 0.0171855
17 0.1464590 0.6770940 0.0274327 0.0160398
5 0.3559447 0.5539310 0.0274327 0.0171855
23 0.3559447 0.4296222 0.0274327 0.0160398
31 0.4956019 0.6157990 0.0274327 0.0171856
27 0.4257733 0.5539310 0.0274327 0.0171855
6 0.2162875 0.4920630 0.0274327 0.0171855
