14 0.4080096 0.6091028 0.0270365 0.0158093
26 0.4768298 0.4261669 0.0270365 0.0158093
32 0.2660680 0.5165056 0.4977173 0.4336258
10 0.2015491 0.3651883 0.0270365 0.0158093
7 0.2015491 0.4261669 0.0270365 0.0158093
6 0.0639087 0.5481242 0.0270365 0.0158093
33 0.4768298 0.5481242 0.0639045 0.0609787
27 0.4768298 0.5481242 0.0270365 0.0158093
25 0.0639087 0.6700814 0.0270365 0.0158093
19 0.2015491 0.6700814 0.0270365 0.0158093
21 0.4768298 0.3651883 0.0270365 0.0158093
24 0.0639087 0.4261669 0.0270365 0.0158093
14 0.1327289 0.5481242 0.0270365 0.0158093
21 0.2703692 0.4871455 0.0270365 0.0158093
4 0.1327289 0.3651883 0.0270365 0.0158093
20 0.1327289 0.4261669 0.0270365 0.0158093
4 0.2703692 0.3651883 0.0270365 0.0158093
13 0.2015491 0.5481242 0.0270365 0.0158093
20 0.4080096 0.3651883 0.0270365 0.0158093
7 0.3391894 0.5481242 0.0270365 0.0158093
2 0.2015491 0.4871455 0.0270365 0.0158093
16 0.0639087 0.6091028 0.0270365 0.0158093
29 0.0639087 0.3651883 0.0270365 0.0158093
20 0.2703692 0.6700814 0.0270365 0.0158093
20 0.0639087 0.4871455 0.0270365 0.0158093
31 0.3391894 0.6091028 0.0270365 0.0158093
5 0.3391894 0.3651883 0.0270365 0.0158093
27 0.4768298 0.6091028 0.0270365 0.0158093
21 0.4768298 0.4871455 0.0270365 0.0158093
18 0.4080096 0.6700814 0.0270365 0.0158093
28 0.2015491 0.6091028 0.0270365 0.0158093
19 0.2703692 0.5481242 0.0270365 0.0158093
6 0.4080096 0.4261669 0.0270365 0.0158093
7 0.2703692 0.4261669 0.0270365 0.0158093
27 0.4768298 0.6700814 0.0270365 0.0158093
30 0.2703692 0.6091028 0.0270365 0.0158093
16 0.1327289 0.6091028 0.0270365 0.0158093
19 0.3391894 0.4871455 0.0270365 0.0158093
2 0.4080096 0.4871455 0.0270365 0.0158093
15 0.3391894 0.4261669 0.0270365 0.0158093
2 0.1327289 0.4871455 0.0270365 0.0158093
25 0.3391894 0.6700814 0.0270365 0.0158093
17 0.1327289 0.6700814 0.0270365 0.0158093
7 0.4080096 0.5481242 0.0270365 0.0158093
