19 0.5371927 0.2974048 0.0278701 0.0155726
26 0.6790769 0.2373391 0.0278700 0.0155726
32 0.6037009 0.3863910 0.5130635 0.4271337
3 0.5371927 0.2373391 0.0278701 0.0155726
25 0.7500191 0.2373391 0.0278701 0.0155726
33 0.7500191 0.2974048 0.0658749 0.0600657
1 0.7500191 0.2974048 0.0278701 0.0155726
19 0.5371927 0.4175362 0.0278701 0.0155726
12 0.8209612 0.4776018 0.0278702 0.0155726
2 0.3953085 0.5376675 0.0278701 0.0155726
19 0.8209612 0.2373391 0.0278702 0.0155726
1 0.7500191 0.4776018 0.0278701 0.0155726
16 0.4662506 0.4776018 0.0278701 0.0155726
7 0.6790769 0.4776018 0.0278700 0.0155726
14 0.6081348 0.5376675 0.0278701 0.0155726
22 0.8209612 0.2974048 0.0278702 0.0155726
9 0.7500191 0.5376675 0.0278701 0.0155726
19 0.4662506 0.4175362 0.0278701 0.0155726
20 0.6790769 0.4175362 0.0278700 0.0155726
11 0.6081348 0.3574705 0.0278701 0.0155726
28 0.4662506 0.5376675 0.0278701 0.0155726
6 0.3953085 0.2373391 0.0278701 0.0155726
19 0.4662506 0.2974048 0.0278701 0.0155726
15 0.5371927 0.5376675 0.0278701 0.0155726
28 0.7500191 0.3574705 0.0278701 0.0155726
10 0.8209612 0.5376675 0.0278702 0.0155726
3 0.5371927 0.4776018 0.0278701 0.0155726
3 0.6081348 0.2373391 0.0278701 0.0155726
15 0.6081348 0.4175362 0.0278701 0.0155726
15 0.5371927 0.3574705 0.0278701 0.0155726
20 0.4662506 0.3574705 0.0278701 0.0155726
14 0.6081348 0.2974048 0.0278701 0.0155726
17 0.3953085 0.3574705 0.0278701 0.0155726
27 0.8209612 0.4175362 0.0278702 0.0155726
12 0.3953085 0.2974048 0.0278701 0.0155726
23 0.4662506 0.2373391 0.0278701 0.0155726
22 0.6081348 0.4776018 0.0278701 0.0155726
11 0.6790769 0.3574705 0.0278700 0.0155726
2 0.6790769 0.5376675 0.0278700 0.0155726
19 0.3953085 0.4175362 0.0278701 0.0155726
3 0.3953085 0.4776018 0.0278701 0.0155726
10 0.8209612 0.3574705 0.0278702 0.0155726
13 0.6790769 0.2974048 0.0278700 0.0155726
3 0.7500191 0.4175362 0.0278701 0.0155726
