9 0.1202077 0.5605299 0.0270280 0.0173352
13 0.3266037 0.4981230 0.0270280 0.0173352
32 0.3272180 0.5229701 0.4975618 0.4437823
9 0.3954024 0.4981230 0.0270280 0.0173352
23 0.2578051 0.5605299 0.0270281 0.0173352
11 0.3266037 0.6229367 0.0270280 0.0173352
14 0.4642011 0.6229367 0.0270280 0.0173352
10 0.5329997 0.6229367 0.0270280 0.0173352
33 0.4642010 0.6847658 0.0638845 0.0624069
8 0.4642011 0.6847658 0.0270280 0.0161795
24 0.4642011 0.4981230 0.0270280 0.0173352
2 0.3954024 0.6847658 0.0270280 0.0161795
23 0.1890064 0.6229367 0.0270280 0.0173352
4 0.3954024 0.5605299 0.0270280 0.0173352
4 0.3954024 0.3733092 0.0270280 0.0173352
10 0.1890064 0.4981230 0.0270280 0.0173352
17 0.3266037 0.5605299 0.0270280 0.0173352
16 0.1202077 0.3733092 0.0270280 0.0173352
22 0.5329997 0.4351382 0.0270280 0.0161796
13 0.2578051 0.3733092 0.0270281 0.0173352
20 0.3266037 0.3733092 0.0270280 0.0173352
31 0.3954024 0.4351382 0.0270280 0.0161796
5 0.1890064 0.5605299 0.0270280 0.0173352
9 0.2578051 0.4981230 0.0270281 0.0173352
11 0.3266037 0.4351382 0.0270280 0.0161796
4 0.2578051 0.4351382 0.0270281 0.0161796
28 0.5329997 0.5605299 0.0270280 0.0173352
25 0.4642011 0.5605299 0.0270280 0.0173352
26 0.5329997 0.4981230 0.0270280 0.0173352
30 0.4642011 0.4351382 0.0270280 0.0161796
1 0.5329997 0.3733092 0.0270280 0.0173352
4 0.1202077 0.6847658 0.0270280 0.0161795
28 0.1890064 0.4351382 0.0270280 0.0161796
30 0.1890064 0.6847658 0.0270280 0.0161795
11 0.5329997 0.6847658 0.0270280 0.0161795
2 0.3266037 0.6847658 0.0270280 0.0161795
5 0.1202077 0.4981230 0.0270280 0.0173352
20 0.4642011 0.3733092 0.0270280 0.0173352
10 0.1890064 0.3733092 0.0270280 0.0173352
9 0.2578051 0.6229367 0.0270281 0.0173352
28 0.1202077 0.6229367 0.0270280 0.0173352
28 0.2578051 0.6847658 0.0270281 0.0161795
15 0.1202077 0.4351382 0.0270280 0.0161796
10 0.3954024 0.6229367 0.0270280 0.0173352
