13 0.3315802 0.5364885 0.0272264 0.0160718
2 0.3315802 0.3505139 0.0272264 0.0160718
32 0.5351595 0.3803617 0.5012133 0.4408285
14 0.4008838 0.2265309 0.0272264 0.0160719
20 0.6087945 0.2265309 0.0272264 0.0160719
26 0.6087945 0.2885224 0.0272264 0.0160718
33 0.4701874 0.3505140 0.0643533 0.0619915
30 0.4701874 0.3505139 0.0272264 0.0160718
17 0.3315802 0.4125055 0.0272264 0.0160718
27 0.4701874 0.4125055 0.0272264 0.0160718
27 0.6780981 0.2265309 0.0272264 0.0160719
2 0.7474017 0.5364885 0.0272264 0.0160718
29 0.6780981 0.5364885 0.0272264 0.0160718
29 0.4008838 0.2885224 0.0272264 0.0160718
28 0.7474017 0.3505139 0.0272264 0.0160718
8 0.6087945 0.5364885 0.0272264 0.0160718
18 0.5394910 0.5364885 0.0272264 0.0160718
8 0.4701874 0.2265309 0.0272264 0.0160719
8 0.5394910 0.4125055 0.0272264 0.0160718
26 0.6087945 0.4125055 0.0272264 0.0160718
13 0.4701874 0.5364885 0.0272264 0.0160718
27 0.5394910 0.2265309 0.0272264 0.0160719
14 0.5394910 0.3505139 0.0272264 0.0160718
28 0.4008838 0.4125055 0.0272264 0.0160718
21 0.4008838 0.4744970 0.0272264 0.0160718
14 0.3315802 0.2885224 0.0272264 0.0160718
7 0.3315802 0.4744970 0.0272264 0.0160718
14 0.6087945 0.3505139 0.0272264 0.0160718
9 0.7474017 0.2265309 0.0272264 0.0160719
14 0.6780981 0.4125055 0.0272264 0.0160718
8 0.6087945 0.4744970 0.0272264 0.0160718
26 0.5394910 0.4744970 0.0272264 0.0160718
18 0.6780981 0.4744970 0.0272264 0.0160718
15 0.3315802 0.2265309 0.0272264 0.0160719
29 0.7474017 0.4125055 0.0272264 0.0160718
22 0.5394910 0.2885224 0.0272264 0.0160718
3 0.4008838 0.5364885 0.0272264 0.0160718
19 0.4701874 0.4744970 0.0272264 0.0160718
2 0.4008838 0.3505139 0.0272264 0.0160718
24 0.6780981 0.2885224 0.0272264 0.0160718
4 0.4701874 0.2885224 0.0272264 0.0160718
30 0.7474017 0.4744970 0.0272264 0.0160718
25 0.7474017 0.2885224 0.0272264 0.0160718
18 0.6780981 0.3505139 0.0272264 0.0160718
