11 0.4391411 0.4826707 0.0271330 0.0148577
21 0.5082069 0.4826707 0.0271329 0.0148577
32 0.6420219 0.4529554 0.4994936 0.4075237
20 0.4391411 0.3107466 0.0271330 0.0148577
26 0.4391411 0.3680546 0.0271330 0.0148576
14 0.8535358 0.3680546 0.0271330 0.0148576
21 0.7154043 0.4253627 0.0271330 0.0148577
33 0.6463385 0.4826707 0.0641325 0.0573080
27 0.6463385 0.4826707 0.0271329 0.0148577
7 0.5082069 0.5972867 0.0271329 0.0148576
29 0.8535358 0.3107466 0.0271330 0.0148577
17 0.8535358 0.5399787 0.0271330 0.0148576
5 0.5082069 0.3107466 0.0271329 0.0148577
26 0.7844701 0.3680546 0.0271329 0.0148576
20 0.5082069 0.3680546 0.0271329 0.0148576
7 0.7154043 0.4826707 0.0271330 0.0148577
30 0.6463385 0.4253627 0.0271329 0.0148577
10 0.8535358 0.4253627 0.0271330 0.0148577
29 0.5082069 0.5399787 0.0271329 0.0148576
11 0.4391411 0.5972867 0.0271330 0.0148576
12 0.4391411 0.4253627 0.0271330 0.0148577
16 0.6463385 0.3107466 0.0271329 0.0148577
24 0.7844701 0.5972867 0.0271329 0.0148576
2 0.7844701 0.5399787 0.0271329 0.0148576
30 0.4391411 0.5399787 0.0271330 0.0148576
3 0.7154043 0.3680546 0.0271330 0.0148576
5 0.6463385 0.5972867 0.0271329 0.0148576
14 0.6463385 0.3680546 0.0271329 0.0148576
12 0.5772727 0.3680546 0.0271329 0.0148576
14 0.5082069 0.4253627 0.0271329 0.0148577
31 0.8535358 0.4826707 0.0271330 0.0148577
10 0.5772727 0.4253627 0.0271329 0.0148577
12 0.8535358 0.5972867 0.0271330 0.0148576
5 0.7844701 0.4826707 0.0271329 0.0148577
16 0.7154043 0.5399787 0.0271330 0.0148576
11 0.5772727 0.3107466 0.0271329 0.0148577
3 0.5772727 0.5399787 0.0271329 0.0148576
16 0.7154043 0.5972867 0.0271330 0.0148576
20 0.6463385 0.5399787 0.0271329 0.0148576
3 0.5772727 0.4826707 0.0271329 0.0148577
24 0.7844701 0.3107466 0.0271329 0.0148577
2 0.7154043 0.3107466 0.0271330 0.0148577
13 0.5772727 0.5972867 0.0271329 0.0148576
22 0.7844701 0.4253627 0.0271329 0.0148577
