8 0.4147802 0.5794312 0.0278592 0.0160815
18 0.4856946 0.5215376 0.0278592 0.0160815
32 0.4863277 0.5445878 0.5128630 0.4116870
33 0.6984377 0.4052146 0.0658492 0.0578935
26 0.6984378 0.4057506 0.0278593 0.0160815
13 0.5566090 0.4631081 0.0278592 0.0150094
9 0.6984378 0.4631081 0.0278593 0.0150094
2 0.3438658 0.5794312 0.0278592 0.0160815
22 0.5566090 0.5794312 0.0278592 0.0160815
29 0.6275233 0.6373246 0.0278592 0.0160815
26 0.2729514 0.4631081 0.0278592 0.0150094
31 0.4856946 0.4057506 0.0278592 0.0160815
24 0.3438658 0.5215376 0.0278592 0.0160815
7 0.6984378 0.5794312 0.0278593 0.0160815
2 0.4147802 0.5215376 0.0278592 0.0160815
29 0.5566090 0.6946821 0.0278592 0.0150094
31 0.2729514 0.5215376 0.0278592 0.0160815
14 0.5566090 0.6373246 0.0278592 0.0160815
16 0.4856946 0.4631081 0.0278592 0.0150094
4 0.6275233 0.5794312 0.0278592 0.0160815
23 0.4147802 0.4057506 0.0278592 0.0160815
28 0.4856946 0.6946821 0.0278592 0.0150094
24 0.5566090 0.5215376 0.0278592 0.0160815
3 0.6275233 0.4057506 0.0278592 0.0160815
8 0.4856946 0.5794312 0.0278592 0.0160815
5 0.6275233 0.6946821 0.0278592 0.0150094
11 0.3438658 0.6373246 0.0278592 0.0160815
21 0.4147802 0.4631081 0.0278592 0.0150094
5 0.3438658 0.4631081 0.0278592 0.0150094
11 0.2729514 0.5794312 0.0278592 0.0160815
23 0.5566090 0.4057506 0.0278592 0.0160815
31 0.6275233 0.5215376 0.0278592 0.0160815
7 0.4147802 0.6946821 0.0278592 0.0150094
1 0.3438658 0.4057506 0.0278592 0.0160815
9 0.6275233 0.4631081 0.0278592 0.0150094
30 0.6984378 0.6946821 0.0278593 0.0150094
7 0.2729514 0.4057506 0.0278592 0.0160815
15 0.6984378 0.6373246 0.0278593 0.0160815
21 0.4147802 0.6373246 0.0278592 0.0160815
14 0.4856946 0.6373246 0.0278592 0.0160815
16 0.3438658 0.6946821 0.0278592 0.0150094
27 0.2729514 0.6373246 0.0278592 0.0160815
19 0.6984378 0.5215376 0.0278593 0.0160815
29 0.2729514 0.6946821 0.0278592 0.0150094
