21 0.6385930 0.6311217 0.0281656 0.0160765
15 0.4952048 0.5071029 0.0281655 0.0160765
32 0.4190299 0.4749499 0.5185017 0.4409555
3 0.4952048 0.4450936 0.0281655 0.0160765
20 0.2084286 0.5071029 0.0281655 0.0160765
19 0.2084286 0.5691123 0.0281655 0.0160765
10 0.2084286 0.6311217 0.0281655 0.0160765
33 0.4952048 0.6311217 0.0665730 0.0620093
21 0.4952048 0.6311217 0.0281655 0.0160765
14 0.3518167 0.3210748 0.0281656 0.0160765
1 0.2801227 0.4450936 0.0281656 0.0160765
1 0.6385930 0.4450936 0.0281656 0.0160765
20 0.4952048 0.5691123 0.0281655 0.0160765
30 0.6385930 0.3830842 0.0281656 0.0160765
17 0.3518167 0.5691123 0.0281656 0.0160765
1 0.6385930 0.3210748 0.0281656 0.0160765
2 0.2801227 0.3830842 0.0281656 0.0160765
29 0.3518167 0.6311217 0.0281656 0.0160765
6 0.4235108 0.5071029 0.0281655 0.0160765
28 0.4235108 0.3830842 0.0281655 0.0160765
23 0.2801227 0.6311217 0.0281656 0.0160765
4 0.4952048 0.3830842 0.0281655 0.0160765
30 0.5668989 0.5071029 0.0281655 0.0160765
24 0.5668989 0.4450936 0.0281655 0.0160765
20 0.5668989 0.5691123 0.0281655 0.0160765
13 0.5668989 0.3830842 0.0281655 0.0160765
31 0.3518167 0.4450936 0.0281656 0.0160765
29 0.5668989 0.3210748 0.0281655 0.0160765
2 0.4235108 0.5691123 0.0281655 0.0160765
13 0.4235108 0.6311217 0.0281655 0.0160765
23 0.2801227 0.3210748 0.0281656 0.0160765
25 0.2801227 0.5691123 0.0281656 0.0160765
7 0.4952048 0.3210748 0.0281655 0.0160765
16 0.2084286 0.4450936 0.0281655 0.0160765
7 0.2801227 0.5071029 0.0281656 0.0160765
28 0.4235108 0.4450936 0.0281655 0.0160765
2 0.6385930 0.5071029 0.0281656 0.0160765
3 0.2084286 0.3830842 0.0281655 0.0160765
17 0.2084286 0.3210748 0.0281655 0.0160765
3 0.3518167 0.3830842 0.0281656 0.0160765
17 0.6385930 0.5691123 0.0281656 0.0160765
31 0.5668989 0.6311217 0.0281655 0.0160765
23 0.3518167 0.5071029 0.0281656 0.0160765
13 0.4235108 0.3210748 0.0281655 0.0160765
