1 0.6153955 0.6311389 0.0286249 0.0156286
16 0.6882588 0.4502939 0.0286249 0.0156285
32 0.6108415 0.4793184 0.5269577 0.4286696
20 0.6882588 0.3297306 0.0286249 0.0156286
8 0.3968056 0.3900123 0.0286249 0.0156286
12 0.7611221 0.3900123 0.0286249 0.0156286
2 0.3968056 0.4502939 0.0286249 0.0156285
33 0.8339854 0.6311389 0.0676588 0.0602816
28 0.8339854 0.6311389 0.0286248 0.0156286
24 0.6882588 0.3900123 0.0286249 0.0156286
14 0.5425322 0.5708572 0.0286249 0.0156286
26 0.4696689 0.3900123 0.0286249 0.0156286
26 0.3968056 0.5708572 0.0286249 0.0156286
14 0.5425322 0.4502939 0.0286249 0.0156285
19 0.6153955 0.5708572 0.0286249 0.0156286
29 0.7611221 0.5708572 0.0286249 0.0156286
7 0.7611221 0.4502939 0.0286249 0.0156285
18 0.4696689 0.3297306 0.0286249 0.0156286
15 0.8339854 0.3297306 0.0286248 0.0156286
23 0.8339854 0.5708572 0.0286248 0.0156286
27 0.8339854 0.4502939 0.0286248 0.0156285
5 0.6153955 0.4502939 0.0286249 0.0156285
30 0.4696689 0.4502939 0.0286249 0.0156285
29 0.3968056 0.3297306 0.0286249 0.0156286
19 0.7611221 0.3297306 0.0286249 0.0156286
29 0.6882588 0.5105756 0.0286249 0.0156286
1 0.5425322 0.3297306 0.0286249 0.0156286
25 0.3968056 0.6311389 0.0286249 0.0156286
28 0.6153955 0.3297306 0.0286249 0.0156286
23 0.6882588 0.6311389 0.0286249 0.0156286
23 0.8339854 0.5105756 0.0286248 0.0156286
26 0.6882588 0.5708572 0.0286249 0.0156286
1 0.5425322 0.3900123 0.0286249 0.0156286
6 0.4696689 0.5105756 0.0286249 0.0156286
19 0.5425322 0.6311389 0.0286249 0.0156286
29 0.7611221 0.6311389 0.0286249 0.0156286
29 0.7611221 0.5105756 0.0286249 0.0156286
27 0.3968056 0.5105756 0.0286249 0.0156286
4 0.6153955 0.5105756 0.0286249 0.0156286
4 0.8339854 0.3900123 0.0286248 0.0156286
16 0.5425322 0.5105756 0.0286249 0.0156286
18 0.4696689 0.5708572 0.0286249 0.0156286
3 0.4696689 0.6311389 0.0286249 0.0156286
28 0.6153955 0.3900123 0.0286249 0.0156286
