19 0.7446935 0.3529637 0.0284630 0.0152957
31 0.5997915 0.5299573 0.0284629 0.0152957
32 0.5952633 0.4993658 0.5239762 0.4195403
16 0.4548894 0.4119616 0.0284629 0.0152957
33 0.7446935 0.4119616 0.0672759 0.0589979
3 0.7446935 0.4119616 0.0284630 0.0152957
11 0.8171445 0.4119616 0.0284630 0.0152957
29 0.5273404 0.5299573 0.0284629 0.0152957
5 0.7446935 0.5889552 0.0284630 0.0152957
9 0.5273404 0.5889552 0.0284629 0.0152957
27 0.5273404 0.4119616 0.0284629 0.0152957
25 0.8171445 0.5299573 0.0284630 0.0152957
19 0.7446935 0.4709594 0.0284630 0.0152957
15 0.5273404 0.3529637 0.0284629 0.0152957
5 0.6722424 0.6479530 0.0284629 0.0152957
1 0.3824384 0.4709594 0.0284629 0.0152957
13 0.3824384 0.4119616 0.0284629 0.0152957
4 0.3824384 0.6479530 0.0284629 0.0152957
15 0.5997915 0.5889552 0.0284629 0.0152957
26 0.5997915 0.6479530 0.0284629 0.0152957
23 0.6722424 0.4709594 0.0284629 0.0152957
23 0.6722424 0.5299573 0.0284629 0.0152957
23 0.3824384 0.3529637 0.0284629 0.0152957
28 0.7446935 0.6479530 0.0284630 0.0152957
29 0.4548894 0.4709594 0.0284629 0.0152957
15 0.6722424 0.4119616 0.0284629 0.0152957
19 0.4548894 0.3529637 0.0284629 0.0152957
13 0.5997915 0.3529637 0.0284629 0.0152957
26 0.3824384 0.5299573 0.0284629 0.0152957
21 0.4548894 0.6479530 0.0284629 0.0152957
15 0.8171445 0.5889552 0.0284630 0.0152957
18 0.6722424 0.3529637 0.0284629 0.0152957
20 0.8171445 0.4709594 0.0284630 0.0152957
25 0.3824384 0.5889552 0.0284629 0.0152957
30 0.7446935 0.5299573 0.0284630 0.0152957
15 0.5273404 0.4709594 0.0284629 0.0152957
31 0.8171445 0.6479530 0.0284630 0.0152957
6 0.5997915 0.4119616 0.0284629 0.0152957
13 0.5273404 0.6479530 0.0284629 0.0152957
16 0.8171445 0.3529637 0.0284630 0.0152957
19 0.5997915 0.4709594 0.0284629 0.0152957
20 0.4548894 0.5299573 0.0284629 0.0152957
12 0.6722424 0.5889552 0.0284629 0.0152957
23 0.4548894 0.5889552 0.0284629 0.0152957
