28 0.4556014 0.3855573 0.0274725 0.0159288
24 0.3856714 0.5084368 0.0274725 0.0159288
32 0.4512308 0.5380189 0.5057433 0.4369050
11 0.5954612 0.3855573 0.0274725 0.0159288
12 0.5255313 0.4469970 0.0274725 0.0159288
33 0.4556014 0.5698765 0.0649349 0.0614398
26 0.4556014 0.5698765 0.0274725 0.0159288
25 0.3157415 0.6313163 0.0274725 0.0159288
5 0.5255313 0.6927561 0.0274725 0.0159289
5 0.4556014 0.6927561 0.0274725 0.0159289
23 0.3856714 0.6313163 0.0274725 0.0159288
18 0.3157415 0.5084368 0.0274725 0.0159288
16 0.5255313 0.6313163 0.0274725 0.0159288
14 0.6653912 0.5084368 0.0274725 0.0159288
4 0.2458116 0.6313163 0.0274725 0.0159288
14 0.4556014 0.4469970 0.0274725 0.0159288
14 0.3157415 0.3855573 0.0274725 0.0159288
20 0.4556014 0.5084368 0.0274725 0.0159288
4 0.2458116 0.4469970 0.0274725 0.0159288
15 0.6653912 0.3855573 0.0274725 0.0159288
19 0.4556014 0.6313163 0.0274725 0.0159288
16 0.2458116 0.3855573 0.0274725 0.0159288
14 0.5954612 0.6313163 0.0274725 0.0159288
16 0.3856714 0.3855573 0.0274725 0.0159288
5 0.3856714 0.4469970 0.0274725 0.0159288
5 0.5255313 0.5084368 0.0274725 0.0159288
1 0.3856714 0.5698765 0.0274725 0.0159288
14 0.5954612 0.5084368 0.0274725 0.0159288
3 0.2458116 0.6927561 0.0274725 0.0159289
2 0.2458116 0.5698765 0.0274725 0.0159288
20 0.3856714 0.6927561 0.0274725 0.0159289
29 0.6653912 0.4469970 0.0274725 0.0159288
21 0.3157415 0.5698765 0.0274725 0.0159288
4 0.6653912 0.5698765 0.0274725 0.0159288
18 0.5255313 0.3855573 0.0274725 0.0159288
14 0.3157415 0.6927561 0.0274725 0.0159289
27 0.2458116 0.5084368 0.0274725 0.0159288
14 0.5255313 0.5698765 0.0274725 0.0159288
5 0.6653912 0.6927561 0.0274725 0.0159289
19 0.5954612 0.5698765 0.0274725 0.0159288
26 0.3157415 0.4469970 0.0274725 0.0159288
29 0.5954612 0.6927561 0.0274725 0.0159289
23 0.5954612 0.4469970 0.0274725 0.0159288
15 0.6653912 0.6313163 0.0274725 0.0159288
