25 0.3238495 0.4930154 0.0280071 0.0163290
1 0.5377222 0.4930154 0.0280071 0.0163290
32 0.3193939 0.5863242 0.5155860 0.4478820
17 0.3951405 0.4930154 0.0280072 0.0163290
18 0.4664314 0.4930154 0.0280071 0.0163290
33 0.1812678 0.5559989 0.0661987 0.0629834
4 0.1812677 0.5559989 0.0280071 0.0163291
16 0.1812677 0.6819657 0.0280071 0.0163290
5 0.3951405 0.7449491 0.0280072 0.0163290
25 0.4664314 0.4300320 0.0280071 0.0163290
11 0.5377222 0.5559989 0.0280071 0.0163291
30 0.1099768 0.6189823 0.0280071 0.0163291
22 0.2525586 0.4930154 0.0280071 0.0163290
5 0.1099768 0.6819657 0.0280071 0.0163290
22 0.3238495 0.5559989 0.0280071 0.0163291
10 0.3951405 0.6189823 0.0280072 0.0163291
5 0.1812677 0.7449491 0.0280071 0.0163290
25 0.1099768 0.4300320 0.0280071 0.0163290
20 0.3238495 0.7449491 0.0280071 0.0163290
26 0.1812677 0.6189823 0.0280071 0.0163291
10 0.4664314 0.5559989 0.0280071 0.0163291
16 0.3951405 0.5559989 0.0280072 0.0163291
28 0.3951405 0.4300320 0.0280072 0.0163290
6 0.1099768 0.4930154 0.0280071 0.0163290
11 0.4664314 0.6189823 0.0280071 0.0163291
8 0.2525586 0.5559989 0.0280071 0.0163291
15 0.2525586 0.7449491 0.0280071 0.0163290
17 0.2525586 0.6189823 0.0280071 0.0163291
6 0.2525586 0.4300320 0.0280071 0.0163290
7 0.5377222 0.6189823 0.0280071 0.0163291
29 0.1099768 0.7449491 0.0280071 0.0163290
16 0.3238495 0.6819657 0.0280071 0.0163290
4 0.2525586 0.6819657 0.0280071 0.0163290
14 0.5377222 0.4300320 0.0280071 0.0163290
31 0.3238495 0.4300320 0.0280071 0.0163290
12 0.5377222 0.7449491 0.0280071 0.0163290
2 0.3238495 0.6189823 0.0280071 0.0163291
26 0.3951405 0.6819657 0.0280072 0.0163290
21 0.5377222 0.6819657 0.0280071 0.0163290
16 0.1099768 0.5559989 0.0280071 0.0163291
7 0.1812677 0.4930154 0.0280071 0.0163290
28 0.4664314 0.6819657 0.0280071 0.0163290
30 0.1812677 0.4300320 0.0280071 0.0163290
21 0.4664314 0.7449491 0.0280071 0.0163290
