13 0.6852482 0.5260861 0.0267244 0.0154072
27 0.6172224 0.3478028 0.0267244 0.0154072
32 0.5449452 0.4358439 0.4919715 0.4225975
19 0.5491968 0.2883750 0.0267244 0.0154072
10 0.6852482 0.3478028 0.0267244 0.0154072
30 0.4131454 0.5855139 0.0267244 0.0154072
33 0.5491968 0.5855139 0.0631667 0.0594278
7 0.5491968 0.5855139 0.0267244 0.0154072
18 0.7532738 0.5855139 0.0267244 0.0154072
9 0.7532738 0.4072306 0.0267244 0.0154072
29 0.4811711 0.4072306 0.0267244 0.0154072
14 0.3451197 0.4072306 0.0267244 0.0154072
22 0.6172224 0.5260861 0.0267244 0.0154072
8 0.4811711 0.3478028 0.0267244 0.0154072
1 0.5491968 0.4072306 0.0267244 0.0154072
31 0.7532738 0.5260861 0.0267244 0.0154072
9 0.3451197 0.5260861 0.0267244 0.0154072
17 0.6172224 0.4072306 0.0267244 0.0154072
26 0.3451197 0.4666583 0.0267244 0.0154072
3 0.6852482 0.2883750 0.0267244 0.0154072
11 0.4131454 0.4666583 0.0267244 0.0154072
15 0.4131454 0.5260861 0.0267244 0.0154072
24 0.7532738 0.2883750 0.0267244 0.0154072
31 0.4131454 0.4072306 0.0267244 0.0154072
13 0.7532738 0.4666583 0.0267244 0.0154072
16 0.6852482 0.5855139 0.0267244 0.0154072
5 0.4131454 0.3478028 0.0267244 0.0154072
1 0.4811711 0.5855139 0.0267244 0.0154072
31 0.5491968 0.4666583 0.0267244 0.0154072
15 0.3451197 0.3478028 0.0267244 0.0154072
14 0.6172224 0.5855139 0.0267244 0.0154072
7 0.3451197 0.5855139 0.0267244 0.0154072
17 0.5491968 0.5260861 0.0267244 0.0154072
11 0.3451197 0.2883750 0.0267244 0.0154072
17 0.4811711 0.4666583 0.0267244 0.0154072
30 0.4811711 0.2883750 0.0267244 0.0154072
22 0.4131454 0.2883750 0.0267244 0.0154072
14 0.6852482 0.4666583 0.0267244 0.0154072
19 0.6172224 0.2883750 0.0267244 0.0154072
7 0.6852482 0.4072306 0.0267244 0.0154072
29 0.7532738 0.3478028 0.0267244 0.0154072
24 0.6172224 0.4666583 0.0267244 0.0154072
18 0.4811711 0.5260861 0.0267244 0.0154072
27 0.5491968 0.3478028 0.0267244 0.0154072
