17 0.1226106 0.5371843 0.0263679 0.0160810
18 0.1897288 0.6612381 0.0263679 0.0160811
32 0.3197703 0.5670492 0.4854084 0.4410801
33 0.4582016 0.4751574 0.0623240 0.0620269
29 0.4582016 0.4751574 0.0263679 0.0160811
26 0.2568470 0.5371843 0.0263679 0.0160810
6 0.1897288 0.5992112 0.0263679 0.0160811
14 0.3239652 0.5992112 0.0263679 0.0160811
7 0.3910834 0.6612381 0.0263678 0.0160811
5 0.1226106 0.5992112 0.0263679 0.0160811
7 0.5253198 0.7232650 0.0263679 0.0160810
16 0.2568470 0.5992112 0.0263679 0.0160811
14 0.5253198 0.4751574 0.0263679 0.0160811
6 0.2568470 0.7232650 0.0263679 0.0160810
26 0.2568470 0.4751574 0.0263679 0.0160811
16 0.3239652 0.6612381 0.0263679 0.0160811
21 0.3239652 0.7232650 0.0263679 0.0160810
14 0.3910834 0.5371843 0.0263678 0.0160810
18 0.4582016 0.5371843 0.0263679 0.0160810
21 0.4582016 0.6612381 0.0263679 0.0160811
28 0.5253198 0.4131306 0.0263679 0.0160810
31 0.5253198 0.6612381 0.0263679 0.0160811
28 0.3910834 0.5992112 0.0263678 0.0160811
30 0.4582016 0.5992112 0.0263679 0.0160811
28 0.2568470 0.6612381 0.0263679 0.0160811
3 0.2568470 0.4131306 0.0263679 0.0160810
14 0.1897288 0.4131306 0.0263679 0.0160810
28 0.1897288 0.5371843 0.0263679 0.0160810
20 0.3239652 0.5371843 0.0263679 0.0160810
23 0.1226106 0.6612381 0.0263679 0.0160811
2 0.3239652 0.4131306 0.0263679 0.0160810
7 0.1226106 0.4751574 0.0263679 0.0160811
1 0.5253198 0.5371843 0.0263679 0.0160810
5 0.3910834 0.4751574 0.0263678 0.0160811
23 0.3239652 0.4751574 0.0263679 0.0160811
20 0.4582016 0.4131306 0.0263679 0.0160810
16 0.5253198 0.5992112 0.0263679 0.0160811
5 0.3910834 0.7232650 0.0263678 0.0160810
15 0.4582016 0.7232650 0.0263679 0.0160810
7 0.1897288 0.4751574 0.0263679 0.0160811
20 0.3910834 0.4131306 0.0263678 0.0160810
25 0.1226106 0.7232650 0.0263679 0.0160810
25 0.1897288 0.7232650 0.0263679 0.0160810
6 0.1226106 0.4131306 0.0263679 0.0160810
