21 0.3778308 0.7143661 0.0287216 0.0160474
3 0.1585021 0.6524692 0.0287216 0.0160473
32 0.3732615 0.5584777 0.5287389 0.4401554
20 0.1585021 0.5286755 0.0287216 0.0160474
18 0.3047213 0.5286755 0.0287216 0.0160474
33 0.3778308 0.5286755 0.0678875 0.0618968
29 0.3778308 0.5286755 0.0287216 0.0160474
13 0.3047213 0.5905724 0.0287216 0.0160474
10 0.5240500 0.6524692 0.0287216 0.0160473
12 0.4509404 0.5905724 0.0287216 0.0160474
8 0.5240500 0.4667787 0.0287216 0.0160473
24 0.1585021 0.7143661 0.0287216 0.0160474
8 0.1585021 0.4667787 0.0287216 0.0160473
21 0.4509404 0.4048818 0.0287216 0.0160473
19 0.4509404 0.7143661 0.0287216 0.0160474
28 0.3778308 0.6524692 0.0287216 0.0160473
28 0.3047213 0.6524692 0.0287216 0.0160473
1 0.3778308 0.4667787 0.0287216 0.0160473
20 0.2316117 0.4667787 0.0287216 0.0160473
11 0.1585021 0.4048818 0.0287216 0.0160473
10 0.2316117 0.6524692 0.0287216 0.0160473
25 0.5971596 0.5905724 0.0287216 0.0160474
7 0.5240500 0.7143661 0.0287216 0.0160474
1 0.5971596 0.5286755 0.0287216 0.0160474
16 0.3047213 0.4667787 0.0287216 0.0160473
22 0.5240500 0.5905724 0.0287216 0.0160474
17 0.3778308 0.5905724 0.0287216 0.0160474
18 0.5971596 0.7143661 0.0287216 0.0160474
1 0.3778308 0.4048818 0.0287216 0.0160473
21 0.1585021 0.5905724 0.0287216 0.0160474
6 0.4509404 0.6524692 0.0287216 0.0160473
13 0.2316117 0.5905724 0.0287216 0.0160474
20 0.2316117 0.5286755 0.0287216 0.0160474
28 0.5971596 0.4667787 0.0287216 0.0160473
16 0.3047213 0.4048818 0.0287216 0.0160473
15 0.5240500 0.5286755 0.0287216 0.0160474
5 0.5971596 0.6524692 0.0287216 0.0160473
23 0.2316117 0.7143661 0.0287216 0.0160474
21 0.2316117 0.4048818 0.0287216 0.0160473
10 0.5240500 0.4048818 0.0287216 0.0160473
16 0.4509404 0.5286755 0.0287216 0.0160474
16 0.3047213 0.7143661 0.0287216 0.0160474
15 0.5971596 0.4048818 0.0287216 0.0160473
19 0.4509404 0.4667787 0.0287216 0.0160473
