7 0.2356231 0.3139350 0.0286334 0.0160742
2 0.0898532 0.3759353 0.0286334 0.0160742
32 0.3039527 0.3437870 0.5271141 0.4408906
13 0.4542778 0.1899346 0.0286334 0.0160742
3 0.5271627 0.2519348 0.0286333 0.0160741
11 0.3085080 0.4379355 0.0286333 0.0160741
27 0.3813929 0.4379355 0.0286333 0.0160741
33 0.5271627 0.4999357 0.0676789 0.0620003
19 0.5271627 0.4999357 0.0286333 0.0160742
21 0.1627381 0.2519348 0.0286334 0.0160741
6 0.3085080 0.3759353 0.0286333 0.0160742
15 0.0898532 0.4999357 0.0286334 0.0160742
4 0.4542778 0.2519348 0.0286334 0.0160741
21 0.3813929 0.3139350 0.0286333 0.0160742
15 0.0898532 0.2519348 0.0286334 0.0160741
27 0.4542778 0.3759353 0.0286334 0.0160742
5 0.3813929 0.3759353 0.0286333 0.0160742
23 0.2356231 0.4999357 0.0286334 0.0160742
6 0.3085080 0.4999357 0.0286333 0.0160742
19 0.5271627 0.3139350 0.0286333 0.0160742
5 0.2356231 0.4379355 0.0286334 0.0160741
30 0.1627381 0.3139350 0.0286334 0.0160742
23 0.2356231 0.3759353 0.0286334 0.0160742
15 0.0898532 0.1899346 0.0286334 0.0160742
2 0.4542778 0.3139350 0.0286334 0.0160742
17 0.1627381 0.4379355 0.0286334 0.0160741
5 0.3085080 0.3139350 0.0286333 0.0160742
5 0.2356231 0.2519348 0.0286334 0.0160741
24 0.5271627 0.3759353 0.0286333 0.0160742
19 0.0898532 0.3139350 0.0286334 0.0160742
24 0.0898532 0.4379355 0.0286334 0.0160741
31 0.3813929 0.4999357 0.0286333 0.0160742
29 0.1627381 0.4999357 0.0286334 0.0160742
31 0.3813929 0.1899346 0.0286333 0.0160742
1 0.5271627 0.1899346 0.0286333 0.0160742
28 0.4542778 0.4379355 0.0286334 0.0160741
14 0.3085080 0.2519348 0.0286333 0.0160741
26 0.1627381 0.1899346 0.0286334 0.0160742
15 0.4542778 0.4999357 0.0286334 0.0160742
18 0.3085080 0.1899346 0.0286333 0.0160742
1 0.2356231 0.1899346 0.0286334 0.0160742
29 0.1627381 0.3759353 0.0286334 0.0160742
23 0.5271627 0.4379355 0.0286333 0.0160741
16 0.3813929 0.2519348 0.0286333 0.0160741
