21 0.4434954 0.6244493 0.0288310 0.0155210
14 0.2967193 0.7441831 0.0288310 0.0155210
32 0.3655206 0.5934073 0.5307528 0.4257198
16 0.1499432 0.4448488 0.0288310 0.0155210
1 0.3701073 0.4448488 0.0288310 0.0155210
5 0.2233313 0.5645825 0.0288310 0.0155210
25 0.3701073 0.6843161 0.0288310 0.0155210
33 0.4434954 0.6843162 0.0681461 0.0598668
30 0.4434954 0.6843161 0.0288310 0.0155210
2 0.5168834 0.7441831 0.0288310 0.0155210
24 0.5902715 0.4448488 0.0288310 0.0155210
28 0.4434954 0.4448488 0.0288310 0.0155210
11 0.5168834 0.5645825 0.0288310 0.0155210
7 0.2233313 0.4448488 0.0288310 0.0155210
4 0.5168834 0.5047156 0.0288310 0.0155210
16 0.5902715 0.6843161 0.0288310 0.0155210
2 0.3701073 0.6244493 0.0288310 0.0155210
27 0.2967193 0.6843161 0.0288310 0.0155210
11 0.3701073 0.7441831 0.0288310 0.0155210
11 0.5902715 0.7441831 0.0288310 0.0155210
5 0.2233313 0.6244493 0.0288310 0.0155210
16 0.5902715 0.5047156 0.0288310 0.0155210
4 0.5168834 0.4448488 0.0288310 0.0155210
11 0.5902715 0.6244493 0.0288310 0.0155210
11 0.5902715 0.5645825 0.0288310 0.0155210
24 0.2967193 0.5645825 0.0288310 0.0155210
5 0.2967193 0.6244493 0.0288310 0.0155210
27 0.5168834 0.6843161 0.0288310 0.0155210
17 0.3701073 0.5645825 0.0288310 0.0155210
11 0.2967193 0.4448488 0.0288310 0.0155210
14 0.5168834 0.6244493 0.0288310 0.0155210
9 0.3701073 0.5047156 0.0288310 0.0155210
4 0.2967193 0.5047156 0.0288310 0.0155210
3 0.2233313 0.6843161 0.0288310 0.0155210
29 0.4434954 0.5047156 0.0288310 0.0155210
15 0.4434954 0.5645825 0.0288310 0.0155210
15 0.1499432 0.6843161 0.0288310 0.0155210
2 0.2233313 0.7441831 0.0288310 0.0155210
2 0.4434954 0.7441831 0.0288310 0.0155210
27 0.2233313 0.5047156 0.0288310 0.0155210
20 0.1499432 0.5047156 0.0288310 0.0155210
12 0.1499432 0.6244493 0.0288310 0.0155210
20 0.1499432 0.5645825 0.0288310 0.0155210
21 0.1499432 0.7441831 0.0288310 0.0155210
