31 0.5432342 0.4127444 0.0271109 0.0148777
11 0.5432342 0.3553587 0.0271109 0.0148778
32 0.5389211 0.4403745 0.4990870 0.4080760
9 0.4742246 0.2979730 0.0271109 0.0148778
6 0.7502628 0.4127444 0.0271109 0.0148777
3 0.5432342 0.5275157 0.0271109 0.0148778
33 0.4052151 0.5849014 0.0640803 0.0573857
17 0.4052151 0.5849014 0.0271109 0.0148777
11 0.4742246 0.5849014 0.0271109 0.0148777
1 0.5432342 0.2979730 0.0271109 0.0148778
12 0.6812533 0.5275157 0.0271109 0.0148778
14 0.3362055 0.2979730 0.0271109 0.0148778
29 0.6812533 0.3553587 0.0271109 0.0148778
30 0.6122437 0.3553587 0.0271109 0.0148778
27 0.4052151 0.5275157 0.0271109 0.0148778
15 0.6812533 0.4127444 0.0271109 0.0148777
13 0.7502628 0.5849014 0.0271109 0.0148777
11 0.7502628 0.3553587 0.0271109 0.0148778
1 0.3362055 0.4127444 0.0271109 0.0148777
28 0.4742246 0.4127444 0.0271109 0.0148777
12 0.4052151 0.4127444 0.0271109 0.0148777
4 0.5432342 0.4701301 0.0271109 0.0148778
8 0.6122437 0.5849014 0.0271109 0.0148777
27 0.7502628 0.2979730 0.0271109 0.0148778
26 0.7502628 0.5275157 0.0271109 0.0148778
29 0.6122437 0.4127444 0.0271109 0.0148777
1 0.3362055 0.4701301 0.0271109 0.0148778
4 0.3362055 0.3553587 0.0271109 0.0148778
26 0.6812533 0.4701301 0.0271109 0.0148778
9 0.4052151 0.2979730 0.0271109 0.0148778
15 0.5432342 0.5849014 0.0271109 0.0148777
24 0.6122437 0.2979730 0.0271109 0.0148778
28 0.4052151 0.4701301 0.0271109 0.0148778
31 0.4052151 0.3553587 0.0271109 0.0148778
18 0.7502628 0.4701301 0.0271109 0.0148778
10 0.4742246 0.4701301 0.0271109 0.0148778
14 0.6812533 0.2979730 0.0271109 0.0148778
4 0.3362055 0.5275157 0.0271109 0.0148778
1 0.4742246 0.5275157 0.0271109 0.0148778
25 0.6122437 0.4701301 0.0271109 0.0148778
25 0.3362055 0.5849014 0.0271109 0.0148777
26 0.6122437 0.5275157 0.0271109 0.0148778
29 0.6812533 0.5849014 0.0271109 0.0148777
20 0.4742246 0.3553587 0.0271109 0.0148778
