15 0.4384686 0.2604113 0.0275464 0.0155561
2 0.5085867 0.5004202 0.0275463 0.0155562
32 0.5743223 0.4093058 0.5071037 0.4266826
33 0.5085867 0.2604113 0.0651096 0.0600022
16 0.5085867 0.2604113 0.0275463 0.0155561
16 0.6488228 0.2604113 0.0275464 0.0155561
17 0.7890588 0.2604113 0.0275464 0.0155561
14 0.3683506 0.5004202 0.0275464 0.0155562
29 0.5085867 0.5604225 0.0275463 0.0155562
24 0.6488228 0.4404180 0.0275464 0.0155562
1 0.5787048 0.3204135 0.0275463 0.0155561
4 0.6488228 0.3804158 0.0275464 0.0155562
29 0.5787048 0.2604113 0.0275463 0.0155561
7 0.4384686 0.3804158 0.0275464 0.0155562
5 0.7189408 0.5604225 0.0275464 0.0155562
23 0.4384686 0.4404180 0.0275464 0.0155562
6 0.3683506 0.3804158 0.0275464 0.0155562
19 0.3683506 0.3204135 0.0275464 0.0155561
31 0.7189408 0.3804158 0.0275464 0.0155562
18 0.4384686 0.5004202 0.0275464 0.0155562
18 0.7189408 0.2604113 0.0275464 0.0155561
31 0.7890588 0.3204135 0.0275464 0.0155561
23 0.7189408 0.3204135 0.0275464 0.0155561
20 0.3683506 0.4404180 0.0275464 0.0155562
28 0.5787048 0.5604225 0.0275463 0.0155562
15 0.5085867 0.4404180 0.0275463 0.0155562
7 0.3683506 0.5604225 0.0275464 0.0155562
29 0.6488228 0.5004202 0.0275464 0.0155562
5 0.5787048 0.4404180 0.0275463 0.0155562
26 0.7189408 0.5004202 0.0275464 0.0155562
2 0.4384686 0.3204135 0.0275464 0.0155561
17 0.5085867 0.3204135 0.0275463 0.0155561
27 0.7890588 0.3804158 0.0275464 0.0155562
13 0.5085867 0.3804158 0.0275463 0.0155562
16 0.4384686 0.5604225 0.0275464 0.0155562
2 0.6488228 0.5604225 0.0275464 0.0155562
31 0.7890588 0.5004202 0.0275464 0.0155562
1 0.7890588 0.4404180 0.0275464 0.0155562
4 0.6488228 0.3204135 0.0275464 0.0155561
7 0.7890588 0.5604225 0.0275464 0.0155562
7 0.7189408 0.4404180 0.0275464 0.0155562
24 0.3683506 0.2604113 0.0275464 0.0155561
6 0.5787048 0.5004202 0.0275463 0.0155562
18 0.5787048 0.3804158 0.0275463 0.0155562
