29 0.5609068 0.3480910 0.0279977 0.0148294
26 0.4183731 0.5196882 0.0279977 0.0148294
32 0.3426521 0.3756312 0.5154122 0.4067491
33 0.2045725 0.3480910 0.0661764 0.0571991
30 0.2045725 0.3480910 0.0279977 0.0148294
17 0.2045725 0.4052901 0.0279977 0.0148294
18 0.2758393 0.4624891 0.0279977 0.0148294
1 0.5609068 0.4624891 0.0279977 0.0148294
25 0.3471062 0.5196882 0.0279977 0.0148294
13 0.5609068 0.2336928 0.0279977 0.0148294
26 0.3471062 0.4624891 0.0279977 0.0148294
15 0.1333056 0.5196882 0.0279977 0.0148294
21 0.5609068 0.5196882 0.0279977 0.0148294
1 0.3471062 0.2908919 0.0279977 0.0148294
8 0.2045725 0.2336928 0.0279977 0.0148294
3 0.2758393 0.2336928 0.0279977 0.0148294
3 0.3471062 0.3480910 0.0279977 0.0148294
21 0.2045725 0.4624891 0.0279977 0.0148294
22 0.4183731 0.2336928 0.0279977 0.0148294
27 0.1333056 0.4624891 0.0279977 0.0148294
17 0.4896400 0.2908919 0.0279977 0.0148294
30 0.1333056 0.2336928 0.0279977 0.0148294
22 0.1333056 0.2908919 0.0279977 0.0148294
1 0.3471062 0.2336928 0.0279977 0.0148294
16 0.3471062 0.4052901 0.0279977 0.0148294
10 0.2758393 0.3480910 0.0279977 0.0148294
25 0.4896400 0.5196882 0.0279977 0.0148294
4 0.4183731 0.4052901 0.0279977 0.0148294
9 0.4183731 0.4624891 0.0279977 0.0148294
20 0.4183731 0.2908919 0.0279977 0.0148294
27 0.2045725 0.2908919 0.0279977 0.0148294
24 0.4896400 0.4624891 0.0279977 0.0148294
31 0.5609068 0.2908919 0.0279977 0.0148294
30 0.1333056 0.4052901 0.0279977 0.0148294
31 0.2758393 0.2908919 0.0279977 0.0148294
5 0.2758393 0.5196882 0.0279977 0.0148294
19 0.4896400 0.3480910 0.0279977 0.0148294
20 0.1333056 0.3480910 0.0279977 0.0148294
30 0.2758393 0.4052901 0.0279977 0.0148294
23 0.4183731 0.3480910 0.0279977 0.0148294
16 0.4896400 0.4052901 0.0279977 0.0148294
14 0.5609068 0.4052901 0.0279977 0.0148294
2 0.2045725 0.5196882 0.0279977 0.0148294
29 0.4896400 0.2336928 0.0279977 0.0148294
