15 0.3992850 0.6740830 0.0286806 0.0149840
13 0.1072646 0.6162878 0.0286806 0.0149840
32 0.2569768 0.5863199 0.5114536 0.4109885
4 0.1072646 0.4429020 0.0286806 0.0149840
21 0.1802697 0.5584925 0.0286806 0.0149840
19 0.3992850 0.6162878 0.0286806 0.0149840
18 0.1802697 0.7318783 0.0286806 0.0149839
33 0.2532748 0.7318783 0.0677904 0.0577953
23 0.2532748 0.7318783 0.0286806 0.0149839
5 0.0342596 0.7318783 0.0286806 0.0149839
7 0.3262799 0.5584925 0.0286806 0.0149840
25 0.0342596 0.4429020 0.0286806 0.0149840
26 0.0342596 0.6740830 0.0286806 0.0149840
14 0.1802697 0.6162878 0.0286806 0.0149840
28 0.3262799 0.4429020 0.0286806 0.0149840
30 0.2532748 0.6740830 0.0286806 0.0149840
30 0.3262799 0.6740830 0.0286806 0.0149840
31 0.4722901 0.4429020 0.0286806 0.0149840
15 0.1802697 0.5006972 0.0286806 0.0149840
7 0.0342596 0.5584925 0.0286806 0.0149840
25 0.1072646 0.5584925 0.0286806 0.0149840
26 0.2532748 0.6162878 0.0286806 0.0149840
15 0.3992850 0.5584925 0.0286806 0.0149840
20 0.0342596 0.6162878 0.0286806 0.0149840
30 0.3262799 0.7318783 0.0286806 0.0149839
18 0.3992850 0.7318783 0.0286806 0.0149839
30 0.1802697 0.6740830 0.0286806 0.0149840
16 0.1072646 0.7318783 0.0286806 0.0149839
3 0.3262799 0.5006972 0.0286806 0.0149840
7 0.1072646 0.5006972 0.0286806 0.0149840
15 0.3262799 0.6162878 0.0286806 0.0149840
3 0.4722901 0.6162878 0.0286806 0.0149840
19 0.2532748 0.5006972 0.0286806 0.0149840
31 0.4722901 0.7318783 0.0286806 0.0149839
7 0.1072646 0.6740830 0.0286806 0.0149840
19 0.3992850 0.4429020 0.0286806 0.0149840
15 0.2532748 0.4429020 0.0286806 0.0149840
2 0.1802697 0.4429020 0.0286806 0.0149840
5 0.2532748 0.5584925 0.0286806 0.0149840
16 0.4722901 0.5006972 0.0286806 0.0149840
4 0.4722901 0.5584925 0.0286806 0.0149840
19 0.4722901 0.6740830 0.0286806 0.0149840
2 0.0342596 0.5006972 0.0286806 0.0149840
16 0.3992850 0.5006972 0.0286806 0.0149840
