20 0.7049887 0.4858270 0.0281322 0.0171785
12 0.6333793 0.4234118 0.0281322 0.0160333
32 0.4908000 0.5104495 0.5178891 0.4397697
26 0.5617700 0.3621418 0.0281322 0.0171785
24 0.5617700 0.4858270 0.0281322 0.0171785
19 0.4901606 0.5476696 0.0281322 0.0171785
33 0.3469419 0.6089396 0.0664944 0.0618426
25 0.3469419 0.6095123 0.0281322 0.0171785
23 0.4185513 0.6707822 0.0281322 0.0160333
3 0.4901606 0.3621418 0.0281322 0.0171785
15 0.3469419 0.3621418 0.0281322 0.0171785
10 0.5617700 0.4234118 0.0281322 0.0160333
21 0.7049887 0.3621418 0.0281322 0.0171785
16 0.2753325 0.4234118 0.0281322 0.0160333
20 0.2753325 0.3621418 0.0281322 0.0171785
8 0.5617700 0.6095123 0.0281322 0.0171785
29 0.4185513 0.4858270 0.0281322 0.0171785
11 0.4901606 0.6095123 0.0281322 0.0171785
6 0.4185513 0.4234118 0.0281322 0.0160333
23 0.7049887 0.6095123 0.0281322 0.0171785
21 0.2753325 0.4858270 0.0281322 0.0171785
16 0.3469419 0.6707822 0.0281322 0.0160333
27 0.7049887 0.5476696 0.0281322 0.0171785
9 0.4901606 0.6707822 0.0281322 0.0160333
30 0.6333793 0.6095123 0.0281322 0.0171785
26 0.2753325 0.6707822 0.0281322 0.0160333
7 0.2753325 0.6095123 0.0281322 0.0171785
26 0.6333793 0.5476696 0.0281322 0.0171785
6 0.6333793 0.6707822 0.0281322 0.0160333
26 0.4185513 0.6095123 0.0281322 0.0171785
14 0.4185513 0.3621418 0.0281322 0.0171785
18 0.7049887 0.6707822 0.0281322 0.0160333
13 0.7049887 0.4234118 0.0281322 0.0160333
18 0.3469419 0.4234118 0.0281322 0.0160333
27 0.4901606 0.4858270 0.0281322 0.0171785
27 0.4185513 0.5476696 0.0281322 0.0171785
12 0.2753325 0.5476696 0.0281322 0.0171785
13 0.3469419 0.4858270 0.0281322 0.0171785
12 0.5617700 0.5476696 0.0281322 0.0171785
12 0.4901606 0.4234118 0.0281322 0.0160333
24 0.3469419 0.5476696 0.0281322 0.0171785
24 0.6333793 0.4858270 0.0281322 0.0171785
14 0.6333793 0.3621418 0.0281322 0.0171785
29 0.5617700 0.6707822 0.0281322 0.0160333
