3 0.3237135 0.5084052 0.0268953 0.0149071
29 0.3237135 0.5659039 0.0268953 0.0149071
32 0.3194346 0.5935885 0.4951173 0.4088803
22 0.4606348 0.4509064 0.0268953 0.0149071
28 0.5290955 0.5084052 0.0268953 0.0149071
26 0.5290955 0.5659039 0.0268953 0.0149071
33 0.3237135 0.6234027 0.0635706 0.0574988
19 0.3237135 0.6234027 0.0268953 0.0149071
25 0.5290955 0.6234027 0.0268953 0.0149071
31 0.3921741 0.4509064 0.0268953 0.0149071
26 0.1867921 0.4509064 0.0268953 0.0149071
30 0.3921741 0.5084052 0.0268953 0.0149071
20 0.1867921 0.6234027 0.0268953 0.0149071
26 0.1183315 0.4509064 0.0268953 0.0149071
30 0.3921741 0.7384003 0.0268953 0.0149071
31 0.3237135 0.6809015 0.0268953 0.0149071
28 0.3921741 0.6809015 0.0268953 0.0149071
24 0.2552528 0.6809015 0.0268953 0.0149071
6 0.2552528 0.4509064 0.0268953 0.0149071
27 0.3921741 0.5659039 0.0268953 0.0149071
20 0.1867921 0.5084052 0.0268953 0.0149071
21 0.1867921 0.5659039 0.0268953 0.0149071
20 0.1183315 0.7384003 0.0268953 0.0149071
1 0.4606348 0.7384003 0.0268953 0.0149071
15 0.5290955 0.6809015 0.0268953 0.0149071
17 0.2552528 0.5659039 0.0268953 0.0149071
13 0.1183315 0.5659039 0.0268953 0.0149071
19 0.5290955 0.4509064 0.0268953 0.0149071
18 0.1867921 0.7384003 0.0268953 0.0149071
1 0.2552528 0.5084052 0.0268953 0.0149071
29 0.4606348 0.5084052 0.0268953 0.0149071
1 0.3237135 0.4509064 0.0268953 0.0149071
29 0.4606348 0.5659039 0.0268953 0.0149071
5 0.5290955 0.7384003 0.0268953 0.0149071
17 0.3237135 0.7384003 0.0268953 0.0149071
14 0.4606348 0.6809015 0.0268953 0.0149071
23 0.2552528 0.7384003 0.0268953 0.0149071
21 0.1183315 0.6234027 0.0268953 0.0149071
15 0.1183315 0.5084052 0.0268953 0.0149071
28 0.3921741 0.6234027 0.0268953 0.0149071
5 0.1183315 0.6809015 0.0268953 0.0149071
17 0.1867921 0.6809015 0.0268953 0.0149071
25 0.2552528 0.6234027 0.0268953 0.0149071
5 0.4606348 0.6234027 0.0268953 0.0149071
