18 0.1547244 0.3051581 0.0272543 0.0159302
5 0.2240990 0.5345526 0.0272543 0.0159302
32 0.2940931 0.4426886 0.5017271 0.4078125
33 0.5015975 0.4193243 0.0644193 0.0573486
19 0.5015975 0.4198553 0.0272543 0.0159302
12 0.4322229 0.4772040 0.0272543 0.0159302
25 0.5015975 0.4772040 0.0272543 0.0159302
17 0.3628483 0.5345526 0.0272543 0.0159302
18 0.2934737 0.5913702 0.0272543 0.0148682
12 0.3628483 0.3051581 0.0272543 0.0159302
12 0.0853498 0.3619757 0.0272543 0.0148682
16 0.2934737 0.3051581 0.0272543 0.0159302
2 0.2240990 0.3051581 0.0272543 0.0159302
25 0.1547244 0.4772040 0.0272543 0.0159302
4 0.0853498 0.4772040 0.0272543 0.0159302
14 0.2240990 0.4198553 0.0272543 0.0159302
22 0.2240990 0.5913702 0.0272543 0.0148682
1 0.2240990 0.3619757 0.0272543 0.0148682
29 0.5015975 0.5345526 0.0272543 0.0159302
21 0.1547244 0.3619757 0.0272543 0.0148682
4 0.4322229 0.3619757 0.0272543 0.0148682
1 0.4322229 0.5345526 0.0272543 0.0159302
2 0.2934737 0.3619757 0.0272543 0.0148682
15 0.2934737 0.4198553 0.0272543 0.0159302
2 0.0853498 0.5913702 0.0272543 0.0148682
14 0.1547244 0.5913702 0.0272543 0.0148682
16 0.2240990 0.4772040 0.0272543 0.0159302
4 0.5015975 0.5913702 0.0272543 0.0148682
19 0.0853498 0.5345526 0.0272543 0.0159302
20 0.5015975 0.3051581 0.0272543 0.0159302
6 0.4322229 0.4198553 0.0272543 0.0159302
11 0.3628483 0.5913702 0.0272543 0.0148682
7 0.4322229 0.5913702 0.0272543 0.0148682
26 0.3628483 0.4772040 0.0272543 0.0159302
15 0.2934737 0.4772040 0.0272543 0.0159302
22 0.3628483 0.4198553 0.0272543 0.0159302
1 0.1547244 0.4198553 0.0272543 0.0159302
5 0.5015975 0.3619757 0.0272543 0.0148682
22 0.2934737 0.5345526 0.0272543 0.0159302
11 0.3628483 0.3619757 0.0272543 0.0148682
25 0.4322229 0.3051581 0.0272543 0.0159302
22 0.0853498 0.3051581 0.0272543 0.0159302
8 0.0853498 0.4198553 0.0272543 0.0159302
21 0.1547244 0.5345526 0.0272543 0.0159302
