26 0.3995583 0.3950861 0.0261390 0.0149513
31 0.6657008 0.2220777 0.0261391 0.0149513
32 0.5950067 0.3651834 0.4811951 0.4100938
2 0.4660939 0.2220777 0.0261390 0.0149513
9 0.7322363 0.2220777 0.0261390 0.0149513
33 0.7987720 0.2797472 0.0617831 0.0576694
28 0.7987720 0.2797472 0.0261390 0.0149513
22 0.4660939 0.3950861 0.0261390 0.0149513
29 0.6657008 0.5104249 0.0261391 0.0149513
27 0.5991652 0.4527555 0.0261390 0.0149514
22 0.7322363 0.2797472 0.0261390 0.0149513
27 0.7322363 0.3374166 0.0261390 0.0149514
19 0.5326295 0.3950861 0.0261390 0.0149513
20 0.6657008 0.4527555 0.0261391 0.0149514
25 0.5991652 0.2797472 0.0261390 0.0149513
25 0.4660939 0.3374166 0.0261390 0.0149514
21 0.5326295 0.5104249 0.0261390 0.0149513
30 0.4660939 0.2797472 0.0261390 0.0149513
4 0.6657008 0.2797472 0.0261391 0.0149513
8 0.7987720 0.2220777 0.0261390 0.0149513
21 0.6657008 0.3374166 0.0261391 0.0149514
18 0.7987720 0.4527555 0.0261390 0.0149514
21 0.7322363 0.5104249 0.0261390 0.0149513
13 0.5326295 0.4527555 0.0261390 0.0149514
25 0.4660939 0.4527555 0.0261390 0.0149514
13 0.5326295 0.2220777 0.0261390 0.0149513
18 0.3995583 0.2797472 0.0261390 0.0149513
18 0.4660939 0.5104249 0.0261390 0.0149513
16 0.7987720 0.3374166 0.0261390 0.0149514
18 0.7322363 0.3950861 0.0261390 0.0149513
31 0.5991652 0.3950861 0.0261390 0.0149513
28 0.5326295 0.2797472 0.0261390 0.0149513
14 0.7987720 0.5104249 0.0261390 0.0149513
9 0.3995583 0.5104249 0.0261390 0.0149513
28 0.5991652 0.5104249 0.0261390 0.0149513
29 0.5991652 0.3374166 0.0261390 0.0149514
4 0.5326295 0.3374166 0.0261390 0.0149514
24 0.3995583 0.4527555 0.0261390 0.0149514
25 0.7322363 0.4527555 0.0261390 0.0149514
8 0.7987720 0.3950861 0.0261390 0.0149513
28 0.3995583 0.2220777 0.0261390 0.0149513
8 0.6657008 0.3950861 0.0261391 0.0149513
18 0.5991652 0.2220777 0.0261390 0.0149513
2 0.3995583 0.3374166 0.0261390 0.0149514
