11 0.4558842 0.3633139 0.0264741 0.0161937
14 0.7254388 0.3044767 0.0264742 0.0151141
32 0.5912632 0.3865249 0.4873641 0.4145588
8 0.7928274 0.2467192 0.0264742 0.0161937
7 0.5232729 0.3044767 0.0264741 0.0151141
10 0.5906615 0.3633139 0.0264741 0.0161937
33 0.5232729 0.4210714 0.0625751 0.0582973
12 0.5232729 0.4216112 0.0264741 0.0161937
25 0.5906615 0.5376660 0.0264741 0.0151141
21 0.7254388 0.4216112 0.0264742 0.0161937
5 0.6580501 0.2467192 0.0264741 0.0161937
13 0.4558842 0.4799085 0.0264741 0.0161937
5 0.6580501 0.5376660 0.0264741 0.0151141
27 0.5232729 0.2467192 0.0264741 0.0161937
15 0.5232729 0.3633139 0.0264741 0.0161937
13 0.5232729 0.5376660 0.0264741 0.0151141
29 0.7928274 0.4216112 0.0264742 0.0161937
4 0.7928274 0.3044767 0.0264742 0.0151141
14 0.7928274 0.5376660 0.0264742 0.0151141
10 0.4558842 0.2467192 0.0264741 0.0161937
9 0.7254388 0.3633139 0.0264742 0.0161937
6 0.4558842 0.4216112 0.0264741 0.0161937
17 0.3884956 0.5376660 0.0264741 0.0151141
15 0.7254388 0.5376660 0.0264742 0.0151141
11 0.3884956 0.3044767 0.0264741 0.0151141
24 0.3884956 0.4799085 0.0264741 0.0161937
30 0.3884956 0.3633139 0.0264741 0.0161937
15 0.5906615 0.3044767 0.0264741 0.0151141
7 0.5906615 0.2467192 0.0264741 0.0161937
20 0.7254388 0.4799085 0.0264742 0.0161937
2 0.6580501 0.3044767 0.0264741 0.0151141
29 0.6580501 0.4799085 0.0264741 0.0161937
24 0.6580501 0.4216112 0.0264741 0.0161937
20 0.6580501 0.3633139 0.0264741 0.0161937
17 0.3884956 0.2467192 0.0264741 0.0161937
8 0.5906615 0.4799085 0.0264741 0.0161937
18 0.5232729 0.4799085 0.0264741 0.0161937
20 0.4558842 0.3044767 0.0264741 0.0151141
7 0.5906615 0.4216112 0.0264741 0.0161937
11 0.7928274 0.3633139 0.0264742 0.0161937
15 0.4558842 0.5376660 0.0264741 0.0151141
6 0.7254388 0.2467192 0.0264742 0.0161937
18 0.7928274 0.4799085 0.0264742 0.0161937
19 0.3884956 0.4216112 0.0264741 0.0161937
