9 0.4645801 0.5231857 0.0287925 0.0165739
30 0.6844501 0.7016313 0.0287924 0.0154690
32 0.6118144 0.5469416 0.5300436 0.4242916
33 0.8310300 0.4033013 0.0680550 0.0596660
26 0.8310300 0.4038537 0.0287926 0.0165739
7 0.6111601 0.5231857 0.0287925 0.0165739
17 0.4645801 0.6425177 0.0287925 0.0165739
1 0.4645801 0.7016313 0.0287925 0.0154690
6 0.5378701 0.4038537 0.0287925 0.0165739
3 0.3912901 0.4629673 0.0287925 0.0154690
10 0.3912901 0.5828517 0.0287925 0.0165739
21 0.3912901 0.6425177 0.0287925 0.0165739
8 0.6111601 0.6425177 0.0287925 0.0165739
26 0.4645801 0.4629673 0.0287925 0.0154690
28 0.6844501 0.5231857 0.0287924 0.0165739
24 0.5378701 0.7016313 0.0287925 0.0154690
2 0.7577400 0.6425177 0.0287925 0.0165739
31 0.8310300 0.4629673 0.0287926 0.0154690
14 0.6844501 0.4629673 0.0287924 0.0154690
12 0.6111601 0.7016313 0.0287925 0.0154690
24 0.8310300 0.5828517 0.0287926 0.0165739
3 0.7577400 0.5828517 0.0287925 0.0165739
25 0.8310300 0.5231857 0.0287926 0.0165739
4 0.3912901 0.7016313 0.0287925 0.0154690
15 0.6111601 0.4629673 0.0287925 0.0154690
4 0.5378701 0.6425177 0.0287925 0.0165739
28 0.6111601 0.4038537 0.0287925 0.0165739
14 0.4645801 0.5828517 0.0287925 0.0165739
20 0.4645801 0.4038537 0.0287925 0.0165739
11 0.6844501 0.4038537 0.0287924 0.0165739
13 0.5378701 0.5231857 0.0287925 0.0165739
4 0.7577400 0.7016313 0.0287925 0.0154690
21 0.6844501 0.5828517 0.0287924 0.0165739
10 0.5378701 0.5828517 0.0287925 0.0165739
5 0.3912901 0.5231857 0.0287925 0.0165739
10 0.6111601 0.5828517 0.0287925 0.0165739
12 0.7577400 0.5231857 0.0287925 0.0165739
23 0.3912901 0.4038537 0.0287925 0.0165739
18 0.6844501 0.6425177 0.0287924 0.0165739
26 0.5378701 0.4629673 0.0287925 0.0154690
8 0.8310300 0.7016313 0.0287926 0.0154690
20 0.8310300 0.6425177 0.0287926 0.0165739
23 0.7577400 0.4038537 0.0287925 0.0165739
29 0.7577400 0.4629673 0.0287925 0.0154690
