30 0.1975203 0.4861742 0.0270957 0.0168199
16 0.4044327 0.6072776 0.0270956 0.0168199
32 0.4050485 0.5102828 0.4988067 0.4305897
11 0.5423743 0.4861742 0.0270956 0.0168199
5 0.2664911 0.5467259 0.0270957 0.0168199
33 0.4044327 0.5461653 0.0640443 0.0605517
16 0.4044327 0.5467259 0.0270956 0.0168199
23 0.2664911 0.6072776 0.0270957 0.0168199
16 0.4734035 0.6672686 0.0270956 0.0156986
25 0.2664911 0.4861742 0.0270957 0.0168199
16 0.1975203 0.6672686 0.0270957 0.0156986
5 0.5423743 0.4250619 0.0270956 0.0156986
28 0.2664911 0.6672686 0.0270957 0.0156986
26 0.6113451 0.4250619 0.0270957 0.0156986
23 0.4044327 0.4861742 0.0270956 0.0168199
15 0.4734035 0.6072776 0.0270956 0.0168199
10 0.4734035 0.5467259 0.0270956 0.0168199
12 0.5423743 0.5467259 0.0270956 0.0168199
19 0.1975203 0.3650709 0.0270957 0.0168199
10 0.2664911 0.3650709 0.0270957 0.0168199
5 0.3354619 0.4861742 0.0270956 0.0168199
29 0.4044327 0.4250619 0.0270956 0.0156986
18 0.3354619 0.4250619 0.0270956 0.0156986
27 0.6113451 0.5467259 0.0270957 0.0168199
1 0.1975203 0.4250619 0.0270957 0.0156986
28 0.6113451 0.3650709 0.0270957 0.0168199
7 0.5423743 0.3650709 0.0270956 0.0168199
14 0.2664911 0.4250619 0.0270957 0.0156986
18 0.6113451 0.6072776 0.0270957 0.0168199
11 0.4734035 0.4250619 0.0270956 0.0156986
22 0.6113451 0.4861742 0.0270957 0.0168199
12 0.5423743 0.6072776 0.0270956 0.0168199
5 0.4044327 0.6672686 0.0270956 0.0156986
7 0.4734035 0.4861742 0.0270956 0.0168199
1 0.3354619 0.5467259 0.0270956 0.0168199
28 0.6113451 0.6672686 0.0270957 0.0156986
23 0.4044327 0.3650709 0.0270956 0.0168199
24 0.3354619 0.3650709 0.0270956 0.0168199
5 0.5423743 0.6672686 0.0270956 0.0156986
17 0.1975203 0.6072776 0.0270957 0.0168199
15 0.3354619 0.6072776 0.0270956 0.0168199
7 0.3354619 0.6672686 0.0270956 0.0156986
19 0.1975203 0.5467259 0.0270957 0.0168199
12 0.4734035 0.3650709 0.0270956 0.0168199
