30 0.3436329 0.3381024 0.0266857 0.0149773
3 0.4115601 0.2803326 0.0266857 0.0149773
32 0.3393874 0.4236873 0.4912597 0.4108073
31 0.4115601 0.3958722 0.0266857 0.0149773
10 0.4115601 0.5114117 0.0266857 0.0149773
33 0.1398511 0.5691815 0.0630753 0.0577698
7 0.1398511 0.5691815 0.0266857 0.0149773
14 0.4115601 0.5691815 0.0266857 0.0149773
9 0.3436329 0.5691815 0.0266857 0.0149773
31 0.4794874 0.3381024 0.0266857 0.0149773
29 0.4115601 0.4536420 0.0266857 0.0149773
6 0.3436329 0.5114117 0.0266857 0.0149773
27 0.1398511 0.5114117 0.0266857 0.0149773
14 0.4115601 0.3381024 0.0266857 0.0149773
21 0.3436329 0.3958722 0.0266857 0.0149773
9 0.4794874 0.4536420 0.0266857 0.0149773
14 0.2077783 0.3381024 0.0266857 0.0149773
30 0.5474147 0.5691815 0.0266857 0.0149773
30 0.5474147 0.5114117 0.0266857 0.0149773
29 0.2757056 0.4536420 0.0266857 0.0149773
1 0.2757056 0.5114117 0.0266857 0.0149773
21 0.1398511 0.2803326 0.0266857 0.0149773
17 0.5474147 0.3381024 0.0266857 0.0149773
7 0.1398511 0.4536420 0.0266857 0.0149773
25 0.5474147 0.4536420 0.0266857 0.0149773
26 0.2077783 0.5691815 0.0266857 0.0149773
3 0.2757056 0.5691815 0.0266857 0.0149773
29 0.3436329 0.4536420 0.0266857 0.0149773
6 0.1398511 0.3958722 0.0266857 0.0149773
1 0.2077783 0.3958722 0.0266857 0.0149773
11 0.2077783 0.5114117 0.0266857 0.0149773
6 0.2757056 0.3958722 0.0266857 0.0149773
15 0.1398511 0.3381024 0.0266857 0.0149773
25 0.4794874 0.5114117 0.0266857 0.0149773
22 0.5474147 0.3958722 0.0266857 0.0149773
6 0.5474147 0.2803326 0.0266857 0.0149773
21 0.4794874 0.2803326 0.0266857 0.0149773
15 0.3436329 0.2803326 0.0266857 0.0149773
12 0.2757056 0.3381024 0.0266857 0.0149773
22 0.2077783 0.2803326 0.0266857 0.0149773
27 0.2077783 0.4536420 0.0266857 0.0149773
27 0.4794874 0.5691815 0.0266857 0.0149773
4 0.4794874 0.3958722 0.0266857 0.0149773
28 0.2757056 0.2803326 0.0266857 0.0149773
