16 0.4414092 0.3257930 0.0283326 0.0162151
28 0.4414092 0.5003764 0.0283326 0.0151342
32 0.4420531 0.3490348 0.5215777 0.4151086
33 0.6577673 0.3252525 0.0669680 0.0583747
27 0.6577674 0.3257930 0.0283327 0.0162151
10 0.2250510 0.4425423 0.0283326 0.0162152
27 0.2971704 0.4425423 0.0283326 0.0162152
22 0.5135286 0.5003764 0.0283326 0.0151342
12 0.2971704 0.5003764 0.0283326 0.0151342
12 0.5135286 0.2668778 0.0283326 0.0151342
6 0.6577674 0.5003764 0.0283327 0.0151342
8 0.2250510 0.3257930 0.0283326 0.0162151
10 0.6577674 0.2668778 0.0283327 0.0151342
31 0.3692898 0.3257930 0.0283326 0.0162151
9 0.5856480 0.5003764 0.0283326 0.0151342
19 0.4414092 0.3841677 0.0283326 0.0162152
6 0.4414092 0.2668778 0.0283326 0.0151342
23 0.2250510 0.5003764 0.0283326 0.0151342
1 0.3692898 0.2090437 0.0283326 0.0162152
9 0.5856480 0.2668778 0.0283326 0.0151342
3 0.3692898 0.4425423 0.0283326 0.0162152
13 0.6577674 0.3841677 0.0283327 0.0162152
8 0.5856480 0.4425423 0.0283326 0.0162152
27 0.2971704 0.2090437 0.0283326 0.0162152
9 0.5135286 0.3841677 0.0283326 0.0162152
17 0.2250510 0.2090437 0.0283326 0.0162152
29 0.2250510 0.2668778 0.0283326 0.0151342
30 0.5135286 0.2090437 0.0283326 0.0162152
30 0.3692898 0.5003764 0.0283326 0.0151342
10 0.5856480 0.3257930 0.0283326 0.0162151
11 0.3692898 0.3841677 0.0283326 0.0162152
30 0.4414092 0.4425423 0.0283326 0.0162152
7 0.4414092 0.2090437 0.0283326 0.0162152
14 0.2971704 0.3257930 0.0283326 0.0162151
15 0.5135286 0.4425423 0.0283326 0.0162152
29 0.5856480 0.2090437 0.0283326 0.0162152
24 0.6577674 0.2090437 0.0283327 0.0162152
9 0.2250510 0.3841677 0.0283326 0.0162152
17 0.6577674 0.4425423 0.0283327 0.0162152
20 0.5856480 0.3841677 0.0283326 0.0162152
2 0.2971704 0.2668778 0.0283326 0.0151342
12 0.3692898 0.2668778 0.0283326 0.0151342
4 0.5135286 0.3257930 0.0283326 0.0162151
12 0.2971704 0.3841677 0.0283326 0.0162152
