24 0.2937163 0.6374846 0.0281329 0.0158316
14 0.7233830 0.5764199 0.0281329 0.0158315
32 0.5040739 0.6058214 0.5179018 0.4342379
4 0.6517719 0.4542905 0.0281329 0.0158316
33 0.5801608 0.5153552 0.0664960 0.0610647
2 0.5801608 0.5153552 0.0281329 0.0158316
9 0.7233830 0.5153552 0.0281329 0.0158316
11 0.5085497 0.7596141 0.0281329 0.0158316
3 0.5085497 0.5764199 0.0281329 0.0158315
6 0.3653275 0.7596141 0.0281329 0.0158316
3 0.4369386 0.7596141 0.0281329 0.0158316
13 0.6517719 0.6374846 0.0281329 0.0158316
6 0.4369386 0.5764199 0.0281329 0.0158315
6 0.5085497 0.6374846 0.0281329 0.0158316
2 0.2937163 0.5764199 0.0281329 0.0158315
21 0.4369386 0.6985493 0.0281329 0.0158316
30 0.2937163 0.7596141 0.0281329 0.0158316
21 0.6517719 0.5764199 0.0281329 0.0158315
29 0.7233830 0.6374846 0.0281329 0.0158316
24 0.5801608 0.4542905 0.0281329 0.0158316
31 0.3653275 0.6985493 0.0281329 0.0158316
30 0.2937163 0.4542905 0.0281329 0.0158316
21 0.6517719 0.7596141 0.0281329 0.0158316
1 0.3653275 0.4542905 0.0281329 0.0158316
14 0.6517719 0.5153552 0.0281329 0.0158316
15 0.5085497 0.4542905 0.0281329 0.0158316
20 0.5801608 0.5764199 0.0281329 0.0158315
17 0.7233830 0.7596141 0.0281329 0.0158316
30 0.5801608 0.6985493 0.0281329 0.0158316
17 0.2937163 0.5153552 0.0281329 0.0158316
6 0.3653275 0.5764199 0.0281329 0.0158315
27 0.2937163 0.6985493 0.0281329 0.0158316
6 0.4369386 0.5153552 0.0281329 0.0158316
31 0.4369386 0.4542905 0.0281329 0.0158316
5 0.7233830 0.4542905 0.0281329 0.0158316
5 0.5085497 0.5153552 0.0281329 0.0158316
31 0.6517719 0.6985493 0.0281329 0.0158316
1 0.7233830 0.6985493 0.0281329 0.0158316
21 0.3653275 0.5153552 0.0281329 0.0158316
17 0.4369386 0.6374846 0.0281329 0.0158316
7 0.5801608 0.6374846 0.0281329 0.0158316
2 0.5085497 0.6985493 0.0281329 0.0158316
15 0.3653275 0.6374846 0.0281329 0.0158316
25 0.5801608 0.7596141 0.0281329 0.0158316
