7 0.1494407 0.3945754 0.0261360 0.0151925
16 0.3490250 0.3359758 0.0261360 0.0151925
32 0.3448670 0.4227900 0.4811408 0.4167080
33 0.2824969 0.3359758 0.0617761 0.0585995
12 0.2824969 0.3359758 0.0261360 0.0151925
9 0.4155531 0.5117745 0.0261361 0.0151925
8 0.3490250 0.5703741 0.0261360 0.0151925
4 0.4820813 0.5703741 0.0261360 0.0151925
28 0.2824969 0.4531749 0.0261360 0.0151925
13 0.1494407 0.5117745 0.0261360 0.0151925
14 0.4155531 0.3945754 0.0261361 0.0151925
26 0.4820813 0.5117745 0.0261360 0.0151925
18 0.2159688 0.5117745 0.0261360 0.0151925
14 0.3490250 0.2773762 0.0261360 0.0151925
26 0.2159688 0.3945754 0.0261360 0.0151925
5 0.4155531 0.3359758 0.0261361 0.0151925
23 0.4820813 0.4531749 0.0261360 0.0151925
13 0.2824969 0.3945754 0.0261360 0.0151925
24 0.3490250 0.5117745 0.0261360 0.0151925
26 0.2824969 0.2773762 0.0261360 0.0151925
26 0.3490250 0.4531749 0.0261360 0.0151925
29 0.5486094 0.5117745 0.0261361 0.0151925
27 0.5486094 0.4531749 0.0261361 0.0151925
31 0.5486094 0.2773762 0.0261361 0.0151925
24 0.1494407 0.2773762 0.0261360 0.0151925
13 0.4820813 0.3359758 0.0261360 0.0151925
4 0.2159688 0.3359758 0.0261360 0.0151925
21 0.2159688 0.5703741 0.0261360 0.0151925
4 0.4155531 0.4531749 0.0261361 0.0151925
13 0.5486094 0.3359758 0.0261361 0.0151925
6 0.4155531 0.5703741 0.0261361 0.0151925
30 0.5486094 0.3945754 0.0261361 0.0151925
2 0.1494407 0.5703741 0.0261360 0.0151925
31 0.1494407 0.4531749 0.0261360 0.0151925
7 0.2159688 0.4531749 0.0261360 0.0151925
2 0.4820813 0.3945754 0.0261360 0.0151925
17 0.4155531 0.2773762 0.0261361 0.0151925
21 0.2824969 0.5703741 0.0261360 0.0151925
21 0.4820813 0.2773762 0.0261360 0.0151925
7 0.1494407 0.3359758 0.0261360 0.0151925
1 0.2824969 0.5117745 0.0261360 0.0151925
1 0.5486094 0.5703741 0.0261361 0.0151925
3 0.2159688 0.2773762 0.0261360 0.0151925
25 0.3490250 0.3945754 0.0261360 0.0151925
