31 0.3010740 0.4921140 0.0279213 0.0153745
21 0.5142912 0.3735107 0.0279213 0.0153745
32 0.4387768 0.4020634 0.5140058 0.4217004
12 0.5142912 0.2549075 0.0279213 0.0153745
7 0.5853636 0.2549075 0.0279213 0.0153745
4 0.3010740 0.3142091 0.0279213 0.0153745
33 0.3010740 0.3735107 0.0659958 0.0593016
6 0.3010740 0.3735107 0.0279213 0.0153745
15 0.3721465 0.4921140 0.0279213 0.0153745
31 0.2300016 0.4328124 0.0279213 0.0153745
8 0.6564361 0.3735107 0.0279213 0.0153745
25 0.4432188 0.3735107 0.0279213 0.0153745
24 0.6564361 0.3142091 0.0279213 0.0153745
26 0.4432188 0.4328124 0.0279213 0.0153745
3 0.5853636 0.5514156 0.0279213 0.0153745
7 0.2300016 0.2549075 0.0279213 0.0153745
14 0.4432188 0.4921140 0.0279213 0.0153745
3 0.2300016 0.3142091 0.0279213 0.0153745
24 0.5142912 0.4921140 0.0279213 0.0153745
1 0.3721465 0.2549075 0.0279213 0.0153745
3 0.6564361 0.4328124 0.0279213 0.0153745
27 0.2300016 0.5514156 0.0279213 0.0153745
25 0.3721465 0.3735107 0.0279213 0.0153745
19 0.4432188 0.5514156 0.0279213 0.0153745
4 0.3010740 0.5514156 0.0279213 0.0153745
1 0.3721465 0.3142091 0.0279213 0.0153745
13 0.6564361 0.5514156 0.0279213 0.0153745
3 0.3010740 0.2549075 0.0279213 0.0153745
16 0.2300016 0.4921140 0.0279213 0.0153745
6 0.5853636 0.4921140 0.0279213 0.0153745
3 0.6564361 0.4921140 0.0279213 0.0153745
4 0.3721465 0.4328124 0.0279213 0.0153745
29 0.3721465 0.5514156 0.0279213 0.0153745
29 0.4432188 0.3142091 0.0279213 0.0153745
5 0.5142912 0.4328124 0.0279213 0.0153745
29 0.4432188 0.2549075 0.0279213 0.0153745
2 0.6564361 0.2549075 0.0279213 0.0153745
27 0.5853636 0.3142091 0.0279213 0.0153745
29 0.5853636 0.4328124 0.0279213 0.0153745
13 0.2300016 0.3735107 0.0279213 0.0153745
1 0.5142912 0.5514156 0.0279213 0.0153745
25 0.5853636 0.3735107 0.0279213 0.0153745
20 0.5142912 0.3142091 0.0279213 0.0153745
21 0.3010740 0.4328124 0.0279213 0.0153745
