9 0.5519400 0.2232164 0.0283012 0.0161577
19 0.5519400 0.3977194 0.0283012 0.0161577
32 0.4805439 0.3627111 0.5209991 0.4136368
18 0.5519400 0.2808455 0.0283012 0.0150805
6 0.3358219 0.3395517 0.0283012 0.0161576
4 0.6960188 0.4558871 0.0283012 0.0161577
33 0.2637825 0.5135161 0.0668937 0.0581677
31 0.2637825 0.5135161 0.0283012 0.0150805
23 0.6239794 0.3977194 0.0283012 0.0161577
2 0.3358219 0.2232164 0.0283012 0.0161577
28 0.3358219 0.4558871 0.0283012 0.0161577
26 0.4799007 0.2808455 0.0283012 0.0150805
16 0.4799007 0.2232164 0.0283012 0.0161577
14 0.4078613 0.3977194 0.0283012 0.0161577
11 0.5519400 0.3395517 0.0283012 0.0161576
23 0.3358219 0.5135161 0.0283012 0.0150805
30 0.6960188 0.5135161 0.0283012 0.0150805
7 0.5519400 0.5135161 0.0283012 0.0150805
1 0.2637825 0.3977194 0.0283012 0.0161577
29 0.2637825 0.2232164 0.0283012 0.0161577
16 0.4799007 0.4558871 0.0283012 0.0161577
30 0.4078613 0.3395517 0.0283012 0.0161576
21 0.6239794 0.3395517 0.0283012 0.0161576
24 0.4799007 0.3395517 0.0283012 0.0161576
29 0.6960188 0.2232164 0.0283012 0.0161577
23 0.4078613 0.5135161 0.0283012 0.0150805
5 0.4799007 0.3977194 0.0283012 0.0161577
11 0.4078613 0.2808455 0.0283012 0.0150805
9 0.6960188 0.3977194 0.0283012 0.0161577
21 0.6239794 0.2808455 0.0283012 0.0150805
14 0.3358219 0.3977194 0.0283012 0.0161577
26 0.2637825 0.4558871 0.0283012 0.0161577
14 0.4799007 0.5135161 0.0283012 0.0150805
25 0.6239794 0.4558871 0.0283012 0.0161577
1 0.6239794 0.5135161 0.0283012 0.0150805
22 0.2637825 0.3395517 0.0283012 0.0161576
13 0.6960188 0.2808455 0.0283012 0.0150805
1 0.6239794 0.2232164 0.0283012 0.0161577
21 0.2637825 0.2808455 0.0283012 0.0150805
10 0.4078613 0.4558871 0.0283012 0.0161577
1 0.6960188 0.3395517 0.0283012 0.0161576
19 0.4078613 0.2232164 0.0283012 0.0161577
9 0.5519400 0.4558871 0.0283012 0.0161577
26 0.3358219 0.2808455 0.0283012 0.0150805
