6 0.4448241 0.3157872 0.0286014 0.0156350
17 0.5176277 0.2560388 0.0286014 0.0167519
32 0.5910813 0.4006632 0.5265258 0.4288477
11 0.3720206 0.2560388 0.0286014 0.0167519
33 0.3720206 0.3157872 0.0676033 0.0603067
23 0.3720206 0.3157872 0.0286014 0.0156350
25 0.3720206 0.3766522 0.0286014 0.0167518
6 0.5176277 0.5570140 0.0286014 0.0156350
15 0.6632349 0.4972657 0.0286014 0.0167519
1 0.8088419 0.4369590 0.0286014 0.0167518
8 0.5904313 0.2560388 0.0286014 0.0167519
12 0.5904313 0.5570140 0.0286014 0.0156350
26 0.8088419 0.5570140 0.0286014 0.0156350
28 0.4448241 0.2560388 0.0286014 0.0167519
17 0.4448241 0.4369590 0.0286014 0.0167518
24 0.7360384 0.3766522 0.0286014 0.0167518
15 0.8088419 0.3766522 0.0286014 0.0167518
4 0.5176277 0.4369590 0.0286014 0.0167518
26 0.7360384 0.2560388 0.0286014 0.0167519
11 0.6632349 0.3157872 0.0286014 0.0156350
4 0.3720206 0.4369590 0.0286014 0.0167518
26 0.7360384 0.3157872 0.0286014 0.0156350
20 0.5904313 0.4369590 0.0286014 0.0167518
4 0.5904313 0.3766522 0.0286014 0.0167518
31 0.6632349 0.3766522 0.0286014 0.0167518
10 0.5176277 0.3157872 0.0286014 0.0156350
26 0.6632349 0.5570140 0.0286014 0.0156350
29 0.3720206 0.4972657 0.0286014 0.0167519
22 0.6632349 0.4369590 0.0286014 0.0167518
27 0.5904313 0.3157872 0.0286014 0.0156350
6 0.7360384 0.4972657 0.0286014 0.0167519
28 0.5904313 0.4972657 0.0286014 0.0167519
18 0.7360384 0.5570140 0.0286014 0.0156350
11 0.8088419 0.2560388 0.0286014 0.0167519
27 0.4448241 0.4972657 0.0286014 0.0167519
26 0.3720206 0.5570140 0.0286014 0.0156350
15 0.4448241 0.3766522 0.0286014 0.0167518
27 0.6632349 0.2560388 0.0286014 0.0167519
6 0.5176277 0.4972657 0.0286014 0.0167519
18 0.4448241 0.5570140 0.0286014 0.0156350
14 0.7360384 0.4369590 0.0286014 0.0167518
30 0.8088419 0.3157872 0.0286014 0.0156350
2 0.5176277 0.3766522 0.0286014 0.0167518
11 0.8088419 0.4972657 0.0286014 0.0167519
