6 0.3377998 0.4082726 0.0273595 0.0152635
27 0.3377998 0.4671461 0.0273595 0.0152635
32 0.3334472 0.4954926 0.5036634 0.4186558
29 0.1288728 0.3493991 0.0273595 0.0152635
5 0.5467268 0.4082726 0.0273595 0.0152635
33 0.2681575 0.5260196 0.0646679 0.0588734
12 0.2681575 0.5260196 0.0273595 0.0152635
2 0.1985151 0.5848930 0.0273595 0.0152635
14 0.5467268 0.4671461 0.0273595 0.0152635
23 0.5467268 0.5848930 0.0273595 0.0152635
17 0.5467268 0.5260196 0.0273595 0.0152635
28 0.4074422 0.4671461 0.0273595 0.0152635
24 0.4770845 0.6437665 0.0273595 0.0152635
20 0.4074422 0.3493991 0.0273595 0.0152635
20 0.4770845 0.4082726 0.0273595 0.0152635
26 0.5467268 0.3493991 0.0273595 0.0152635
5 0.1985151 0.5260196 0.0273595 0.0152635
31 0.1288728 0.6437665 0.0273595 0.0152635
29 0.1288728 0.5848930 0.0273595 0.0152635
2 0.4074422 0.5260196 0.0273595 0.0152635
7 0.3377998 0.6437665 0.0273595 0.0152635
19 0.3377998 0.3493991 0.0273595 0.0152635
26 0.2681575 0.4082726 0.0273595 0.0152635
14 0.1985151 0.6437665 0.0273595 0.0152635
30 0.3377998 0.5260196 0.0273595 0.0152635
27 0.4770845 0.3493991 0.0273595 0.0152635
16 0.1288728 0.5260196 0.0273595 0.0152635
25 0.3377998 0.5848930 0.0273595 0.0152635
15 0.1985151 0.3493991 0.0273595 0.0152635
20 0.5467268 0.6437665 0.0273595 0.0152635
16 0.2681575 0.3493991 0.0273595 0.0152635
7 0.1288728 0.4671461 0.0273595 0.0152635
21 0.4074422 0.6437665 0.0273595 0.0152635
23 0.1985151 0.4671461 0.0273595 0.0152635
20 0.1288728 0.4082726 0.0273595 0.0152635
17 0.4770845 0.4671461 0.0273595 0.0152635
18 0.2681575 0.5848930 0.0273595 0.0152635
7 0.4770845 0.5260196 0.0273595 0.0152635
28 0.1985151 0.4082726 0.0273595 0.0152635
24 0.4074422 0.4082726 0.0273595 0.0152635
13 0.2681575 0.4671461 0.0273595 0.0152635
16 0.2681575 0.6437665 0.0273595 0.0152635
30 0.4074422 0.5848930 0.0273595 0.0152635
17 0.4770845 0.5848930 0.0273595 0.0152635
