25 0.2216363 0.6625518 0.0265686 0.0156127
22 0.6274110 0.6023316 0.0265686 0.0156127
32 0.4202968 0.5108860 0.4891034 0.4282329
1 0.4245236 0.3614506 0.0265686 0.0156127
33 0.5597819 0.4216708 0.0627985 0.0602203
18 0.5597819 0.4216708 0.0265686 0.0156127
24 0.2892654 0.4818911 0.0265686 0.0156127
18 0.3568945 0.6625518 0.0265686 0.0156127
8 0.3568945 0.4818911 0.0265686 0.0156127
20 0.3568945 0.3614506 0.0265686 0.0156127
19 0.4921527 0.3614506 0.0265686 0.0156127
17 0.5597819 0.3614506 0.0265686 0.0156127
7 0.2216363 0.4216708 0.0265686 0.0156127
31 0.2892654 0.5421113 0.0265686 0.0156127
28 0.2892654 0.3614506 0.0265686 0.0156127
6 0.4245236 0.6625518 0.0265686 0.0156127
17 0.5597819 0.4818911 0.0265686 0.0156127
5 0.2892654 0.6023316 0.0265686 0.0156127
16 0.3568945 0.5421113 0.0265686 0.0156127
27 0.2892654 0.4216708 0.0265686 0.0156127
15 0.6274110 0.4216708 0.0265686 0.0156127
18 0.3568945 0.6023316 0.0265686 0.0156127
31 0.4245236 0.4818911 0.0265686 0.0156127
28 0.4921527 0.6023316 0.0265686 0.0156127
11 0.4921527 0.4216708 0.0265686 0.0156127
14 0.2216363 0.3614506 0.0265686 0.0156127
16 0.6274110 0.3614506 0.0265686 0.0156127
15 0.2892654 0.6625518 0.0265686 0.0156127
29 0.2216363 0.5421113 0.0265686 0.0156127
9 0.5597819 0.6023316 0.0265686 0.0156127
14 0.4921527 0.6625518 0.0265686 0.0156127
2 0.6274110 0.4818911 0.0265686 0.0156127
13 0.2216363 0.4818911 0.0265686 0.0156127
25 0.3568945 0.4216708 0.0265686 0.0156127
14 0.6274110 0.6625518 0.0265686 0.0156127
10 0.5597819 0.5421113 0.0265686 0.0156127
17 0.4245236 0.4216708 0.0265686 0.0156127
19 0.6274110 0.5421113 0.0265686 0.0156127
19 0.5597819 0.6625518 0.0265686 0.0156127
26 0.4921527 0.4818911 0.0265686 0.0156127
20 0.4245236 0.6023316 0.0265686 0.0156127
12 0.4921527 0.5421113 0.0265686 0.0156127
20 0.4245236 0.5421113 0.0265686 0.0156127
10 0.2216363 0.6023316 0.0265686 0.0156127
