4 0.7026451 0.5967788 0.0288232 0.0165093
2 0.5559089 0.4184776 0.0288232 0.0165094
32 0.4831958 0.5610085 0.5306091 0.4226398
30 0.4825407 0.4773610 0.0288232 0.0154087
33 0.7026452 0.6556622 0.0681276 0.0594337
7 0.7026451 0.6562126 0.0288232 0.0165093
20 0.5559089 0.7150960 0.0288232 0.0154087
31 0.6292770 0.7150960 0.0288232 0.0154087
25 0.6292770 0.5967788 0.0288232 0.0165093
15 0.7026451 0.7150960 0.0288232 0.0154087
20 0.3358044 0.7150960 0.0288232 0.0154087
30 0.7026451 0.4773610 0.0288232 0.0154087
12 0.4091725 0.7150960 0.0288232 0.0154087
2 0.4825407 0.7150960 0.0288232 0.0154087
2 0.2624362 0.4184776 0.0288232 0.0165094
19 0.3358044 0.4773610 0.0288232 0.0154087
4 0.4825407 0.5967788 0.0288232 0.0165093
12 0.6292770 0.5373451 0.0288232 0.0165093
30 0.4091725 0.4184776 0.0288232 0.0165094
10 0.3358044 0.4184776 0.0288232 0.0165094
26 0.7026451 0.4184776 0.0288232 0.0165094
23 0.4091725 0.5373451 0.0288232 0.0165093
18 0.2624362 0.5967788 0.0288232 0.0165093
21 0.2624362 0.6562126 0.0288232 0.0165093
4 0.5559089 0.5967788 0.0288232 0.0165093
25 0.4825407 0.4184776 0.0288232 0.0165094
19 0.5559089 0.5373451 0.0288232 0.0165093
16 0.3358044 0.5373451 0.0288232 0.0165093
16 0.4825407 0.5373451 0.0288232 0.0165093
3 0.5559089 0.6562126 0.0288232 0.0165093
14 0.6292770 0.4184776 0.0288232 0.0165094
14 0.4091725 0.5967788 0.0288232 0.0165093
16 0.6292770 0.4773610 0.0288232 0.0154087
5 0.7026451 0.5373451 0.0288232 0.0165093
26 0.3358044 0.6562126 0.0288232 0.0165093
4 0.4091725 0.4773610 0.0288232 0.0154087
14 0.3358044 0.5967788 0.0288232 0.0165093
26 0.4091725 0.6562126 0.0288232 0.0165093
26 0.6292770 0.6562126 0.0288232 0.0165093
1 0.2624362 0.7150960 0.0288232 0.0154087
5 0.2624362 0.4773610 0.0288232 0.0154087
29 0.2624362 0.5373451 0.0288232 0.0165093
25 0.5559089 0.4773610 0.0288232 0.0154087
8 0.4825407 0.6562126 0.0288232 0.0165093
