23 0.4292168 0.5037434 0.0271778 0.0161662
25 0.7059367 0.4413880 0.0271778 0.0161662
32 0.6324330 0.5961219 0.5003195 0.4434166
27 0.4983968 0.5037434 0.0271778 0.0161662
6 0.5675768 0.5037434 0.0271779 0.0161662
3 0.7751167 0.5660989 0.0271779 0.0161662
33 0.7059367 0.6908098 0.0642386 0.0623554
30 0.7059367 0.6908098 0.0271778 0.0161662
21 0.7059367 0.7531653 0.0271778 0.0161662
17 0.8442966 0.4413880 0.0271779 0.0161662
25 0.5675768 0.6284543 0.0271779 0.0161662
27 0.7059367 0.5660989 0.0271778 0.0161662
15 0.4292168 0.5660989 0.0271778 0.0161662
30 0.6367567 0.5660989 0.0271778 0.0161662
3 0.4983968 0.5660989 0.0271778 0.0161662
23 0.7751167 0.5037434 0.0271779 0.0161662
13 0.8442966 0.5660989 0.0271779 0.0161662
17 0.6367567 0.5037434 0.0271778 0.0161662
23 0.4292168 0.4413880 0.0271778 0.0161662
14 0.5675768 0.7531653 0.0271779 0.0161662
13 0.4292168 0.6908098 0.0271778 0.0161662
30 0.4983968 0.4413880 0.0271778 0.0161662
30 0.4983968 0.6908098 0.0271778 0.0161662
14 0.8442966 0.7531653 0.0271779 0.0161662
3 0.5675768 0.6908098 0.0271779 0.0161662
20 0.6367567 0.7531653 0.0271778 0.0161662
25 0.7751167 0.4413880 0.0271779 0.0161662
19 0.7059367 0.5037434 0.0271778 0.0161662
1 0.7751167 0.6284543 0.0271779 0.0161662
26 0.6367567 0.4413880 0.0271778 0.0161662
5 0.8442966 0.5037434 0.0271779 0.0161662
21 0.4292168 0.7531653 0.0271778 0.0161662
25 0.8442966 0.6908098 0.0271779 0.0161662
26 0.5675768 0.5660989 0.0271779 0.0161662
4 0.5675768 0.4413880 0.0271779 0.0161662
25 0.4983968 0.6284543 0.0271778 0.0161662
1 0.7059367 0.6284543 0.0271778 0.0161662
18 0.7751167 0.7531653 0.0271779 0.0161662
14 0.6367567 0.6908098 0.0271778 0.0161662
29 0.6367567 0.6284543 0.0271778 0.0161662
18 0.4983968 0.7531653 0.0271778 0.0161662
1 0.7751167 0.6908098 0.0271779 0.0161662
25 0.8442966 0.6284543 0.0271779 0.0161662
25 0.4292168 0.6284543 0.0271778 0.0161662
