1 0.2367809 0.4965785 0.0265526 0.0153641
16 0.1691924 0.6743625 0.0265526 0.0153641
32 0.3677336 0.5251117 0.4888098 0.4214139
33 0.4395464 0.4373172 0.0627607 0.0592614
17 0.4395464 0.4373171 0.0265527 0.0153640
20 0.1691924 0.4965785 0.0265526 0.0153641
18 0.4395464 0.4965785 0.0265527 0.0153641
10 0.5071349 0.6743625 0.0265526 0.0153641
2 0.1691924 0.5558398 0.0265526 0.0153641
16 0.5071349 0.3780558 0.0265526 0.0153640
7 0.3043694 0.4373171 0.0265526 0.0153640
13 0.3719579 0.4965785 0.0265527 0.0153641
6 0.3719579 0.4373171 0.0265527 0.0153640
4 0.2367809 0.6743625 0.0265526 0.0153641
6 0.1691924 0.3780558 0.0265526 0.0153640
6 0.3043694 0.5558398 0.0265526 0.0153641
2 0.3043694 0.4965785 0.0265526 0.0153641
13 0.4395464 0.3780558 0.0265527 0.0153640
29 0.2367809 0.5558398 0.0265526 0.0153641
15 0.2367809 0.3780558 0.0265526 0.0153640
29 0.5747234 0.4965785 0.0265526 0.0153641
5 0.4395464 0.6151012 0.0265527 0.0153641
7 0.5071349 0.4373171 0.0265526 0.0153640
27 0.5747234 0.6151012 0.0265526 0.0153641
19 0.5071349 0.6151012 0.0265526 0.0153641
24 0.5071349 0.5558398 0.0265526 0.0153641
29 0.3043694 0.6743625 0.0265526 0.0153641
19 0.4395464 0.6743625 0.0265527 0.0153641
23 0.1691924 0.6151012 0.0265526 0.0153641
6 0.2367809 0.6151012 0.0265526 0.0153641
4 0.3719579 0.5558398 0.0265527 0.0153641
23 0.5747234 0.6743625 0.0265526 0.0153641
3 0.3043694 0.3780558 0.0265526 0.0153640
24 0.2367809 0.4373171 0.0265526 0.0153640
2 0.4395464 0.5558398 0.0265527 0.0153641
21 0.3719579 0.6743625 0.0265527 0.0153641
6 0.3043694 0.6151012 0.0265526 0.0153641
20 0.5747234 0.5558398 0.0265526 0.0153641
18 0.1691924 0.4373171 0.0265526 0.0153640
28 0.5747234 0.4373171 0.0265526 0.0153640
19 0.5747234 0.3780558 0.0265526 0.0153640
16 0.3719579 0.6151012 0.0265527 0.0153641
18 0.5071349 0.4965785 0.0265526 0.0153641
29 0.3719579 0.3780558 0.0265527 0.0153640
