19 0.7861195 0.5530468 0.0263486 0.0157305
21 0.4507738 0.5530468 0.0263486 0.0157305
32 0.5807202 0.4002371 0.4850537 0.4314625
33 0.7190503 0.2496747 0.0622785 0.0606744
7 0.7190503 0.2496747 0.0263486 0.0157304
13 0.7190503 0.3710235 0.0263486 0.0157305
28 0.4507738 0.4316979 0.0263486 0.0157304
4 0.7861195 0.4923724 0.0263486 0.0157304
28 0.3837046 0.4316979 0.0263486 0.0157304
31 0.5849120 0.3103491 0.0263486 0.0157304
7 0.7861195 0.3710235 0.0263486 0.0157305
25 0.4507738 0.3710235 0.0263486 0.0157305
3 0.6519812 0.5530468 0.0263486 0.0157305
25 0.6519812 0.4923724 0.0263486 0.0157304
9 0.5178429 0.3103491 0.0263486 0.0157304
22 0.5178429 0.4923724 0.0263486 0.0157304
21 0.5849120 0.4923724 0.0263486 0.0157304
17 0.3837046 0.3710235 0.0263486 0.0157305
21 0.3837046 0.4923724 0.0263486 0.0157304
8 0.6519812 0.3103491 0.0263486 0.0157304
28 0.3837046 0.5530468 0.0263486 0.0157305
13 0.4507738 0.3103491 0.0263486 0.0157304
29 0.7190503 0.5530468 0.0263486 0.0157305
31 0.7861195 0.2496747 0.0263486 0.0157304
20 0.5849120 0.4316979 0.0263486 0.0157304
10 0.5849120 0.2496747 0.0263486 0.0157304
7 0.6519812 0.4316979 0.0263486 0.0157304
17 0.6519812 0.3710235 0.0263486 0.0157305
1 0.4507738 0.2496747 0.0263486 0.0157304
27 0.5178429 0.2496747 0.0263486 0.0157304
2 0.3837046 0.2496747 0.0263486 0.0157304
18 0.5178429 0.3710235 0.0263486 0.0157305
24 0.7861195 0.3103491 0.0263486 0.0157304
5 0.5849120 0.3710235 0.0263486 0.0157305
20 0.5849120 0.5530468 0.0263486 0.0157305
11 0.3837046 0.3103491 0.0263486 0.0157304
15 0.5178429 0.4316979 0.0263486 0.0157304
5 0.7861195 0.4316979 0.0263486 0.0157304
25 0.6519812 0.2496747 0.0263486 0.0157304
21 0.4507738 0.4923724 0.0263486 0.0157304
4 0.5178429 0.5530468 0.0263486 0.0157305
9 0.7190503 0.4923724 0.0263486 0.0157304
19 0.7190503 0.4316979 0.0263486 0.0157304
8 0.7190503 0.3103491 0.0263486 0.0157304
