27 0.4796982 0.6536876 0.0275311 0.0149628
7 0.0592225 0.7691149 0.0275311 0.0149628
32 0.2650804 0.6237620 0.5068234 0.4104081
6 0.2694603 0.4805467 0.0275311 0.0149628
3 0.4096189 0.4805467 0.0275312 0.0149628
33 0.4096189 0.5382603 0.0650736 0.0577136
10 0.4096189 0.5382604 0.0275312 0.0149628
26 0.0592225 0.7114012 0.0275311 0.0149628
31 0.1293018 0.7691149 0.0275311 0.0149628
3 0.3395396 0.5959740 0.0275311 0.0149628
26 0.2694603 0.7114012 0.0275311 0.0149628
15 0.4096189 0.6536876 0.0275312 0.0149628
20 0.4796982 0.4805467 0.0275311 0.0149628
21 0.2694603 0.7691149 0.0275311 0.0149628
31 0.2694603 0.6536876 0.0275311 0.0149628
3 0.1993811 0.7114012 0.0275311 0.0149628
28 0.1993811 0.5959740 0.0275311 0.0149628
23 0.4096189 0.5959740 0.0275312 0.0149628
29 0.4096189 0.7691149 0.0275312 0.0149628
5 0.3395396 0.7114012 0.0275311 0.0149628
21 0.1993811 0.4805467 0.0275311 0.0149628
4 0.3395396 0.7691149 0.0275311 0.0149628
27 0.1293018 0.6536876 0.0275311 0.0149628
17 0.3395396 0.6536876 0.0275311 0.0149628
16 0.0592225 0.5959740 0.0275311 0.0149628
21 0.4796982 0.5382604 0.0275311 0.0149628
17 0.0592225 0.6536876 0.0275311 0.0149628
24 0.1293018 0.4805467 0.0275311 0.0149628
16 0.4796982 0.7114012 0.0275311 0.0149628
28 0.1993811 0.6536876 0.0275311 0.0149628
4 0.0592225 0.5382604 0.0275311 0.0149628
1 0.1993811 0.5382604 0.0275311 0.0149628
7 0.0592225 0.4805467 0.0275311 0.0149628
27 0.3395396 0.4805467 0.0275311 0.0149628
26 0.2694603 0.5382604 0.0275311 0.0149628
26 0.1293018 0.5959740 0.0275311 0.0149628
17 0.1293018 0.7114012 0.0275311 0.0149628
27 0.4796982 0.5959740 0.0275311 0.0149628
5 0.1293018 0.5382604 0.0275311 0.0149628
26 0.3395396 0.5382604 0.0275311 0.0149628
6 0.2694603 0.5959740 0.0275311 0.0149628
27 0.4096189 0.7114012 0.0275312 0.0149628
25 0.1993811 0.7691149 0.0275311 0.0149628
26 0.4796982 0.7691149 0.0275311 0.0149628
