24 0.4050494 0.4390785 0.0279987 0.0159867
22 0.6901271 0.3157523 0.0279987 0.0159867
32 0.6144033 0.4687681 0.5154307 0.4384931
26 0.6188577 0.3157523 0.0279987 0.0159867
19 0.4050494 0.3774154 0.0279987 0.0159867
33 0.8326659 0.5624047 0.0661787 0.0616631
18 0.8326660 0.5624046 0.0279987 0.0159867
9 0.4050494 0.6240678 0.0279987 0.0159867
16 0.6188577 0.5624046 0.0279987 0.0159867
14 0.6188577 0.5007416 0.0279987 0.0159867
28 0.4050494 0.3157523 0.0279987 0.0159867
24 0.8326660 0.3157523 0.0279987 0.0159867
28 0.6188577 0.3774154 0.0279987 0.0159867
4 0.8326660 0.4390785 0.0279987 0.0159867
21 0.7613965 0.6240678 0.0279987 0.0159867
29 0.7613965 0.3157523 0.0279987 0.0159867
18 0.5475883 0.4390785 0.0279987 0.0159867
28 0.4763188 0.3157523 0.0279987 0.0159867
29 0.4763188 0.4390785 0.0279987 0.0159867
31 0.8326660 0.6240678 0.0279987 0.0159867
1 0.7613965 0.4390785 0.0279987 0.0159867
14 0.6901271 0.4390785 0.0279987 0.0159867
16 0.8326660 0.5007416 0.0279987 0.0159867
16 0.4763188 0.3774154 0.0279987 0.0159867
20 0.6901271 0.6240678 0.0279987 0.0159867
19 0.6901271 0.5007416 0.0279987 0.0159867
9 0.8326660 0.3774154 0.0279987 0.0159867
1 0.5475883 0.3774154 0.0279987 0.0159867
12 0.4763188 0.6240678 0.0279987 0.0159867
31 0.5475883 0.5624046 0.0279987 0.0159867
19 0.6901271 0.5624046 0.0279987 0.0159867
4 0.4050494 0.5007416 0.0279987 0.0159867
26 0.4763188 0.5007416 0.0279987 0.0159867
4 0.5475883 0.5007416 0.0279987 0.0159867
22 0.6188577 0.4390785 0.0279987 0.0159867
28 0.5475883 0.6240678 0.0279987 0.0159867
25 0.7613965 0.3774154 0.0279987 0.0159867
13 0.4050494 0.5624046 0.0279987 0.0159867
28 0.6188577 0.6240678 0.0279987 0.0159867
19 0.7613965 0.5007416 0.0279987 0.0159867
25 0.5475883 0.3157523 0.0279987 0.0159867
12 0.4763188 0.5624046 0.0279987 0.0159867
16 0.7613965 0.5624046 0.0279987 0.0159867
31 0.6901271 0.3774154 0.0279987 0.0159867
