5 0.2357175 0.5021843 0.0278795 0.0153738
29 0.3776496 0.3835864 0.0278795 0.0153738
32 0.4441803 0.3528387 0.5132367 0.4216814
2 0.5195817 0.2649885 0.0278796 0.0153738
33 0.3066835 0.4428853 0.0658971 0.0592989
20 0.3066835 0.4428853 0.0278795 0.0153738
21 0.4486156 0.5021843 0.0278795 0.0153738
23 0.6615138 0.2056895 0.0278795 0.0153738
2 0.4486156 0.2649885 0.0278795 0.0153738
6 0.3776496 0.5021843 0.0278795 0.0153738
2 0.4486156 0.3835864 0.0278795 0.0153738
25 0.3066835 0.3835864 0.0278795 0.0153738
2 0.3066835 0.5021843 0.0278795 0.0153738
23 0.2357175 0.2056895 0.0278795 0.0153738
2 0.2357175 0.2649885 0.0278795 0.0153738
15 0.3776496 0.2649885 0.0278795 0.0153738
26 0.5905478 0.3242874 0.0278795 0.0153738
31 0.6615138 0.3835864 0.0278795 0.0153738
3 0.5195817 0.2056895 0.0278796 0.0153738
17 0.6615138 0.2649885 0.0278795 0.0153738
29 0.3776496 0.2056895 0.0278795 0.0153738
21 0.5905478 0.5021843 0.0278795 0.0153738
1 0.5195817 0.5021843 0.0278796 0.0153738
17 0.5905478 0.2649885 0.0278795 0.0153738
13 0.6615138 0.4428853 0.0278795 0.0153738
5 0.4486156 0.4428853 0.0278795 0.0153738
3 0.5905478 0.4428853 0.0278795 0.0153738
2 0.3776496 0.3242874 0.0278795 0.0153738
30 0.5195817 0.3835864 0.0278796 0.0153738
24 0.3066835 0.2056895 0.0278795 0.0153738
19 0.6615138 0.3242874 0.0278795 0.0153738
30 0.2357175 0.3242874 0.0278795 0.0153738
2 0.3776496 0.4428853 0.0278795 0.0153738
25 0.3066835 0.2649885 0.0278795 0.0153738
26 0.5195817 0.4428853 0.0278796 0.0153738
13 0.6615138 0.5021843 0.0278795 0.0153738
24 0.2357175 0.4428853 0.0278795 0.0153738
29 0.5195817 0.3242874 0.0278796 0.0153738
20 0.2357175 0.3835864 0.0278795 0.0153738
14 0.5905478 0.2056895 0.0278795 0.0153738
15 0.3066835 0.3242874 0.0278795 0.0153738
23 0.4486156 0.3242874 0.0278795 0.0153738
31 0.5905478 0.3835864 0.0278795 0.0153738
3 0.4486156 0.2056895 0.0278795 0.0153738
