12 0.5240735 0.2226016 0.0278041 0.0173663
24 0.4532996 0.4726768 0.0278040 0.0173663
32 0.3831576 0.3725309 0.5118471 0.4445782
1 0.4532996 0.2226016 0.0278040 0.0173663
33 0.5948474 0.2220227 0.0657187 0.0625188
15 0.5948474 0.2226016 0.0278041 0.0173663
25 0.3825257 0.3476392 0.0278040 0.0173663
5 0.3117517 0.2845415 0.0278041 0.0162086
18 0.1702039 0.2845415 0.0278041 0.0162086
29 0.5240735 0.3476392 0.0278041 0.0173663
9 0.5240735 0.4726768 0.0278041 0.0173663
8 0.5948474 0.2845415 0.0278041 0.0162086
17 0.2409778 0.4726768 0.0278041 0.0173663
16 0.3825257 0.2845415 0.0278040 0.0162086
23 0.5948474 0.4101580 0.0278041 0.0173663
20 0.4532996 0.3476392 0.0278040 0.0173663
27 0.3117517 0.4101580 0.0278041 0.0173663
16 0.5948474 0.3476392 0.0278041 0.0173663
18 0.3825257 0.4101580 0.0278040 0.0173663
13 0.3825257 0.4726768 0.0278040 0.0173663
2 0.5240735 0.5346167 0.0278041 0.0162086
5 0.1702039 0.4726768 0.0278041 0.0173663
21 0.3117517 0.4726768 0.0278041 0.0173663
5 0.5948474 0.5346167 0.0278041 0.0162086
4 0.4532996 0.4101580 0.0278040 0.0173663
17 0.4532996 0.2845415 0.0278040 0.0162086
8 0.2409778 0.5346167 0.0278041 0.0162086
13 0.3117517 0.2226016 0.0278041 0.0173663
12 0.1702039 0.3476392 0.0278041 0.0173663
19 0.2409778 0.4101580 0.0278041 0.0173663
5 0.3117517 0.3476392 0.0278041 0.0173663
9 0.4532996 0.5346167 0.0278040 0.0162086
5 0.1702039 0.4101580 0.0278041 0.0173663
13 0.3117517 0.5346167 0.0278041 0.0162086
9 0.5240735 0.4101580 0.0278041 0.0173663
22 0.2409778 0.2845415 0.0278041 0.0162086
10 0.5948474 0.4726768 0.0278041 0.0173663
3 0.1702039 0.2226016 0.0278041 0.0173663
5 0.1702039 0.5346167 0.0278041 0.0162086
30 0.2409778 0.3476392 0.0278041 0.0173663
26 0.5240735 0.2845415 0.0278041 0.0162086
29 0.2409778 0.2226016 0.0278041 0.0173663
23 0.3825257 0.5346167 0.0278040 0.0162086
26 0.3825257 0.2226016 0.0278040 0.0173663
