16 0.3356873 0.5284831 0.0274678 0.0160043
23 0.4755235 0.3438619 0.0274678 0.0171475
32 0.4761478 0.3684399 0.5056576 0.4389756
9 0.4755235 0.2204000 0.0274678 0.0171475
33 0.2657693 0.3432903 0.0649240 0.0617310
11 0.2657693 0.3438619 0.0274678 0.0171475
29 0.6852778 0.5284831 0.0274678 0.0160043
11 0.4056054 0.5284831 0.0274678 0.0160043
2 0.6852778 0.4673237 0.0274678 0.0171475
21 0.3356873 0.2204000 0.0274678 0.0171475
8 0.4056054 0.4673237 0.0274678 0.0171475
29 0.4056054 0.2815593 0.0274678 0.0160043
9 0.6153597 0.2204000 0.0274679 0.0171475
2 0.4755235 0.4673237 0.0274678 0.0171475
29 0.6153597 0.5284831 0.0274679 0.0160043
27 0.6852778 0.2815593 0.0274678 0.0160043
15 0.4755235 0.5284831 0.0274678 0.0160043
30 0.5454416 0.5284831 0.0274678 0.0160043
13 0.3356873 0.2815593 0.0274678 0.0160043
19 0.4755235 0.2815593 0.0274678 0.0160043
20 0.6153597 0.4673237 0.0274679 0.0171475
27 0.5454416 0.2204000 0.0274678 0.0171475
2 0.6153597 0.2815593 0.0274679 0.0160043
23 0.5454416 0.4055928 0.0274678 0.0171475
10 0.5454416 0.3438619 0.0274678 0.0171475
11 0.2657693 0.2204000 0.0274678 0.0171475
14 0.3356873 0.4055928 0.0274678 0.0171475
19 0.5454416 0.4673237 0.0274678 0.0171475
23 0.4056054 0.2204000 0.0274678 0.0171475
17 0.5454416 0.2815593 0.0274678 0.0160043
14 0.6852778 0.4055928 0.0274678 0.0171475
24 0.2657693 0.5284831 0.0274678 0.0160043
12 0.2657693 0.4055928 0.0274678 0.0171475
18 0.4056054 0.3438619 0.0274678 0.0171475
31 0.6852778 0.3438619 0.0274678 0.0171475
27 0.2657693 0.2815593 0.0274678 0.0160043
20 0.6153597 0.3438619 0.0274679 0.0171475
30 0.6153597 0.4055928 0.0274679 0.0171475
18 0.2657693 0.4673237 0.0274678 0.0171475
30 0.3356873 0.4673237 0.0274678 0.0171475
10 0.3356873 0.3438619 0.0274678 0.0171475
22 0.4755235 0.4055928 0.0274678 0.0171475
1 0.6852778 0.2204000 0.0274678 0.0171475
19 0.4056054 0.4055928 0.0274678 0.0171475
