23 0.3747878 0.5266028 0.0275920 0.0153781
24 0.3045535 0.3486558 0.0275920 0.0153781
32 0.3703981 0.4365309 0.5079444 0.4218002
24 0.3747878 0.3486558 0.0275920 0.0153781
15 0.3045535 0.4672871 0.0275920 0.0153781
33 0.5152563 0.4672872 0.0652176 0.0593157
7 0.5152563 0.4672871 0.0275920 0.0153781
19 0.2343192 0.2893402 0.0275920 0.0153781
4 0.5152563 0.3486558 0.0275920 0.0153781
15 0.3045535 0.4079715 0.0275920 0.0153781
3 0.5854906 0.4079715 0.0275920 0.0153781
15 0.5152563 0.5859184 0.0275920 0.0153781
17 0.3747878 0.4079715 0.0275920 0.0153781
21 0.3045535 0.2893402 0.0275920 0.0153781
16 0.4450220 0.5266028 0.0275920 0.0153781
2 0.5152563 0.2893402 0.0275920 0.0153781
29 0.2343192 0.5266028 0.0275920 0.0153781
25 0.4450220 0.4672871 0.0275920 0.0153781
14 0.2343192 0.5859184 0.0275920 0.0153781
29 0.5854906 0.3486558 0.0275920 0.0153781
26 0.3747878 0.5859184 0.0275920 0.0153781
26 0.3747878 0.2893402 0.0275920 0.0153781
14 0.5854906 0.5266028 0.0275920 0.0153781
17 0.5152563 0.4079715 0.0275920 0.0153781
13 0.1640849 0.3486558 0.0275920 0.0153781
13 0.3747878 0.4672871 0.0275920 0.0153781
16 0.1640849 0.5266028 0.0275920 0.0153781
7 0.5152563 0.5266028 0.0275920 0.0153781
16 0.1640849 0.2893402 0.0275920 0.0153781
3 0.2343192 0.3486558 0.0275920 0.0153781
15 0.5854906 0.4672871 0.0275920 0.0153781
30 0.2343192 0.4672871 0.0275920 0.0153781
24 0.4450220 0.4079715 0.0275920 0.0153781
5 0.5854906 0.2893402 0.0275920 0.0153781
3 0.3045535 0.5859184 0.0275920 0.0153781
6 0.1640849 0.4079715 0.0275920 0.0153781
6 0.2343192 0.4079715 0.0275920 0.0153781
31 0.4450220 0.3486558 0.0275920 0.0153781
25 0.4450220 0.5859184 0.0275920 0.0153781
20 0.3045535 0.5266028 0.0275920 0.0153781
25 0.1640849 0.4672871 0.0275920 0.0153781
28 0.1640849 0.5859184 0.0275920 0.0153781
31 0.4450220 0.2893402 0.0275920 0.0153781
4 0.5854906 0.5859184 0.0275920 0.0153781
