28 0.3600714 0.3852783 0.0268999 0.0155038
4 0.5654887 0.5048795 0.0268999 0.0155039
32 0.4927367 0.3542706 0.4952023 0.4252487
23 0.4970163 0.4450789 0.0268999 0.0155039
5 0.2915990 0.5048795 0.0268999 0.0155039
33 0.4285439 0.5048795 0.0635815 0.0598006
24 0.4285439 0.5048795 0.0268999 0.0155039
14 0.4285439 0.4450789 0.0268999 0.0155039
5 0.6339611 0.3254777 0.0268999 0.0155039
29 0.4970163 0.2656771 0.0268999 0.0155039
30 0.6339611 0.4450789 0.0268999 0.0155039
18 0.3600714 0.3254777 0.0268999 0.0155039
19 0.4285439 0.3254777 0.0268999 0.0155039
22 0.2915990 0.2656771 0.0268999 0.0155039
31 0.4285439 0.2656771 0.0268999 0.0155039
5 0.2915990 0.2058765 0.0268999 0.0155038
22 0.4970163 0.2058765 0.0268999 0.0155038
29 0.4970163 0.3852783 0.0268999 0.0155038
16 0.5654887 0.2058765 0.0268999 0.0155038
4 0.2915990 0.4450789 0.0268999 0.0155039
15 0.7024335 0.5048795 0.0268999 0.0155039
21 0.4285439 0.3852783 0.0268999 0.0155038
28 0.5654887 0.2656771 0.0268999 0.0155039
18 0.7024335 0.2058765 0.0268999 0.0155038
25 0.4970163 0.3254777 0.0268999 0.0155039
11 0.3600714 0.5048795 0.0268999 0.0155039
11 0.6339611 0.3852783 0.0268999 0.0155038
20 0.7024335 0.3254777 0.0268999 0.0155039
4 0.5654887 0.4450789 0.0268999 0.0155039
22 0.5654887 0.3254777 0.0268999 0.0155039
18 0.2915990 0.3852783 0.0268999 0.0155038
25 0.6339611 0.2656771 0.0268999 0.0155039
15 0.4285439 0.2058765 0.0268999 0.0155038
31 0.7024335 0.4450789 0.0268999 0.0155039
25 0.3600714 0.4450789 0.0268999 0.0155039
14 0.7024335 0.2656771 0.0268999 0.0155039
22 0.4970163 0.5048795 0.0268999 0.0155039
19 0.6339611 0.2058765 0.0268999 0.0155038
10 0.5654887 0.3852783 0.0268999 0.0155038
30 0.3600714 0.2656771 0.0268999 0.0155039
21 0.6339611 0.5048795 0.0268999 0.0155039
21 0.2915990 0.3254777 0.0268999 0.0155039
13 0.7024335 0.3852783 0.0268999 0.0155038
1 0.3600714 0.2058765 0.0268999 0.0155038
