14 0.4551783 0.5853743 0.0278035 0.0150342
23 0.3844057 0.5273852 0.0278035 0.0150342
32 0.5215276 0.4973168 0.5118377 0.4123670
5 0.4551783 0.3534178 0.0278035 0.0150342
33 0.5967235 0.5273852 0.0657174 0.0579891
18 0.5967235 0.5273852 0.0278035 0.0150342
6 0.7382687 0.6433634 0.0278035 0.0150342
31 0.3844057 0.4114070 0.0278035 0.0150342
15 0.7382687 0.5273852 0.0278035 0.0150342
29 0.6674961 0.4693961 0.0278035 0.0150342
4 0.6674961 0.6433634 0.0278035 0.0150342
28 0.5259509 0.3534178 0.0278035 0.0150342
14 0.5259509 0.5853743 0.0278035 0.0150342
29 0.5967235 0.5853743 0.0278035 0.0150342
6 0.5967235 0.3534178 0.0278035 0.0150342
14 0.6674961 0.5853743 0.0278035 0.0150342
24 0.4551783 0.4114070 0.0278035 0.0150342
15 0.7382687 0.3534178 0.0278035 0.0150342
27 0.3844057 0.4693961 0.0278035 0.0150342
2 0.3844057 0.5853743 0.0278035 0.0150342
16 0.5259509 0.4693961 0.0278035 0.0150342
24 0.3136331 0.5853743 0.0278035 0.0150342
5 0.3136331 0.6433634 0.0278035 0.0150342
19 0.7382687 0.4114070 0.0278035 0.0150342
4 0.3136331 0.4114070 0.0278035 0.0150342
25 0.5259509 0.5273852 0.0278035 0.0150342
30 0.7382687 0.5853743 0.0278035 0.0150342
30 0.3136331 0.4693961 0.0278035 0.0150342
4 0.3844057 0.6433634 0.0278035 0.0150342
23 0.6674961 0.5273852 0.0278035 0.0150342
4 0.5967235 0.4114070 0.0278035 0.0150342
7 0.7382687 0.4693961 0.0278035 0.0150342
13 0.5259509 0.4114070 0.0278035 0.0150342
7 0.4551783 0.4693961 0.0278035 0.0150342
23 0.3136331 0.3534178 0.0278035 0.0150342
3 0.6674961 0.3534178 0.0278035 0.0150342
23 0.5967235 0.6433634 0.0278035 0.0150342
20 0.3136331 0.5273852 0.0278035 0.0150342
6 0.4551783 0.6433634 0.0278035 0.0150342
31 0.4551783 0.5273852 0.0278035 0.0150342
25 0.6674961 0.4114070 0.0278035 0.0150342
31 0.5259509 0.6433634 0.0278035 0.0150342
19 0.5967235 0.4693961 0.0278035 0.0150342
25 0.3844057 0.3534178 0.0278035 0.0150342
