19 0.8130916 0.4352869 0.0264111 0.0155381
22 0.7458635 0.5551528 0.0264111 0.0155381
32 0.6072055 0.4042106 0.4862033 0.4261897
8 0.4097229 0.3753540 0.0264111 0.0155381
13 0.7458635 0.3753540 0.0264111 0.0155381
33 0.6786354 0.4952198 0.0624261 0.0599329
8 0.6786353 0.4952198 0.0264110 0.0155381
25 0.6786353 0.4352869 0.0264110 0.0155381
14 0.5441792 0.2554881 0.0264110 0.0155382
28 0.4769510 0.4352869 0.0264111 0.0155381
23 0.8130916 0.4952198 0.0264111 0.0155381
1 0.6786353 0.5551528 0.0264110 0.0155381
30 0.5441792 0.4352869 0.0264110 0.0155381
17 0.6114072 0.5551528 0.0264110 0.0155381
20 0.7458635 0.2554881 0.0264111 0.0155382
31 0.6114072 0.4352869 0.0264110 0.0155381
29 0.4769510 0.4952198 0.0264111 0.0155381
25 0.4769510 0.2554881 0.0264111 0.0155382
3 0.5441792 0.3154211 0.0264110 0.0155382
28 0.6786353 0.2554881 0.0264110 0.0155382
12 0.7458635 0.3154211 0.0264111 0.0155382
25 0.6114072 0.3753540 0.0264110 0.0155381
8 0.8130916 0.2554881 0.0264111 0.0155382
24 0.5441792 0.3753540 0.0264110 0.0155381
23 0.4097229 0.3154211 0.0264111 0.0155382
31 0.5441792 0.5551528 0.0264110 0.0155381
18 0.7458635 0.4352869 0.0264111 0.0155381
21 0.4097229 0.4352869 0.0264111 0.0155381
14 0.4769510 0.3154211 0.0264111 0.0155382
22 0.6114072 0.2554881 0.0264110 0.0155382
20 0.4769510 0.5551528 0.0264111 0.0155381
21 0.6786353 0.3753540 0.0264110 0.0155381
3 0.8130916 0.5551528 0.0264111 0.0155381
12 0.8130916 0.3154211 0.0264111 0.0155382
22 0.6114072 0.3154211 0.0264110 0.0155382
3 0.6786353 0.3154211 0.0264110 0.0155382
5 0.7458635 0.4952198 0.0264111 0.0155381
26 0.4097229 0.4952198 0.0264111 0.0155381
25 0.5441792 0.4952198 0.0264110 0.0155381
2 0.4097229 0.5551528 0.0264111 0.0155381
30 0.4769510 0.3753540 0.0264111 0.0155381
23 0.6114072 0.4952198 0.0264110 0.0155381
19 0.4097229 0.2554881 0.0264111 0.0155382
29 0.8130916 0.3753540 0.0264111 0.0155381
