8 0.5752615 0.6203525 0.0286763 0.0148794
2 0.7212497 0.6203525 0.0286762 0.0148794
32 0.5029191 0.4715583 0.5279037 0.4081213
33 0.5022673 0.3333923 0.0677802 0.0573920
17 0.5022673 0.3339237 0.0286762 0.0159422
4 0.5752615 0.3907843 0.0286763 0.0148794
5 0.3562791 0.5060999 0.0286763 0.0159422
22 0.3562791 0.5634919 0.0286763 0.0159422
28 0.7212497 0.5634919 0.0286762 0.0159422
29 0.2832851 0.4487078 0.0286762 0.0159422
7 0.2832851 0.3339237 0.0286762 0.0159422
31 0.2832851 0.5634919 0.0286762 0.0159422
8 0.5022673 0.6203525 0.0286762 0.0148794
14 0.5752615 0.4487078 0.0286763 0.0159422
3 0.6482555 0.3907843 0.0286763 0.0148794
24 0.7212497 0.3339237 0.0286762 0.0159422
27 0.5022673 0.5060999 0.0286762 0.0159422
25 0.5022673 0.5634919 0.0286762 0.0159422
7 0.3562791 0.4487078 0.0286763 0.0159422
6 0.6482555 0.5634919 0.0286763 0.0159422
23 0.5752615 0.3339237 0.0286763 0.0159422
23 0.7212497 0.4487078 0.0286762 0.0159422
16 0.2832851 0.5060999 0.0286762 0.0159422
31 0.4292733 0.4487078 0.0286762 0.0159422
23 0.4292733 0.5060999 0.0286762 0.0159422
20 0.7212497 0.3907843 0.0286762 0.0148794
23 0.7212497 0.5060999 0.0286762 0.0159422
27 0.5752615 0.5634919 0.0286763 0.0159422
29 0.4292733 0.6203525 0.0286762 0.0148794
19 0.5022673 0.3907843 0.0286762 0.0148794
17 0.2832851 0.6203525 0.0286762 0.0148794
17 0.6482555 0.4487078 0.0286763 0.0159422
20 0.4292733 0.3339237 0.0286762 0.0159422
5 0.4292733 0.5634919 0.0286762 0.0159422
4 0.6482555 0.3339237 0.0286763 0.0159422
28 0.2832851 0.3907843 0.0286762 0.0148794
12 0.3562791 0.6203525 0.0286763 0.0148794
3 0.6482555 0.5060999 0.0286763 0.0159422
10 0.5752615 0.5060999 0.0286763 0.0159422
23 0.6482555 0.6203525 0.0286763 0.0148794
23 0.5022673 0.4487078 0.0286762 0.0159422
19 0.4292733 0.3907843 0.0286762 0.0148794
13 0.3562791 0.3339237 0.0286763 0.0159422
4 0.3562791 0.3907843 0.0286763 0.0148794
