25 0.8381029 0.3827711 0.0283755 0.0153761
6 0.5491875 0.6200034 0.0283756 0.0153762
32 0.6169021 0.5299430 0.5223692 0.4217461
18 0.5491875 0.4420792 0.0283756 0.0153762
2 0.4769587 0.5606953 0.0283756 0.0153762
33 0.6936452 0.5606953 0.0670696 0.0593081
9 0.6936452 0.5606953 0.0283756 0.0153762
25 0.6214164 0.5013872 0.0283756 0.0153762
31 0.4769587 0.6793114 0.0283756 0.0153761
15 0.6936452 0.5013872 0.0283756 0.0153762
24 0.5491875 0.3827711 0.0283756 0.0153761
26 0.8381029 0.6200034 0.0283755 0.0153762
3 0.7658740 0.5606953 0.0283755 0.0153762
30 0.7658740 0.6793114 0.0283755 0.0153761
17 0.5491875 0.5013872 0.0283756 0.0153762
29 0.7658740 0.6200034 0.0283755 0.0153762
17 0.8381029 0.5013872 0.0283755 0.0153762
17 0.6214164 0.4420792 0.0283756 0.0153762
25 0.4047299 0.5013872 0.0283756 0.0153762
29 0.6936452 0.6793114 0.0283756 0.0153761
19 0.4047299 0.3827711 0.0283756 0.0153761
26 0.4769587 0.6200034 0.0283756 0.0153762
26 0.6214164 0.6793114 0.0283756 0.0153761
6 0.4047299 0.6793114 0.0283756 0.0153761
24 0.4769587 0.3827711 0.0283756 0.0153761
6 0.8381029 0.6793114 0.0283755 0.0153761
27 0.4047299 0.6200034 0.0283756 0.0153762
6 0.5491875 0.5606953 0.0283756 0.0153762
27 0.6214164 0.5606953 0.0283756 0.0153762
25 0.5491875 0.6793114 0.0283756 0.0153761
6 0.6214164 0.6200034 0.0283756 0.0153762
21 0.6936452 0.6200034 0.0283756 0.0153762
7 0.6936452 0.3827711 0.0283756 0.0153761
4 0.8381029 0.4420792 0.0283755 0.0153762
13 0.4769587 0.5013872 0.0283756 0.0153762
1 0.7658740 0.4420792 0.0283755 0.0153762
18 0.4047299 0.4420792 0.0283756 0.0153762
21 0.8381029 0.5606953 0.0283755 0.0153762
20 0.6214164 0.3827711 0.0283756 0.0153761
20 0.6936452 0.4420792 0.0283756 0.0153762
30 0.7658740 0.5013872 0.0283755 0.0153762
14 0.4047299 0.5606953 0.0283756 0.0153762
14 0.7658740 0.3827711 0.0283755 0.0153761
4 0.4769587 0.4420792 0.0283756 0.0153762
