28 0.5716568 0.5387183 0.0265266 0.0148442
30 0.5041344 0.3669494 0.0265266 0.0148443
32 0.4999143 0.4517735 0.4883315 0.4071559
10 0.4366121 0.4242057 0.0265266 0.0148442
33 0.4366121 0.5387183 0.0626993 0.0572563
12 0.4366121 0.5387183 0.0265266 0.0148442
23 0.7067016 0.5959747 0.0265266 0.0148442
19 0.3015673 0.5387183 0.0265267 0.0148442
25 0.5041344 0.5959747 0.0265266 0.0148442
11 0.3690897 0.5387183 0.0265266 0.0148442
9 0.5716568 0.3096931 0.0265266 0.0148443
3 0.4366121 0.3096931 0.0265266 0.0148443
10 0.7067016 0.5387183 0.0265266 0.0148442
6 0.5041344 0.5387183 0.0265266 0.0148442
26 0.7067016 0.3096931 0.0265266 0.0148443
5 0.6391792 0.4242057 0.0265266 0.0148442
25 0.5716568 0.5959747 0.0265266 0.0148442
27 0.7067016 0.4242057 0.0265266 0.0148442
7 0.7067016 0.4814620 0.0265266 0.0148442
29 0.3690897 0.4242057 0.0265266 0.0148442
30 0.6391792 0.3669494 0.0265266 0.0148443
4 0.3015673 0.3096931 0.0265267 0.0148443
28 0.6391792 0.5387183 0.0265266 0.0148442
20 0.3015673 0.3669494 0.0265267 0.0148443
6 0.4366121 0.5959747 0.0265266 0.0148442
20 0.4366121 0.4814620 0.0265266 0.0148442
10 0.5716568 0.4242057 0.0265266 0.0148442
26 0.3690897 0.3096931 0.0265266 0.0148443
24 0.3015673 0.4242057 0.0265267 0.0148442
8 0.4366121 0.3669494 0.0265266 0.0148443
19 0.5716568 0.3669494 0.0265266 0.0148443
2 0.5041344 0.4242057 0.0265266 0.0148442
18 0.3015673 0.5959747 0.0265267 0.0148442
25 0.5041344 0.3096931 0.0265266 0.0148443
31 0.6391792 0.5959747 0.0265266 0.0148442
31 0.3690897 0.5959747 0.0265266 0.0148442
24 0.7067016 0.3669494 0.0265266 0.0148443
31 0.3015673 0.4814620 0.0265267 0.0148442
11 0.5716568 0.4814620 0.0265266 0.0148442
12 0.3690897 0.4814620 0.0265266 0.0148442
19 0.6391792 0.4814620 0.0265266 0.0148442
21 0.3690897 0.3669494 0.0265266 0.0148443
20 0.5041344 0.4814620 0.0265266 0.0148442
11 0.6391792 0.3096931 0.0265266 0.0148443
