24 0.4554762 0.5971318 0.0276997 0.0151879
29 0.5964930 0.4213855 0.0276997 0.0151879
32 0.3805609 0.4495917 0.5099271 0.4165837
33 0.4554762 0.5385497 0.0654721 0.0585821
25 0.4554762 0.5385497 0.0276997 0.0151879
16 0.5259846 0.5385497 0.0276998 0.0151879
6 0.1734424 0.5971318 0.0276997 0.0151879
15 0.2439508 0.3628035 0.0276997 0.0151880
5 0.2439508 0.3042214 0.0276997 0.0151880
26 0.2439508 0.5385497 0.0276997 0.0151879
16 0.4554762 0.4213855 0.0276997 0.0151879
19 0.3849677 0.5385497 0.0276997 0.0151879
1 0.3144593 0.5385497 0.0276998 0.0151879
30 0.5259846 0.5971318 0.0276998 0.0151879
29 0.3849677 0.3628035 0.0276997 0.0151880
3 0.3144593 0.3628035 0.0276998 0.0151880
18 0.2439508 0.4799676 0.0276997 0.0151879
4 0.5964930 0.3042214 0.0276997 0.0151880
31 0.2439508 0.5971318 0.0276997 0.0151879
16 0.3849677 0.3042214 0.0276997 0.0151880
7 0.3144593 0.4799676 0.0276998 0.0151879
19 0.5964930 0.5971318 0.0276997 0.0151879
26 0.5964930 0.3628035 0.0276997 0.0151880
25 0.1734424 0.4799676 0.0276997 0.0151879
1 0.1734424 0.4213855 0.0276997 0.0151879
29 0.5259846 0.3628035 0.0276998 0.0151880
15 0.3849677 0.4799676 0.0276997 0.0151879
29 0.5964930 0.5385497 0.0276997 0.0151879
27 0.1734424 0.5385497 0.0276997 0.0151879
25 0.3144593 0.3042214 0.0276998 0.0151880
19 0.3849677 0.5971318 0.0276997 0.0151879
14 0.3144593 0.4213855 0.0276998 0.0151879
21 0.3144593 0.5971318 0.0276998 0.0151879
6 0.4554762 0.4799676 0.0276997 0.0151879
27 0.5259846 0.3042214 0.0276998 0.0151880
4 0.4554762 0.3628035 0.0276997 0.0151880
20 0.1734424 0.3628035 0.0276997 0.0151880
13 0.5259846 0.4799676 0.0276998 0.0151879
17 0.5964930 0.4799676 0.0276997 0.0151879
24 0.4554762 0.3042214 0.0276997 0.0151880
6 0.2439508 0.4213855 0.0276997 0.0151879
30 0.5259846 0.4213855 0.0276998 0.0151879
4 0.1734424 0.3042214 0.0276997 0.0151880
7 0.3849677 0.4213855 0.0276997 0.0151879
