7 0.7203506 0.6269485 0.0262643 0.0151874
23 0.7203506 0.3340491 0.0262643 0.0151874
32 0.6493176 0.4794140 0.4835019 0.4165682
26 0.5866415 0.4512089 0.0262643 0.0151874
33 0.5197869 0.5683687 0.0620792 0.0585799
8 0.5197869 0.5683687 0.0262643 0.0151874
28 0.4529324 0.6269485 0.0262643 0.0151874
21 0.7203506 0.3926290 0.0262643 0.0151874
13 0.7872052 0.3926290 0.0262643 0.0151874
28 0.5197869 0.3340491 0.0262643 0.0151874
8 0.7872052 0.5683687 0.0262643 0.0151874
20 0.4529324 0.3340491 0.0262643 0.0151874
9 0.5866415 0.3340491 0.0262643 0.0151874
21 0.8540598 0.6269485 0.0262643 0.0151874
29 0.6534961 0.3926290 0.0262643 0.0151874
5 0.8540598 0.3926290 0.0262643 0.0151874
9 0.5197869 0.4512089 0.0262643 0.0151874
14 0.6534961 0.4512089 0.0262643 0.0151874
22 0.4529324 0.4512089 0.0262643 0.0151874
11 0.7872052 0.3340491 0.0262643 0.0151874
4 0.4529324 0.5683687 0.0262643 0.0151874
17 0.6534961 0.3340491 0.0262643 0.0151874
16 0.7872052 0.4512089 0.0262643 0.0151874
4 0.7203506 0.5097888 0.0262643 0.0151874
18 0.6534961 0.5683687 0.0262643 0.0151874
30 0.5866415 0.5097888 0.0262643 0.0151874
6 0.7872052 0.5097888 0.0262643 0.0151874
15 0.4529324 0.5097888 0.0262643 0.0151874
18 0.7203506 0.5683687 0.0262643 0.0151874
14 0.6534961 0.6269485 0.0262643 0.0151874
3 0.5197869 0.6269485 0.0262643 0.0151874
25 0.6534961 0.5097888 0.0262643 0.0151874
31 0.8540598 0.5097888 0.0262643 0.0151874
14 0.5866415 0.3926290 0.0262643 0.0151874
17 0.5197869 0.3926290 0.0262643 0.0151874
24 0.5866415 0.6269485 0.0262643 0.0151874
15 0.5197869 0.5097888 0.0262643 0.0151874
27 0.8540598 0.5683687 0.0262643 0.0151874
25 0.7872052 0.6269485 0.0262643 0.0151874
23 0.8540598 0.4512089 0.0262643 0.0151874
13 0.5866415 0.5683687 0.0262643 0.0151874
3 0.7203506 0.4512089 0.0262643 0.0151874
6 0.4529324 0.3926290 0.0262643 0.0151874
8 0.8540598 0.3340491 0.0262643 0.0151874
