21 0.5650779 0.7024386 0.0285653 0.0158025
30 0.7832129 0.7024386 0.0285654 0.0158025
32 0.5657272 0.5444134 0.5258610 0.4334407
28 0.6377896 0.5810978 0.0285653 0.0169313
33 0.7105013 0.5805334 0.0675180 0.0609526
28 0.7105013 0.5810978 0.0285654 0.0169313
26 0.4196547 0.6420504 0.0285653 0.0169313
19 0.4196547 0.5810978 0.0285653 0.0169313
11 0.7105013 0.6420504 0.0285654 0.0169313
30 0.4923663 0.6420504 0.0285653 0.0169313
12 0.3469430 0.5201452 0.0285653 0.0169313
9 0.5650779 0.4586282 0.0285653 0.0158025
2 0.4923663 0.5810978 0.0285653 0.0169313
2 0.3469430 0.5810978 0.0285653 0.0169313
18 0.6377896 0.4586282 0.0285653 0.0158025
4 0.5650779 0.6420504 0.0285653 0.0169313
21 0.5650779 0.5201452 0.0285653 0.0169313
12 0.7105013 0.4586282 0.0285654 0.0158025
2 0.3469430 0.3982400 0.0285653 0.0169313
17 0.7105013 0.7024386 0.0285654 0.0158025
15 0.7832129 0.5810978 0.0285654 0.0169313
18 0.5650779 0.3982400 0.0285653 0.0169313
18 0.4923663 0.5201452 0.0285653 0.0169313
31 0.7832129 0.6420504 0.0285654 0.0169313
1 0.6377896 0.5201452 0.0285653 0.0169313
13 0.4923663 0.7024386 0.0285653 0.0158025
23 0.6377896 0.3982400 0.0285653 0.0169313
11 0.7832129 0.4586282 0.0285654 0.0158025
29 0.5650779 0.5810978 0.0285653 0.0169313
24 0.4923663 0.4586282 0.0285653 0.0158025
24 0.6377896 0.7024386 0.0285653 0.0158025
21 0.4196547 0.4586282 0.0285653 0.0158025
5 0.3469430 0.7024386 0.0285653 0.0158025
22 0.4196547 0.7024386 0.0285653 0.0158025
14 0.7832129 0.5201452 0.0285654 0.0169313
27 0.6377896 0.6420504 0.0285653 0.0169313
11 0.7105013 0.3982400 0.0285654 0.0169313
14 0.7105013 0.5201452 0.0285654 0.0169313
29 0.3469430 0.4586282 0.0285653 0.0158025
21 0.4196547 0.5201452 0.0285653 0.0169313
14 0.4923663 0.3982400 0.0285653 0.0169313
27 0.7832129 0.3982400 0.0285654 0.0169313
22 0.3469430 0.6420504 0.0285653 0.0169313
25 0.4196547 0.3982400 0.0285653 0.0169313
