28 0.0757137 0.5446177 0.0266897 0.0160270
14 0.4154005 0.6682548 0.0266897 0.0160270
32 0.2752797 0.6362008 0.4913328 0.4395984
17 0.3474632 0.4827992 0.0266897 0.0160271
31 0.2115884 0.7300733 0.0266897 0.0160270
33 0.4154005 0.7300733 0.0630847 0.0618186
4 0.4154005 0.7300733 0.0266897 0.0160270
19 0.2795258 0.7918918 0.0266897 0.0160270
29 0.1436510 0.5446177 0.0266897 0.0160270
24 0.4833379 0.6682548 0.0266897 0.0160270
25 0.2795258 0.6064363 0.0266897 0.0160270
2 0.3474632 0.5446177 0.0266897 0.0160270
24 0.2795258 0.4827992 0.0266897 0.0160271
6 0.3474632 0.6064363 0.0266897 0.0160270
15 0.4833379 0.4827992 0.0266897 0.0160271
3 0.4154005 0.6064363 0.0266897 0.0160270
2 0.1436510 0.6064363 0.0266897 0.0160270
8 0.2115884 0.6682548 0.0266897 0.0160270
1 0.1436510 0.7300733 0.0266897 0.0160270
20 0.0757137 0.6682548 0.0266897 0.0160270
24 0.2115884 0.6064363 0.0266897 0.0160270
29 0.0757137 0.4827992 0.0266897 0.0160271
4 0.4833379 0.6064363 0.0266897 0.0160270
18 0.2115884 0.7918918 0.0266897 0.0160270
15 0.2795258 0.7300733 0.0266897 0.0160270
20 0.4833379 0.7300733 0.0266897 0.0160270
17 0.2795258 0.5446177 0.0266897 0.0160270
6 0.2795258 0.6682548 0.0266897 0.0160270
12 0.1436510 0.6682548 0.0266897 0.0160270
13 0.4154005 0.5446177 0.0266897 0.0160270
19 0.2115884 0.5446177 0.0266897 0.0160270
11 0.0757137 0.7300733 0.0266897 0.0160270
14 0.2115884 0.4827992 0.0266897 0.0160271
26 0.1436510 0.7918918 0.0266897 0.0160270
12 0.3474632 0.7300733 0.0266897 0.0160270
25 0.0757137 0.7918918 0.0266897 0.0160270
9 0.4833379 0.5446177 0.0266897 0.0160270
2 0.1436510 0.4827992 0.0266897 0.0160271
29 0.4154005 0.4827992 0.0266897 0.0160271
12 0.4154005 0.7918918 0.0266897 0.0160270
4 0.0757137 0.6064363 0.0266897 0.0160270
7 0.3474632 0.7918918 0.0266897 0.0160270
21 0.4833379 0.7918918 0.0266897 0.0160270
8 0.3474632 0.6682548 0.0266897 0.0160270
