3 0.5507359 0.6501537 0.0288407 0.0162802
7 0.3304980 0.6501537 0.0288407 0.0162802
32 0.5461476 0.5547979 0.5309305 0.4465443
33 0.6975611 0.3989726 0.0681688 0.0627953
30 0.6975611 0.3989726 0.0288406 0.0162803
20 0.6241485 0.5245631 0.0288406 0.0162802
7 0.4039107 0.5873584 0.0288407 0.0162803
13 0.3304980 0.4617678 0.0288407 0.0162802
7 0.4039107 0.7129490 0.0288407 0.0162802
26 0.6241485 0.3989726 0.0288406 0.0162803
27 0.5507359 0.7129490 0.0288407 0.0162802
12 0.7709737 0.6501537 0.0288406 0.0162802
20 0.4039107 0.4617678 0.0288407 0.0162802
1 0.6241485 0.4617678 0.0288406 0.0162802
1 0.4773233 0.5245631 0.0288407 0.0162802
6 0.4039107 0.5245631 0.0288407 0.0162802
14 0.3304980 0.5245631 0.0288407 0.0162802
4 0.5507359 0.3989726 0.0288407 0.0162803
15 0.6975611 0.5873584 0.0288406 0.0162803
9 0.6241485 0.7129490 0.0288406 0.0162802
8 0.7709737 0.3989726 0.0288406 0.0162803
11 0.4773233 0.5873584 0.0288407 0.0162803
6 0.4773233 0.3989726 0.0288407 0.0162803
12 0.7709737 0.5245631 0.0288406 0.0162802
31 0.6241485 0.5873584 0.0288406 0.0162803
27 0.5507359 0.5245631 0.0288407 0.0162802
27 0.5507359 0.5873584 0.0288407 0.0162803
30 0.4773233 0.6501537 0.0288407 0.0162802
22 0.4773233 0.4617678 0.0288407 0.0162802
29 0.5507359 0.4617678 0.0288407 0.0162802
24 0.4039107 0.6501537 0.0288407 0.0162802
21 0.3304980 0.7129490 0.0288407 0.0162802
7 0.3304980 0.5873584 0.0288407 0.0162803
21 0.4773233 0.7129490 0.0288407 0.0162802
26 0.7709737 0.4617678 0.0288406 0.0162802
24 0.6975611 0.4617678 0.0288406 0.0162802
24 0.6975611 0.5245631 0.0288406 0.0162802
28 0.6975611 0.6501537 0.0288406 0.0162802
5 0.3304980 0.3989726 0.0288407 0.0162803
29 0.6241485 0.6501537 0.0288406 0.0162802
26 0.4039107 0.3989726 0.0288407 0.0162803
16 0.7709737 0.5873584 0.0288406 0.0162803
7 0.6975611 0.7129490 0.0288406 0.0162802
24 0.7709737 0.7129490 0.0288406 0.0162802
