18 0.2176448 0.3364014 0.0277530 0.0163113
15 0.5002208 0.5880623 0.0277530 0.0163114
32 0.3545175 0.4296091 0.5109075 0.4473972
15 0.2176448 0.2734861 0.0277530 0.0163114
22 0.2882888 0.3364014 0.0277530 0.0163113
33 0.1470008 0.4622318 0.0655980 0.0629152
23 0.1470008 0.4622318 0.0277530 0.0163114
15 0.5002208 0.3993166 0.0277530 0.0163114
17 0.2176448 0.5251471 0.0277530 0.0163114
31 0.5002208 0.4622318 0.0277530 0.0163114
5 0.1470008 0.2734861 0.0277530 0.0163114
27 0.3589327 0.2734861 0.0277530 0.0163114
17 0.3589327 0.4622318 0.0277530 0.0163114
21 0.2176448 0.4622318 0.0277530 0.0163114
25 0.1470008 0.3364014 0.0277530 0.0163113
26 0.1470008 0.5251471 0.0277530 0.0163114
29 0.2882888 0.2734861 0.0277530 0.0163114
31 0.5708648 0.5251471 0.0277530 0.0163114
18 0.5708648 0.2734861 0.0277530 0.0163114
16 0.2882888 0.4622318 0.0277530 0.0163114
25 0.2882888 0.5251471 0.0277530 0.0163114
30 0.4295767 0.5880623 0.0277530 0.0163114
21 0.3589327 0.5880623 0.0277530 0.0163114
6 0.4295767 0.5251471 0.0277530 0.0163114
26 0.3589327 0.3364014 0.0277530 0.0163113
1 0.4295767 0.4622318 0.0277530 0.0163114
18 0.5708648 0.5880623 0.0277530 0.0163114
1 0.1470008 0.5880623 0.0277530 0.0163114
29 0.1470008 0.3993166 0.0277530 0.0163114
25 0.5002208 0.5251471 0.0277530 0.0163114
13 0.2176448 0.5880623 0.0277530 0.0163114
14 0.2882888 0.3993166 0.0277530 0.0163114
23 0.2176448 0.3993166 0.0277530 0.0163114
2 0.5708648 0.4622318 0.0277530 0.0163114
28 0.4295767 0.3364014 0.0277530 0.0163113
2 0.3589327 0.5251471 0.0277530 0.0163114
6 0.5708648 0.3993166 0.0277530 0.0163114
14 0.5708648 0.3364014 0.0277530 0.0163113
30 0.3589327 0.3993166 0.0277530 0.0163114
13 0.2882888 0.5880623 0.0277530 0.0163114
15 0.5002208 0.2734861 0.0277530 0.0163114
14 0.5002208 0.3364014 0.0277530 0.0163113
30 0.4295767 0.2734861 0.0277530 0.0163114
1 0.4295767 0.3993166 0.0277530 0.0163114
