15 0.3120149 0.5151017 0.0274399 0.0148779
28 0.1723205 0.6872604 0.0274400 0.0148779
32 0.3774966 0.6001183 0.5051448 0.4080798
6 0.1723205 0.4577155 0.0274400 0.0148779
11 0.3818621 0.4577155 0.0274400 0.0148779
33 0.1723205 0.5151017 0.0648581 0.0573862
19 0.1723205 0.5151017 0.0274400 0.0148779
25 0.1723205 0.6298742 0.0274400 0.0148779
26 0.3120149 0.4577155 0.0274399 0.0148779
24 0.2421677 0.5724879 0.0274400 0.0148779
5 0.2421677 0.4577155 0.0274400 0.0148779
21 0.3818621 0.6872604 0.0274400 0.0148779
25 0.5914036 0.5724879 0.0274400 0.0148779
2 0.5215564 0.6298742 0.0274400 0.0148779
7 0.4517093 0.5151017 0.0274400 0.0148779
24 0.5914036 0.6298742 0.0274400 0.0148779
30 0.5215564 0.4577155 0.0274400 0.0148779
2 0.4517093 0.6872604 0.0274400 0.0148779
29 0.3120149 0.6872604 0.0274399 0.0148779
16 0.5215564 0.6872604 0.0274400 0.0148779
25 0.2421677 0.6872604 0.0274400 0.0148779
4 0.5914036 0.6872604 0.0274400 0.0148779
15 0.3818621 0.7446467 0.0274400 0.0148779
5 0.2421677 0.7446467 0.0274400 0.0148779
23 0.5215564 0.5724879 0.0274400 0.0148779
29 0.4517093 0.6298742 0.0274400 0.0148779
5 0.5914036 0.4577155 0.0274400 0.0148779
3 0.5914036 0.5151017 0.0274400 0.0148779
21 0.4517093 0.4577155 0.0274400 0.0148779
16 0.1723205 0.5724879 0.0274400 0.0148779
5 0.5215564 0.5151017 0.0274400 0.0148779
26 0.4517093 0.7446467 0.0274400 0.0148779
5 0.4517093 0.5724879 0.0274400 0.0148779
5 0.1723205 0.7446467 0.0274400 0.0148779
24 0.2421677 0.5151017 0.0274400 0.0148779
20 0.3120149 0.6298742 0.0274399 0.0148779
31 0.5914036 0.7446467 0.0274400 0.0148779
21 0.3818621 0.6298742 0.0274400 0.0148779
2 0.3120149 0.7446467 0.0274399 0.0148779
19 0.3818621 0.5724879 0.0274400 0.0148779
30 0.2421677 0.6298742 0.0274400 0.0148779
16 0.3120149 0.5724879 0.0274399 0.0148779
29 0.3818621 0.5151017 0.0274400 0.0148779
14 0.5215564 0.7446467 0.0274400 0.0148779
