17 0.3358352 0.3725930 0.0279070 0.0162364
18 0.1937636 0.6230978 0.0279069 0.0162364
32 0.4024313 0.4653726 0.5137410 0.4453419
23 0.1937636 0.3725930 0.0279069 0.0162364
33 0.4068710 0.4352192 0.0659618 0.0626262
22 0.4068710 0.4352192 0.0279069 0.0162364
30 0.6199783 0.4352192 0.0279069 0.0162364
24 0.6199783 0.5604716 0.0279069 0.0162364
31 0.4068710 0.4978454 0.0279069 0.0162364
25 0.4779068 0.3725930 0.0279069 0.0162364
16 0.4068710 0.3099668 0.0279069 0.0162364
18 0.5489426 0.4352192 0.0279069 0.0162364
19 0.6199783 0.6230978 0.0279069 0.0162364
29 0.4779068 0.5604716 0.0279069 0.0162364
25 0.5489426 0.5604716 0.0279069 0.0162364
30 0.2647994 0.5604716 0.0279069 0.0162364
21 0.4068710 0.6230978 0.0279069 0.0162364
6 0.2647994 0.4978454 0.0279069 0.0162364
23 0.2647994 0.3099668 0.0279069 0.0162364
1 0.4068710 0.5604716 0.0279069 0.0162364
26 0.1937636 0.4352192 0.0279069 0.0162364
1 0.5489426 0.3725930 0.0279069 0.0162364
16 0.4779068 0.4978454 0.0279069 0.0162364
27 0.5489426 0.3099668 0.0279069 0.0162364
6 0.6199783 0.4978454 0.0279069 0.0162364
13 0.6199783 0.3099668 0.0279069 0.0162364
1 0.3358352 0.4978454 0.0279070 0.0162364
27 0.5489426 0.4978454 0.0279069 0.0162364
20 0.4779068 0.3099668 0.0279069 0.0162364
1 0.2647994 0.3725930 0.0279069 0.0162364
18 0.6199783 0.3725930 0.0279069 0.0162364
16 0.1937636 0.4978454 0.0279069 0.0162364
6 0.2647994 0.4352192 0.0279069 0.0162364
13 0.3358352 0.4352192 0.0279070 0.0162364
23 0.1937636 0.3099668 0.0279069 0.0162364
25 0.4779068 0.6230978 0.0279069 0.0162364
7 0.3358352 0.5604716 0.0279070 0.0162364
17 0.4068710 0.3725930 0.0279069 0.0162364
20 0.3358352 0.6230978 0.0279070 0.0162364
13 0.2647994 0.6230978 0.0279069 0.0162364
15 0.4779068 0.4352192 0.0279069 0.0162364
2 0.5489426 0.6230978 0.0279069 0.0162364
25 0.3358352 0.3099668 0.0279070 0.0162364
13 0.1937636 0.5604716 0.0279069 0.0162364
