2 0.4745208 0.5411360 0.0274503 0.0159602
13 0.5443942 0.4795754 0.0274503 0.0159602
32 0.3304068 0.5707764 0.5053349 0.4377646
33 0.2649004 0.4180147 0.0648825 0.0615606
20 0.2649004 0.4180147 0.0274503 0.0159602
27 0.4046473 0.4180147 0.0274503 0.0159602
4 0.4046473 0.7258179 0.0274503 0.0159602
30 0.2649004 0.4795754 0.0274503 0.0159602
17 0.1251535 0.5411360 0.0274503 0.0159602
11 0.4745208 0.6026967 0.0274503 0.0159602
20 0.1950269 0.7258179 0.0274503 0.0159602
22 0.5443942 0.6642573 0.0274503 0.0159602
11 0.4046473 0.6642573 0.0274503 0.0159602
21 0.1950269 0.5411360 0.0274503 0.0159602
26 0.1251535 0.6026967 0.0274503 0.0159602
1 0.4046473 0.6026967 0.0274503 0.0159602
26 0.4745208 0.4795754 0.0274503 0.0159602
28 0.3347739 0.5411360 0.0274503 0.0159602
6 0.2649004 0.5411360 0.0274503 0.0159602
10 0.3347739 0.6642573 0.0274503 0.0159602
10 0.1950269 0.6642573 0.0274503 0.0159602
24 0.5443942 0.7258179 0.0274503 0.0159602
18 0.3347739 0.6026967 0.0274503 0.0159602
2 0.1251535 0.6642573 0.0274503 0.0159602
9 0.1251535 0.4795754 0.0274503 0.0159602
17 0.2649004 0.6642573 0.0274503 0.0159602
8 0.1251535 0.7258179 0.0274503 0.0159602
13 0.4745208 0.7258179 0.0274503 0.0159602
25 0.2649004 0.7258179 0.0274503 0.0159602
18 0.1251535 0.4180147 0.0274503 0.0159602
29 0.1950269 0.4795754 0.0274503 0.0159602
11 0.3347739 0.4795754 0.0274503 0.0159602
20 0.4745208 0.4180147 0.0274503 0.0159602
10 0.5443942 0.5411360 0.0274503 0.0159602
25 0.2649004 0.6026967 0.0274503 0.0159602
22 0.5443942 0.4180147 0.0274503 0.0159602
10 0.3347739 0.4180147 0.0274503 0.0159602
25 0.4745208 0.6642573 0.0274503 0.0159602
22 0.4046473 0.4795754 0.0274503 0.0159602
1 0.1950269 0.4180147 0.0274503 0.0159602
14 0.5443942 0.6026967 0.0274503 0.0159602
6 0.1950269 0.6026967 0.0274503 0.0159602
22 0.3347739 0.7258179 0.0274503 0.0159602
30 0.4046473 0.5411360 0.0274503 0.0159602
