24 0.4362866 0.5228455 0.0267682 0.0159702
23 0.3681495 0.6460444 0.0267682 0.0159703
32 0.5001651 0.4909051 0.4927773 0.4380403
33 0.3681495 0.3996467 0.0632701 0.0615994
15 0.3681495 0.3996467 0.0267682 0.0159702
27 0.6406979 0.3996467 0.0267682 0.0159702
18 0.4362866 0.4612461 0.0267682 0.0159703
1 0.5725608 0.3996467 0.0267682 0.0159702
15 0.5044237 0.5844449 0.0267682 0.0159702
25 0.3000124 0.3380473 0.0267682 0.0159702
30 0.3681495 0.5228455 0.0267682 0.0159702
17 0.6406979 0.6460444 0.0267682 0.0159703
14 0.6406979 0.5228455 0.0267682 0.0159702
31 0.3000124 0.3996467 0.0267682 0.0159702
18 0.7088350 0.3380473 0.0267681 0.0159702
13 0.7088350 0.4612461 0.0267681 0.0159703
24 0.5044237 0.4612461 0.0267682 0.0159703
7 0.7088350 0.3996467 0.0267681 0.0159702
30 0.6406979 0.3380473 0.0267682 0.0159702
25 0.3000124 0.4612461 0.0267682 0.0159703
6 0.4362866 0.6460444 0.0267682 0.0159703
19 0.5725608 0.5228455 0.0267682 0.0159702
5 0.5725608 0.3380473 0.0267682 0.0159702
18 0.3681495 0.5844449 0.0267682 0.0159702
1 0.6406979 0.4612461 0.0267682 0.0159703
7 0.4362866 0.5844449 0.0267682 0.0159702
21 0.3000124 0.5844449 0.0267682 0.0159702
26 0.3000124 0.6460444 0.0267682 0.0159703
17 0.5044237 0.5228455 0.0267682 0.0159702
23 0.3000124 0.5228455 0.0267682 0.0159702
3 0.3681495 0.4612461 0.0267682 0.0159703
29 0.5044237 0.3996467 0.0267682 0.0159702
20 0.5044237 0.6460444 0.0267682 0.0159703
4 0.7088350 0.6460444 0.0267681 0.0159703
7 0.6406979 0.5844449 0.0267682 0.0159702
18 0.4362866 0.3380473 0.0267682 0.0159702
16 0.7088350 0.5228455 0.0267681 0.0159702
1 0.5044237 0.3380473 0.0267682 0.0159702
4 0.4362866 0.3996467 0.0267682 0.0159702
17 0.3681495 0.3380473 0.0267682 0.0159702
16 0.5725608 0.4612461 0.0267682 0.0159703
14 0.5725608 0.5844449 0.0267682 0.0159702
30 0.5725608 0.6460444 0.0267682 0.0159703
18 0.7088350 0.5844449 0.0267681 0.0159702
