10 0.4134530 0.4945260 0.0284332 0.0160839
10 0.3410776 0.4945260 0.0284332 0.0160839
32 0.5536803 0.4623581 0.5234294 0.4411591
33 0.5582038 0.4324880 0.0672057 0.0620380
13 0.5582038 0.4324880 0.0284332 0.0160839
20 0.7753300 0.4324880 0.0284332 0.0160839
4 0.7753300 0.4945260 0.0284332 0.0160839
18 0.4858284 0.5565640 0.0284332 0.0160839
16 0.3410776 0.3084120 0.0284332 0.0160840
7 0.5582038 0.4945260 0.0284332 0.0160839
26 0.3410776 0.6186020 0.0284332 0.0160839
8 0.4134530 0.6186020 0.0284332 0.0160839
11 0.4134530 0.3704500 0.0284332 0.0160839
27 0.6305792 0.3084120 0.0284332 0.0160840
30 0.7753300 0.3084120 0.0284332 0.0160840
4 0.6305792 0.4945260 0.0284332 0.0160839
2 0.4858284 0.4324880 0.0284332 0.0160839
24 0.6305792 0.3704500 0.0284332 0.0160839
12 0.4858284 0.3084120 0.0284332 0.0160840
13 0.5582038 0.5565640 0.0284332 0.0160839
27 0.3410776 0.3704500 0.0284332 0.0160839
5 0.7753300 0.6186020 0.0284332 0.0160839
4 0.3410776 0.4324880 0.0284332 0.0160839
5 0.4858284 0.6186020 0.0284332 0.0160839
3 0.5582038 0.6186020 0.0284332 0.0160839
6 0.7029547 0.6186020 0.0284332 0.0160839
21 0.4858284 0.3704500 0.0284332 0.0160839
28 0.7029547 0.4324880 0.0284332 0.0160839
10 0.5582038 0.3704500 0.0284332 0.0160839
24 0.7029547 0.4945260 0.0284332 0.0160839
2 0.7029547 0.5565640 0.0284332 0.0160839
28 0.4858284 0.4945260 0.0284332 0.0160839
7 0.4134530 0.5565640 0.0284332 0.0160839
5 0.4134530 0.3084120 0.0284332 0.0160840
31 0.7029547 0.3704500 0.0284332 0.0160839
11 0.3410776 0.5565640 0.0284332 0.0160839
6 0.4134530 0.4324880 0.0284332 0.0160839
24 0.7753300 0.5565640 0.0284332 0.0160839
15 0.6305792 0.5565640 0.0284332 0.0160839
13 0.6305792 0.4324880 0.0284332 0.0160839
31 0.5582038 0.3084120 0.0284332 0.0160840
19 0.7029547 0.3084120 0.0284332 0.0160840
12 0.6305792 0.6186020 0.0284332 0.0160839
11 0.7753300 0.3704500 0.0284332 0.0160839
