25 0.4936100 0.5298024 0.0262762 0.0162183
1 0.4267250 0.6460334 0.0262762 0.0151371
32 0.4942072 0.4946629 0.4837221 0.4151879
5 0.2929550 0.3546451 0.0262763 0.0162183
17 0.4267250 0.4714167 0.0262762 0.0162183
33 0.4936100 0.5876477 0.0621075 0.0583858
20 0.4936100 0.5881883 0.0262762 0.0162183
9 0.5604951 0.4714167 0.0262762 0.0162183
20 0.6942651 0.6460334 0.0262763 0.0151371
9 0.3598400 0.6460334 0.0262762 0.0151371
3 0.3598400 0.5881883 0.0262762 0.0162183
26 0.6273801 0.3546451 0.0262762 0.0162183
31 0.4267250 0.5881883 0.0262762 0.0162183
11 0.4936100 0.4714167 0.0262762 0.0162183
4 0.4267250 0.5298024 0.0262762 0.0162183
2 0.4936100 0.6460334 0.0262762 0.0151371
27 0.5604951 0.5881883 0.0262762 0.0162183
22 0.6942651 0.3546451 0.0262763 0.0162183
31 0.4936100 0.4124903 0.0262762 0.0151371
25 0.3598400 0.5298024 0.0262762 0.0162183
21 0.3598400 0.3546451 0.0262762 0.0162183
9 0.6273801 0.5881883 0.0262762 0.0162183
13 0.3598400 0.4124903 0.0262762 0.0151371
9 0.2929550 0.4124903 0.0262763 0.0151371
27 0.5604951 0.6460334 0.0262762 0.0151371
22 0.5604951 0.4124903 0.0262762 0.0151371
14 0.6273801 0.4714167 0.0262762 0.0162183
15 0.6273801 0.6460334 0.0262762 0.0151371
12 0.6942651 0.4124903 0.0262763 0.0151371
20 0.2929550 0.5881883 0.0262763 0.0162183
26 0.5604951 0.5298024 0.0262762 0.0162183
23 0.5604951 0.3546451 0.0262762 0.0162183
29 0.6942651 0.5881883 0.0262763 0.0162183
29 0.4936100 0.3546451 0.0262762 0.0162183
13 0.4267250 0.4124903 0.0262762 0.0151371
29 0.3598400 0.4714167 0.0262762 0.0162183
18 0.6942651 0.4714167 0.0262763 0.0162183
26 0.4267250 0.3546451 0.0262762 0.0162183
11 0.2929550 0.4714167 0.0262763 0.0162183
19 0.6273801 0.4124903 0.0262762 0.0151371
23 0.6273801 0.5298024 0.0262762 0.0162183
10 0.2929550 0.6460334 0.0262763 0.0151371
14 0.6942651 0.5298024 0.0262763 0.0162183
4 0.2929550 0.5298024 0.0262763 0.0162183
