19 0.6794440 0.6045119 0.0270520 0.0170661
9 0.2662863 0.4816363 0.0270520 0.0170660
32 0.4734799 0.6289733 0.4980026 0.4368911
33 0.4040055 0.5425053 0.0639410 0.0614378
8 0.4040055 0.5425053 0.0270520 0.0159283
29 0.3351459 0.6045119 0.0270520 0.0170661
8 0.4040055 0.7882565 0.0270520 0.0159284
20 0.3351459 0.7273876 0.0270520 0.0170660
5 0.4728651 0.6045119 0.0270520 0.0170661
16 0.6794440 0.4816363 0.0270520 0.0170660
26 0.5417248 0.6045119 0.0270520 0.0170661
10 0.6105844 0.5425053 0.0270520 0.0159283
9 0.2662863 0.5425053 0.0270520 0.0159283
4 0.4728651 0.5425053 0.0270520 0.0159283
14 0.6105844 0.7273876 0.0270520 0.0170660
2 0.6105844 0.6659498 0.0270520 0.0170661
14 0.4040055 0.6045119 0.0270520 0.0170661
24 0.5417248 0.6659498 0.0270520 0.0170661
11 0.5417248 0.5425053 0.0270520 0.0159283
7 0.5417248 0.7273876 0.0270520 0.0170660
22 0.3351459 0.7882565 0.0270520 0.0159284
12 0.4728651 0.7273876 0.0270520 0.0170660
29 0.5417248 0.4816363 0.0270520 0.0170660
16 0.3351459 0.4816363 0.0270520 0.0170660
10 0.6105844 0.4816363 0.0270520 0.0170660
22 0.2662863 0.7273876 0.0270520 0.0170660
25 0.3351459 0.5425053 0.0270520 0.0159283
18 0.6105844 0.6045119 0.0270520 0.0170661
8 0.4040055 0.7273876 0.0270520 0.0170660
27 0.4728651 0.6659498 0.0270520 0.0170661
16 0.4728651 0.4816363 0.0270520 0.0170660
31 0.3351459 0.6659498 0.0270520 0.0170661
14 0.6794440 0.6659498 0.0270520 0.0170661
1 0.6105844 0.7882565 0.0270520 0.0159284
16 0.4040055 0.6659498 0.0270520 0.0170661
15 0.5417248 0.7882565 0.0270520 0.0159284
14 0.6794440 0.7273876 0.0270520 0.0170660
7 0.4040055 0.4816363 0.0270520 0.0170660
11 0.4728651 0.7882565 0.0270520 0.0159284
31 0.6794440 0.5425053 0.0270520 0.0159283
29 0.2662863 0.6659498 0.0270520 0.0170661
26 0.2662863 0.7882565 0.0270520 0.0159284
29 0.6794440 0.7882565 0.0270520 0.0159284
4 0.2662863 0.6045119 0.0270520 0.0170661
