31 0.4830742 0.4590994 0.0276456 0.0157024
31 0.6941866 0.4590994 0.0276456 0.0157024
32 0.5490469 0.4276946 0.5089315 0.4306950
15 0.6941866 0.5196659 0.0276456 0.0157024
33 0.4830743 0.5802323 0.0653443 0.0605665
29 0.4830742 0.5802324 0.0276456 0.0157024
15 0.6238158 0.3379664 0.0276457 0.0157024
19 0.4127035 0.2774000 0.0276456 0.0157024
30 0.4830742 0.2774000 0.0276456 0.0157024
19 0.4830742 0.3379664 0.0276456 0.0157024
8 0.3423327 0.4590994 0.0276457 0.0157024
22 0.7645573 0.5196659 0.0276456 0.0157024
6 0.5534450 0.5196659 0.0276456 0.0157024
10 0.6238158 0.5802324 0.0276457 0.0157024
31 0.6238158 0.5196659 0.0276457 0.0157024
15 0.7645573 0.3985330 0.0276456 0.0157024
16 0.3423327 0.3985330 0.0276457 0.0157024
28 0.6941866 0.3379664 0.0276456 0.0157024
1 0.5534450 0.3379664 0.0276456 0.0157024
22 0.4830742 0.5196659 0.0276456 0.0157024
27 0.5534450 0.2774000 0.0276456 0.0157024
20 0.6238158 0.4590994 0.0276457 0.0157024
15 0.3423327 0.3379664 0.0276457 0.0157024
31 0.4127035 0.3379664 0.0276456 0.0157024
20 0.4127035 0.4590994 0.0276456 0.0157024
17 0.4127035 0.5802324 0.0276456 0.0157024
13 0.6941866 0.2774000 0.0276456 0.0157024
5 0.5534450 0.3985330 0.0276456 0.0157024
1 0.7645573 0.5802324 0.0276456 0.0157024
7 0.7645573 0.2774000 0.0276456 0.0157024
7 0.7645573 0.3379664 0.0276456 0.0157024
2 0.5534450 0.4590994 0.0276456 0.0157024
25 0.3423327 0.5196659 0.0276457 0.0157024
22 0.6941866 0.5802324 0.0276456 0.0157024
31 0.3423327 0.2774000 0.0276457 0.0157024
12 0.7645573 0.4590994 0.0276456 0.0157024
12 0.4127035 0.5196659 0.0276456 0.0157024
21 0.6941866 0.3985330 0.0276456 0.0157024
13 0.3423327 0.5802324 0.0276457 0.0157024
28 0.5534450 0.5802324 0.0276456 0.0157024
9 0.6238158 0.3985330 0.0276457 0.0157024
30 0.4127035 0.3985330 0.0276456 0.0157024
7 0.6238158 0.2774000 0.0276457 0.0157024
14 0.4830742 0.3985330 0.0276456 0.0157024
