25 0.6726214 0.3190272 0.0275575 0.0157877
25 0.6726214 0.4408179 0.0275575 0.0157876
32 0.5279441 0.4092425 0.5073098 0.4330335
33 0.5323283 0.3799225 0.0651360 0.0608954
18 0.5323283 0.3799225 0.0275576 0.0157877
30 0.3920352 0.4408179 0.0275576 0.0157876
22 0.3920352 0.2581318 0.0275576 0.0157877
14 0.4621818 0.3190272 0.0275576 0.0157877
27 0.6024748 0.3799225 0.0275576 0.0157877
30 0.3218887 0.5017132 0.0275576 0.0157877
19 0.6024748 0.4408179 0.0275576 0.0157876
11 0.5323283 0.3190272 0.0275576 0.0157877
12 0.4621818 0.2581318 0.0275576 0.0157877
2 0.3218887 0.5626085 0.0275576 0.0157877
30 0.5323283 0.4408179 0.0275576 0.0157876
17 0.3920352 0.5626085 0.0275576 0.0157877
17 0.6024748 0.2581318 0.0275576 0.0157877
13 0.6726214 0.3799225 0.0275575 0.0157877
25 0.4621818 0.4408179 0.0275576 0.0157876
24 0.3920352 0.3799225 0.0275576 0.0157877
4 0.3218887 0.3799225 0.0275576 0.0157877
30 0.5323283 0.5626085 0.0275576 0.0157877
1 0.3218887 0.2581318 0.0275576 0.0157877
31 0.6726214 0.2581318 0.0275575 0.0157877
26 0.3218887 0.3190272 0.0275576 0.0157877
2 0.6726214 0.5626085 0.0275575 0.0157877
17 0.4621818 0.5626085 0.0275576 0.0157877
31 0.3218887 0.4408179 0.0275576 0.0157876
1 0.4621818 0.5017132 0.0275576 0.0157877
8 0.5323283 0.2581318 0.0275576 0.0157877
30 0.3920352 0.5017132 0.0275576 0.0157877
21 0.7427679 0.2581318 0.0275576 0.0157877
31 0.6726214 0.5017132 0.0275575 0.0157877
27 0.7427679 0.3799225 0.0275576 0.0157877
21 0.3920352 0.3190272 0.0275576 0.0157877
18 0.6024748 0.5626085 0.0275576 0.0157877
11 0.7427679 0.3190272 0.0275576 0.0157877
15 0.4621818 0.3799225 0.0275576 0.0157877
21 0.7427679 0.5017132 0.0275576 0.0157877
29 0.7427679 0.5626085 0.0275576 0.0157877
10 0.6024748 0.5017132 0.0275576 0.0157877
19 0.6024748 0.3190272 0.0275576 0.0157877
15 0.5323283 0.5017132 0.0275576 0.0157877
20 0.7427679 0.4408179 0.0275576 0.0157876
