14 0.7383296 0.2694128 0.0275253 0.0160339
27 0.3179430 0.2075676 0.0275253 0.0160339
32 0.5237573 0.3610352 0.5067161 0.4397876
27 0.4580719 0.2075676 0.0275253 0.0160339
33 0.3179430 0.2694128 0.0650599 0.0618451
19 0.3179430 0.2694128 0.0275253 0.0160339
27 0.4580719 0.2694128 0.0275253 0.0160339
15 0.3880074 0.5167933 0.0275253 0.0160339
28 0.7383296 0.3312579 0.0275253 0.0160339
30 0.6682652 0.2075676 0.0275253 0.0160339
1 0.7383296 0.2075676 0.0275253 0.0160339
3 0.3880074 0.3312579 0.0275253 0.0160339
5 0.6682652 0.5167933 0.0275253 0.0160339
27 0.5281363 0.4549482 0.0275253 0.0160339
19 0.4580719 0.5167933 0.0275253 0.0160339
19 0.7383296 0.5167933 0.0275253 0.0160339
29 0.5281363 0.3312579 0.0275253 0.0160339
13 0.3880074 0.4549482 0.0275253 0.0160339
18 0.4580719 0.3931030 0.0275253 0.0160339
25 0.7383296 0.3931030 0.0275253 0.0160339
14 0.5982008 0.3931030 0.0275253 0.0160339
3 0.6682652 0.4549482 0.0275253 0.0160339
24 0.3179430 0.3931030 0.0275253 0.0160339
4 0.7383296 0.4549482 0.0275253 0.0160339
5 0.3880074 0.2694128 0.0275253 0.0160339
1 0.4580719 0.4549482 0.0275253 0.0160339
1 0.5982008 0.3312579 0.0275253 0.0160339
27 0.6682652 0.3312579 0.0275253 0.0160339
19 0.5982008 0.2075676 0.0275253 0.0160339
5 0.5281363 0.2075676 0.0275253 0.0160339
24 0.6682652 0.2694128 0.0275253 0.0160339
18 0.6682652 0.3931030 0.0275253 0.0160339
27 0.3880074 0.2075676 0.0275253 0.0160339
14 0.3880074 0.3931030 0.0275253 0.0160339
4 0.5281363 0.3931030 0.0275253 0.0160339
13 0.5982008 0.5167933 0.0275253 0.0160339
18 0.5982008 0.4549482 0.0275253 0.0160339
2 0.3179430 0.5167933 0.0275253 0.0160339
4 0.5982008 0.2694128 0.0275253 0.0160339
25 0.5281363 0.5167933 0.0275253 0.0160339
24 0.4580719 0.3312579 0.0275253 0.0160339
21 0.3179430 0.3312579 0.0275253 0.0160339
28 0.3179430 0.4549482 0.0275253 0.0160339
26 0.5281363 0.2694128 0.0275253 0.0160339
