26 0.2736136 0.4111076 0.0288008 0.0157663
15 0.4935469 0.4111076 0.0288008 0.0157663
32 0.4156538 0.3795751 0.5301962 0.4324453
11 0.3469247 0.2894824 0.0288008 0.0157663
33 0.6401691 0.4111076 0.0680746 0.0608126
9 0.6401691 0.4111076 0.0288007 0.0157663
28 0.2003026 0.5327328 0.0288008 0.0157663
5 0.4202358 0.3502950 0.0288008 0.0157663
2 0.2003026 0.3502950 0.0288008 0.0157663
24 0.4935469 0.4719202 0.0288008 0.0157662
13 0.2003026 0.4719202 0.0288008 0.0157662
13 0.6401691 0.2286697 0.0288007 0.0157662
28 0.4202358 0.4719202 0.0288008 0.0157662
6 0.2003026 0.2286697 0.0288008 0.0157662
26 0.5668580 0.4719202 0.0288008 0.0157662
6 0.2736136 0.4719202 0.0288008 0.0157662
9 0.6401691 0.2894824 0.0288007 0.0157663
29 0.4935469 0.2286697 0.0288008 0.0157662
16 0.3469247 0.3502950 0.0288008 0.0157663
3 0.3469247 0.2286697 0.0288008 0.0157662
24 0.4935469 0.5327328 0.0288008 0.0157663
1 0.4935469 0.3502950 0.0288008 0.0157663
31 0.3469247 0.4719202 0.0288008 0.0157662
6 0.4935469 0.2894824 0.0288008 0.0157663
20 0.4202358 0.4111076 0.0288008 0.0157663
29 0.3469247 0.4111076 0.0288008 0.0157663
30 0.2736136 0.2894824 0.0288008 0.0157663
18 0.2736136 0.3502950 0.0288008 0.0157663
17 0.5668580 0.3502950 0.0288008 0.0157663
11 0.3469247 0.5327328 0.0288008 0.0157663
24 0.4202358 0.5327328 0.0288008 0.0157663
20 0.6401691 0.4719202 0.0288007 0.0157662
1 0.2003026 0.4111076 0.0288008 0.0157663
21 0.2736136 0.2286697 0.0288008 0.0157662
16 0.4202358 0.2894824 0.0288008 0.0157663
29 0.5668580 0.5327328 0.0288008 0.0157663
14 0.6401691 0.3502950 0.0288007 0.0157663
22 0.2736136 0.5327328 0.0288008 0.0157663
13 0.2003026 0.2894824 0.0288008 0.0157663
17 0.4202358 0.2286697 0.0288008 0.0157662
28 0.6401691 0.5327328 0.0288007 0.0157663
6 0.5668580 0.4111076 0.0288008 0.0157663
15 0.5668580 0.2286697 0.0288008 0.0157662
25 0.5668580 0.2894824 0.0288008 0.0157663
