14 0.4769927 0.1914398 0.0273531 0.0158201
4 0.1984885 0.2524602 0.0273531 0.0158201
32 0.3333890 0.3428610 0.5035455 0.4339234
33 0.1288625 0.2524603 0.0646528 0.0610205
23 0.1288625 0.2524602 0.0273531 0.0158201
6 0.4769927 0.2524602 0.0273531 0.0158201
4 0.1984885 0.4355217 0.0273531 0.0158201
15 0.4073666 0.1914398 0.0273531 0.0158201
15 0.3377406 0.3134807 0.0273531 0.0158201
14 0.3377406 0.2524602 0.0273531 0.0158201
19 0.4073666 0.4355217 0.0273531 0.0158201
31 0.2681146 0.1914398 0.0273531 0.0158201
16 0.4769927 0.4355217 0.0273531 0.0158201
29 0.1984885 0.1914398 0.0273531 0.0158201
4 0.1984885 0.4965422 0.0273531 0.0158202
7 0.3377406 0.1914398 0.0273531 0.0158201
15 0.3377406 0.4355217 0.0273531 0.0158201
31 0.4073666 0.3134807 0.0273531 0.0158201
3 0.4073666 0.3745012 0.0273531 0.0158202
27 0.4769927 0.4965422 0.0273531 0.0158202
6 0.5466187 0.2524602 0.0273531 0.0158201
5 0.1288625 0.4965422 0.0273531 0.0158202
21 0.2681146 0.4355217 0.0273531 0.0158201
24 0.1288625 0.1914398 0.0273531 0.0158201
16 0.1288625 0.4355217 0.0273531 0.0158201
31 0.5466187 0.4965422 0.0273531 0.0158202
21 0.3377406 0.3745012 0.0273531 0.0158202
6 0.5466187 0.3745012 0.0273531 0.0158202
4 0.4769927 0.3134807 0.0273531 0.0158201
19 0.5466187 0.3134807 0.0273531 0.0158201
3 0.2681146 0.4965422 0.0273531 0.0158202
27 0.4073666 0.4965422 0.0273531 0.0158202
14 0.4073666 0.2524602 0.0273531 0.0158201
7 0.2681146 0.2524602 0.0273531 0.0158201
5 0.2681146 0.3745012 0.0273531 0.0158202
29 0.2681146 0.3134807 0.0273531 0.0158201
1 0.5466187 0.1914398 0.0273531 0.0158201
27 0.1984885 0.3134807 0.0273531 0.0158201
31 0.4769927 0.3745012 0.0273531 0.0158202
7 0.3377406 0.4965422 0.0273531 0.0158202
20 0.5466187 0.4355217 0.0273531 0.0158201
3 0.1984885 0.3745012 0.0273531 0.0158202
26 0.1288625 0.3745012 0.0273531 0.0158202
24 0.1288625 0.3134807 0.0273531 0.0158201
