23 0.3106418 0.2834707 0.0275619 0.0151311
8 0.3807993 0.2834707 0.0275619 0.0151311
32 0.4465720 0.4282969 0.5073891 0.4150245
18 0.6614294 0.2834707 0.0275619 0.0151311
33 0.3807993 0.4001963 0.0651463 0.0583628
16 0.3807993 0.4001963 0.0275619 0.0151312
2 0.6614294 0.4585591 0.0275619 0.0151311
13 0.5211143 0.4585591 0.0275618 0.0151311
8 0.4509568 0.3418335 0.0275619 0.0151311
10 0.6614294 0.4001963 0.0275619 0.0151312
4 0.2404843 0.4585591 0.0275619 0.0151311
28 0.3807993 0.5169220 0.0275619 0.0151311
5 0.2404843 0.4001963 0.0275619 0.0151312
20 0.3106418 0.4585591 0.0275619 0.0151311
9 0.5912719 0.3418335 0.0275619 0.0151311
1 0.4509568 0.2834707 0.0275619 0.0151311
21 0.4509568 0.5752848 0.0275619 0.0151311
20 0.5211143 0.5752848 0.0275618 0.0151311
12 0.5912719 0.5752848 0.0275619 0.0151311
20 0.3807993 0.4585591 0.0275619 0.0151311
27 0.2404843 0.5752848 0.0275619 0.0151311
22 0.4509568 0.4585591 0.0275619 0.0151311
19 0.3106418 0.5169220 0.0275619 0.0151311
12 0.4509568 0.5169220 0.0275619 0.0151311
17 0.5912719 0.5169220 0.0275619 0.0151311
13 0.5211143 0.4001963 0.0275618 0.0151312
3 0.5912719 0.4001963 0.0275619 0.0151312
14 0.3106418 0.4001963 0.0275619 0.0151312
1 0.4509568 0.4001963 0.0275619 0.0151312
22 0.2404843 0.3418335 0.0275619 0.0151311
25 0.2404843 0.2834707 0.0275619 0.0151311
17 0.3106418 0.5752848 0.0275619 0.0151311
7 0.6614294 0.3418335 0.0275619 0.0151311
22 0.3807993 0.5752848 0.0275619 0.0151311
28 0.3106418 0.3418335 0.0275619 0.0151311
20 0.6614294 0.5752848 0.0275619 0.0151311
11 0.5912719 0.2834707 0.0275619 0.0151311
23 0.6614294 0.5169220 0.0275619 0.0151311
1 0.2404843 0.5169220 0.0275619 0.0151311
15 0.5211143 0.2834707 0.0275618 0.0151311
14 0.3807993 0.3418335 0.0275619 0.0151311
31 0.5211143 0.5169220 0.0275618 0.0151311
10 0.5912719 0.4585591 0.0275619 0.0151311
17 0.5211143 0.3418335 0.0275618 0.0151311
