14 0.0714802 0.7216869 0.0274886 0.0148461
11 0.3513646 0.5498965 0.0274886 0.0148461
32 0.2770203 0.5774678 0.5060409 0.4072068
3 0.0714802 0.6644234 0.0274886 0.0148461
33 0.4213357 0.7216869 0.0649732 0.0572635
1 0.4213357 0.7216869 0.0274887 0.0148461
14 0.3513646 0.6071600 0.0274886 0.0148461
1 0.2114224 0.4926331 0.0274886 0.0148461
21 0.1414513 0.6071600 0.0274886 0.0148461
19 0.3513646 0.6644234 0.0274886 0.0148461
15 0.4213357 0.5498965 0.0274887 0.0148461
14 0.4213357 0.6644234 0.0274887 0.0148461
18 0.0714802 0.5498965 0.0274886 0.0148461
16 0.2813935 0.5498965 0.0274887 0.0148461
18 0.4213357 0.6071600 0.0274887 0.0148461
1 0.2813935 0.4926331 0.0274887 0.0148461
1 0.1414513 0.4926331 0.0274886 0.0148461
11 0.2114224 0.5498965 0.0274886 0.0148461
22 0.4913068 0.4926331 0.0274887 0.0148461
14 0.4213357 0.4926331 0.0274887 0.0148461
23 0.2114224 0.4353696 0.0274886 0.0148461
22 0.0714802 0.6071600 0.0274886 0.0148461
24 0.4213357 0.4353696 0.0274887 0.0148461
6 0.4913068 0.4353696 0.0274887 0.0148461
7 0.3513646 0.7216869 0.0274886 0.0148461
5 0.0714802 0.4353696 0.0274886 0.0148461
9 0.2813935 0.6644234 0.0274887 0.0148461
20 0.4913068 0.7216869 0.0274887 0.0148461
18 0.0714802 0.4926331 0.0274886 0.0148461
9 0.3513646 0.4353696 0.0274886 0.0148461
13 0.3513646 0.4926331 0.0274886 0.0148461
5 0.4913068 0.6071600 0.0274887 0.0148461
21 0.1414513 0.7216869 0.0274886 0.0148461
9 0.2114224 0.6644234 0.0274886 0.0148461
18 0.1414513 0.5498965 0.0274886 0.0148461
12 0.1414513 0.6644234 0.0274886 0.0148461
9 0.2114224 0.7216869 0.0274886 0.0148461
10 0.2813935 0.7216869 0.0274887 0.0148461
27 0.4913068 0.6644234 0.0274887 0.0148461
7 0.2114224 0.6071600 0.0274886 0.0148461
22 0.2813935 0.4353696 0.0274887 0.0148461
2 0.2813935 0.6071600 0.0274887 0.0148461
13 0.4913068 0.5498965 0.0274887 0.0148461
2 0.1414513 0.4353696 0.0274886 0.0148461
