2 0.3337168 0.4268844 0.0263932 0.0148246
10 0.2665341 0.5984261 0.0263932 0.0148246
32 0.4638834 0.5115963 0.4858752 0.4066173
19 0.5352650 0.4268844 0.0263932 0.0148246
33 0.6696305 0.5984261 0.0623839 0.0571805
31 0.6696305 0.5984261 0.0263933 0.0148246
17 0.2665341 0.4840650 0.0263932 0.0148246
11 0.4008996 0.5412455 0.0263932 0.0148246
13 0.5352650 0.5412455 0.0263932 0.0148246
16 0.2665341 0.5412455 0.0263932 0.0148246
25 0.3337168 0.4840650 0.0263932 0.0148246
20 0.4008996 0.4268844 0.0263932 0.0148246
8 0.6696305 0.3697039 0.0263933 0.0148246
5 0.6024478 0.4840650 0.0263932 0.0148246
21 0.4680823 0.4268844 0.0263932 0.0148246
14 0.3337168 0.6556066 0.0263932 0.0148246
24 0.6024478 0.3697039 0.0263932 0.0148246
14 0.6696305 0.6556066 0.0263933 0.0148246
6 0.3337168 0.5984261 0.0263932 0.0148246
4 0.6696305 0.4268844 0.0263933 0.0148246
15 0.4008996 0.6556066 0.0263932 0.0148246
30 0.6024478 0.6556066 0.0263932 0.0148246
18 0.2665341 0.3697039 0.0263932 0.0148246
29 0.3337168 0.5412455 0.0263932 0.0148246
26 0.4680823 0.3697039 0.0263932 0.0148246
30 0.4008996 0.4840650 0.0263932 0.0148246
27 0.4680823 0.4840650 0.0263932 0.0148246
8 0.4680823 0.5984261 0.0263932 0.0148246
25 0.6024478 0.4268844 0.0263932 0.0148246
26 0.5352650 0.6556066 0.0263932 0.0148246
4 0.6696305 0.5412455 0.0263933 0.0148246
27 0.2665341 0.6556066 0.0263932 0.0148246
13 0.3337168 0.3697039 0.0263932 0.0148246
27 0.4680823 0.6556066 0.0263932 0.0148246
13 0.6024478 0.5984261 0.0263932 0.0148246
26 0.5352650 0.5984261 0.0263932 0.0148246
1 0.2665341 0.4268844 0.0263932 0.0148246
20 0.5352650 0.4840650 0.0263932 0.0148246
16 0.5352650 0.3697039 0.0263932 0.0148246
10 0.4008996 0.3697039 0.0263932 0.0148246
7 0.4008996 0.5984261 0.0263932 0.0148246
11 0.6024478 0.5412455 0.0263932 0.0148246
28 0.6696305 0.4840650 0.0263933 0.0148246
24 0.4680823 0.5412455 0.0263932 0.0148246
