10 0.3495723 0.6929662 0.0281416 0.0163066
19 0.3495723 0.7511263 0.0281416 0.0152195
32 0.4934784 0.5989314 0.5180617 0.4174490
33 0.2779391 0.6924226 0.0665166 0.0587037
23 0.2779391 0.6929662 0.0281416 0.0163066
7 0.5644720 0.6929662 0.0281416 0.0163066
8 0.6361053 0.5755585 0.0281417 0.0163066
15 0.5644720 0.5163112 0.0281416 0.0152195
17 0.7077384 0.7511263 0.0281416 0.0152195
26 0.4928388 0.7511263 0.0281416 0.0152195
9 0.4928388 0.4581510 0.0281416 0.0163066
23 0.5644720 0.7511263 0.0281416 0.0152195
17 0.3495723 0.6342624 0.0281416 0.0163066
9 0.4928388 0.5755585 0.0281416 0.0163066
16 0.7077384 0.5755585 0.0281416 0.0163066
2 0.5644720 0.4581510 0.0281416 0.0163066
16 0.2779391 0.6342624 0.0281416 0.0163066
7 0.2779391 0.7511263 0.0281416 0.0152195
2 0.4928388 0.5163112 0.0281416 0.0152195
9 0.2779391 0.4581510 0.0281416 0.0163066
14 0.3495723 0.5755585 0.0281416 0.0163066
17 0.2779391 0.5755585 0.0281416 0.0163066
24 0.4212056 0.6929662 0.0281416 0.0163066
5 0.7077384 0.6929662 0.0281416 0.0163066
10 0.6361053 0.7511263 0.0281417 0.0152195
18 0.7077384 0.6342624 0.0281416 0.0163066
18 0.4212056 0.4581510 0.0281416 0.0163066
27 0.5644720 0.5755585 0.0281416 0.0163066
22 0.3495723 0.5163112 0.0281416 0.0152195
15 0.6361053 0.4581510 0.0281417 0.0163066
2 0.6361053 0.6929662 0.0281417 0.0163066
24 0.4212056 0.7511263 0.0281416 0.0152195
1 0.4928388 0.6342624 0.0281416 0.0163066
16 0.4212056 0.6342624 0.0281416 0.0163066
9 0.4928388 0.6929662 0.0281416 0.0163066
31 0.7077384 0.4581510 0.0281416 0.0163066
17 0.3495723 0.4581510 0.0281416 0.0163066
20 0.6361053 0.5163112 0.0281417 0.0152195
14 0.4212056 0.5755585 0.0281416 0.0163066
15 0.6361053 0.6342624 0.0281417 0.0163066
15 0.7077384 0.5163112 0.0281416 0.0152195
19 0.4212056 0.5163112 0.0281416 0.0152195
18 0.5644720 0.6342624 0.0281416 0.0163066
14 0.2779391 0.5163112 0.0281416 0.0152195
