27 0.0846177 0.4120430 0.0264467 0.0151127
20 0.4885309 0.5286271 0.0264467 0.0151128
32 0.2823669 0.4401095 0.4868596 0.4145213
27 0.2192554 0.4120430 0.0264467 0.0151127
33 0.2192554 0.5286271 0.0625104 0.0582920
24 0.2192554 0.5286271 0.0264467 0.0151128
27 0.1519366 0.4120430 0.0264467 0.0151127
29 0.3538932 0.5286271 0.0264467 0.0151128
4 0.2865743 0.4703350 0.0264467 0.0151128
7 0.0846177 0.4703350 0.0264467 0.0151128
26 0.4212120 0.2954588 0.0264467 0.0151127
23 0.4212120 0.5869191 0.0264467 0.0151127
24 0.4212120 0.4120430 0.0264467 0.0151127
5 0.1519366 0.3537509 0.0264467 0.0151127
31 0.1519366 0.5869191 0.0264467 0.0151127
13 0.0846177 0.5869191 0.0264467 0.0151127
31 0.1519366 0.5286271 0.0264467 0.0151128
2 0.3538932 0.3537509 0.0264467 0.0151127
7 0.2865743 0.5869191 0.0264467 0.0151127
15 0.2865743 0.5286271 0.0264467 0.0151128
2 0.1519366 0.2954588 0.0264467 0.0151127
2 0.4885309 0.4120430 0.0264467 0.0151127
2 0.4885309 0.2954588 0.0264467 0.0151127
16 0.4212120 0.5286271 0.0264467 0.0151128
6 0.4885309 0.5869191 0.0264467 0.0151127
4 0.1519366 0.4703350 0.0264467 0.0151128
30 0.3538932 0.4120430 0.0264467 0.0151127
23 0.2192554 0.4703350 0.0264467 0.0151128
30 0.3538932 0.2954588 0.0264467 0.0151127
7 0.2865743 0.4120430 0.0264467 0.0151127
25 0.0846177 0.3537509 0.0264467 0.0151127
4 0.4212120 0.3537509 0.0264467 0.0151127
14 0.2865743 0.3537509 0.0264467 0.0151127
1 0.2865743 0.2954588 0.0264467 0.0151127
18 0.2192554 0.3537509 0.0264467 0.0151127
5 0.4212120 0.4703350 0.0264467 0.0151128
4 0.4885309 0.3537509 0.0264467 0.0151127
14 0.2192554 0.2954588 0.0264467 0.0151127
13 0.0846177 0.5286271 0.0264467 0.0151128
5 0.0846177 0.2954588 0.0264467 0.0151127
25 0.2192554 0.5869191 0.0264467 0.0151127
16 0.4885309 0.4703350 0.0264467 0.0151128
2 0.3538932 0.5869191 0.0264467 0.0151127
14 0.3538932 0.4703350 0.0264467 0.0151128
