6 0.5167783 0.4221614 0.0286545 0.0164134
21 0.2979619 0.3630734 0.0286545 0.0164134
32 0.4444907 0.3865992 0.5275036 0.4201817
22 0.5167783 0.2448973 0.0286545 0.0164133
33 0.2979619 0.4216143 0.0677288 0.0590881
11 0.2979619 0.4221614 0.0286545 0.0164134
13 0.5897170 0.4221614 0.0286545 0.0164134
1 0.6626558 0.5397904 0.0286545 0.0153191
25 0.2979619 0.3034382 0.0286545 0.0153191
13 0.5897170 0.5397904 0.0286545 0.0153191
12 0.3709007 0.4221614 0.0286546 0.0164134
8 0.2250231 0.4812495 0.0286545 0.0164133
4 0.4438395 0.4221614 0.0286546 0.0164134
17 0.5167783 0.4812495 0.0286545 0.0164133
2 0.3709007 0.2448973 0.0286546 0.0164133
6 0.6626558 0.4221614 0.0286545 0.0164134
21 0.5167783 0.3034382 0.0286545 0.0153191
9 0.5897170 0.3034382 0.0286545 0.0153191
2 0.6626558 0.4812495 0.0286545 0.0164133
3 0.2979619 0.2448973 0.0286545 0.0164133
29 0.2250231 0.2448973 0.0286545 0.0164133
31 0.6626558 0.3630734 0.0286545 0.0164134
16 0.5897170 0.3630734 0.0286545 0.0164134
22 0.5167783 0.3630734 0.0286545 0.0164134
4 0.4438395 0.5397904 0.0286546 0.0153191
1 0.4438395 0.3630734 0.0286546 0.0164134
22 0.5897170 0.4812495 0.0286545 0.0164133
13 0.2979619 0.4812495 0.0286545 0.0164133
30 0.3709007 0.3630734 0.0286546 0.0164134
3 0.2979619 0.5397904 0.0286545 0.0153191
31 0.3709007 0.4812495 0.0286546 0.0164133
12 0.3709007 0.5397904 0.0286546 0.0153191
13 0.2250231 0.4221614 0.0286545 0.0164134
13 0.5897170 0.2448973 0.0286545 0.0164133
18 0.4438395 0.2448973 0.0286546 0.0164133
31 0.5167783 0.5397904 0.0286545 0.0153191
6 0.6626558 0.3034382 0.0286545 0.0153191
6 0.2250231 0.3034382 0.0286545 0.0153191
31 0.4438395 0.4812495 0.0286546 0.0164133
17 0.4438395 0.3034382 0.0286546 0.0153191
25 0.2250231 0.5397904 0.0286545 0.0153191
5 0.6626558 0.2448973 0.0286545 0.0164133
20 0.2250231 0.3630734 0.0286545 0.0164134
20 0.3709007 0.3034382 0.0286546 0.0153191
