3 0.7206848 0.5147279 0.0261320 0.0162728
22 0.5211319 0.7030278 0.0261319 0.0162729
32 0.6500098 0.5449489 0.4810652 0.4463404
33 0.7872026 0.4519613 0.0617664 0.0627666
23 0.7872026 0.4519613 0.0261320 0.0162728
31 0.8537202 0.4519613 0.0261320 0.0162728
15 0.5876495 0.4519613 0.0261319 0.0162728
20 0.6541672 0.4519613 0.0261320 0.0162728
25 0.6541672 0.5774946 0.0261320 0.0162729
16 0.7206848 0.5774946 0.0261320 0.0162729
22 0.5876495 0.3891947 0.0261319 0.0162728
17 0.5876495 0.6402612 0.0261319 0.0162728
21 0.7872026 0.7030278 0.0261320 0.0162729
8 0.8537202 0.3891947 0.0261320 0.0162728
21 0.7206848 0.4519613 0.0261320 0.0162728
29 0.5211319 0.3891947 0.0261319 0.0162728
16 0.6541672 0.6402612 0.0261320 0.0162728
27 0.8537202 0.7030278 0.0261320 0.0162729
2 0.8537202 0.5774946 0.0261320 0.0162729
5 0.6541672 0.3891947 0.0261320 0.0162728
12 0.7206848 0.6402612 0.0261320 0.0162728
5 0.5211319 0.6402612 0.0261319 0.0162728
30 0.5211319 0.4519613 0.0261319 0.0162728
6 0.5876495 0.7030278 0.0261319 0.0162729
2 0.5876495 0.5774946 0.0261319 0.0162729
6 0.7872026 0.5774946 0.0261320 0.0162729
13 0.4546142 0.4519613 0.0261320 0.0162728
18 0.4546142 0.6402612 0.0261320 0.0162728
11 0.4546142 0.5774946 0.0261320 0.0162729
18 0.7206848 0.3891947 0.0261320 0.0162728
24 0.8537202 0.6402612 0.0261320 0.0162728
11 0.7872026 0.6402612 0.0261320 0.0162728
14 0.7872026 0.5147279 0.0261320 0.0162728
13 0.4546142 0.5147279 0.0261320 0.0162728
8 0.6541672 0.7030278 0.0261320 0.0162729
26 0.5211319 0.5774946 0.0261319 0.0162729
31 0.4546142 0.7030278 0.0261320 0.0162729
6 0.8537202 0.5147279 0.0261320 0.0162728
20 0.6541672 0.5147279 0.0261320 0.0162728
8 0.7872026 0.3891947 0.0261320 0.0162728
16 0.5211319 0.5147279 0.0261319 0.0162728
7 0.5876495 0.5147279 0.0261319 0.0162728
1 0.4546142 0.3891947 0.0261320 0.0162728
22 0.7206848 0.7030278 0.0261320 0.0162729
