28 0.2692912 0.4720970 0.0261603 0.0155775
24 0.2692912 0.4120123 0.0261603 0.0155775
32 0.3983089 0.5010266 0.4815870 0.4272687
33 0.2027013 0.4120123 0.0618334 0.0600847
30 0.2027013 0.4120123 0.0261603 0.0155775
25 0.2027013 0.6523509 0.0261603 0.0155775
12 0.3358810 0.3519276 0.0261603 0.0155775
30 0.5356503 0.4720970 0.0261603 0.0155775
15 0.4024707 0.5321816 0.0261603 0.0155775
28 0.6022401 0.4120123 0.0261603 0.0155775
2 0.5356503 0.6523509 0.0261603 0.0155775
15 0.5356503 0.4120123 0.0261603 0.0155775
19 0.4024707 0.3519276 0.0261603 0.0155775
10 0.2027013 0.3519276 0.0261603 0.0155775
11 0.2027013 0.5922663 0.0261603 0.0155775
20 0.2692912 0.5922663 0.0261603 0.0155775
16 0.3358810 0.5321816 0.0261603 0.0155775
20 0.4690606 0.4720970 0.0261603 0.0155775
17 0.2692912 0.5321816 0.0261603 0.0155775
1 0.6022401 0.6523509 0.0261603 0.0155775
27 0.2027013 0.4720970 0.0261603 0.0155775
24 0.3358810 0.4120123 0.0261603 0.0155775
14 0.3358810 0.4720970 0.0261603 0.0155775
28 0.5356503 0.3519276 0.0261603 0.0155775
26 0.4024707 0.6523509 0.0261603 0.0155775
12 0.4690606 0.5922663 0.0261603 0.0155775
5 0.5356503 0.5922663 0.0261603 0.0155775
4 0.4690606 0.4120123 0.0261603 0.0155775
11 0.2692912 0.3519276 0.0261603 0.0155775
10 0.4024707 0.5922663 0.0261603 0.0155775
5 0.3358810 0.6523509 0.0261603 0.0155775
16 0.3358810 0.5922663 0.0261603 0.0155775
10 0.4690606 0.5321816 0.0261603 0.0155775
9 0.5356503 0.5321816 0.0261603 0.0155775
19 0.2692912 0.6523509 0.0261603 0.0155775
1 0.4690606 0.3519276 0.0261603 0.0155775
15 0.4024707 0.4720970 0.0261603 0.0155775
24 0.2027013 0.5321816 0.0261603 0.0155775
7 0.6022401 0.3519276 0.0261603 0.0155775
23 0.6022401 0.4720970 0.0261603 0.0155775
14 0.6022401 0.5321816 0.0261603 0.0155775
6 0.4024707 0.4120123 0.0261603 0.0155775
17 0.6022401 0.5922663 0.0261603 0.0155775
7 0.4690606 0.6523509 0.0261603 0.0155775
