15 0.5417715 0.5692436 0.0269761 0.0168303
28 0.6104379 0.4480655 0.0269761 0.0168303
32 0.5423846 0.4721889 0.4966051 0.4308552
33 0.3357723 0.3263264 0.0637617 0.0605890
25 0.3357723 0.3268874 0.0269761 0.0168303
22 0.5417715 0.5086545 0.0269761 0.0168302
8 0.6791043 0.3268874 0.0269761 0.0168303
31 0.4044387 0.5692436 0.0269761 0.0168303
8 0.4731051 0.5086545 0.0269761 0.0168302
21 0.6791043 0.3869155 0.0269761 0.0157083
24 0.6104379 0.3268874 0.0269761 0.0168303
28 0.3357723 0.5692436 0.0269761 0.0168303
28 0.5417715 0.3268874 0.0269761 0.0168303
2 0.7477707 0.3268874 0.0269761 0.0168303
31 0.4731051 0.3869155 0.0269761 0.0157083
19 0.5417715 0.6292715 0.0269761 0.0157083
12 0.7477707 0.5692436 0.0269761 0.0168303
20 0.4044387 0.6292715 0.0269761 0.0157083
30 0.4044387 0.3268874 0.0269761 0.0168303
29 0.4044387 0.4480655 0.0269761 0.0168303
23 0.3357723 0.5086545 0.0269761 0.0168302
8 0.3357723 0.3869155 0.0269761 0.0157083
16 0.4044387 0.3869155 0.0269761 0.0157083
27 0.4731051 0.6292715 0.0269761 0.0157083
18 0.5417715 0.3869155 0.0269761 0.0157083
30 0.4731051 0.5692436 0.0269761 0.0168303
4 0.6791043 0.5086545 0.0269761 0.0168302
16 0.7477707 0.3869155 0.0269761 0.0157083
1 0.6791043 0.6292715 0.0269761 0.0157083
1 0.5417715 0.4480655 0.0269761 0.0168303
4 0.6104379 0.3869155 0.0269761 0.0157083
3 0.6791043 0.4480655 0.0269761 0.0168303
8 0.4044387 0.5086545 0.0269761 0.0168302
5 0.6104379 0.5692436 0.0269761 0.0168303
19 0.4731051 0.3268874 0.0269761 0.0168303
8 0.7477707 0.6292715 0.0269761 0.0157083
16 0.7477707 0.4480655 0.0269761 0.0168303
12 0.4731051 0.4480655 0.0269761 0.0168303
16 0.3357723 0.6292715 0.0269761 0.0157083
30 0.7477707 0.5086545 0.0269761 0.0168302
27 0.6104379 0.5086545 0.0269761 0.0168302
27 0.6791043 0.5692436 0.0269761 0.0168303
4 0.6104379 0.6292715 0.0269761 0.0157083
14 0.3357723 0.4480655 0.0269761 0.0168303
