26 0.2198591 0.3229187 0.0272199 0.0172222
4 0.2198591 0.3849187 0.0272199 0.0172223
32 0.4283389 0.3476039 0.5010940 0.4408892
9 0.3584333 0.3849187 0.0272199 0.0172223
33 0.4277203 0.4463447 0.0643380 0.0620001
16 0.4277203 0.4469188 0.0272199 0.0172223
23 0.5662945 0.1989186 0.0272199 0.0172223
29 0.4277203 0.3849187 0.0272199 0.0172223
23 0.4277203 0.2603446 0.0272199 0.0160741
3 0.6355816 0.2603446 0.0272199 0.0160741
4 0.6355816 0.3229187 0.0272199 0.0172222
21 0.2198591 0.5083447 0.0272199 0.0160741
15 0.6355816 0.1989186 0.0272199 0.0172223
1 0.2891462 0.3849187 0.0272199 0.0172223
10 0.4970074 0.1989186 0.0272199 0.0172223
4 0.2198591 0.4469188 0.0272199 0.0172223
20 0.5662945 0.3229187 0.0272199 0.0172222
1 0.4970074 0.5083447 0.0272199 0.0160741
31 0.5662945 0.3849187 0.0272199 0.0172223
31 0.4970074 0.3849187 0.0272199 0.0172223
22 0.4277203 0.3229187 0.0272199 0.0172222
24 0.6355816 0.5083447 0.0272199 0.0160741
3 0.3584333 0.5083447 0.0272199 0.0160741
19 0.4970074 0.3229187 0.0272199 0.0172222
7 0.2198591 0.1989186 0.0272199 0.0172223
24 0.3584333 0.2603446 0.0272199 0.0160741
16 0.5662945 0.4469188 0.0272199 0.0172223
2 0.2198591 0.2603446 0.0272199 0.0160741
25 0.3584333 0.4469188 0.0272199 0.0172223
7 0.4277203 0.5083447 0.0272199 0.0160741
22 0.5662945 0.5083447 0.0272199 0.0160741
5 0.4277203 0.1989186 0.0272199 0.0172223
29 0.4970074 0.2603446 0.0272199 0.0160741
16 0.3584333 0.3229187 0.0272199 0.0172222
20 0.2891462 0.3229187 0.0272199 0.0172222
20 0.6355816 0.3849187 0.0272199 0.0172223
16 0.4970074 0.4469188 0.0272199 0.0172223
20 0.2891462 0.5083447 0.0272199 0.0160741
14 0.2891462 0.4469188 0.0272199 0.0172223
8 0.6355816 0.4469188 0.0272199 0.0172223
20 0.2891462 0.2603446 0.0272199 0.0160741
13 0.3584333 0.1989186 0.0272199 0.0172223
9 0.5662945 0.2603446 0.0272199 0.0160741
15 0.2891462 0.1989186 0.0272199 0.0172223
