20 0.5623859 0.6529446 0.0279964 0.0154940
4 0.6336496 0.4736560 0.0279964 0.0154941
32 0.4866682 0.5621936 0.5153891 0.4249803
26 0.4198586 0.4138932 0.0279964 0.0154941
33 0.2773312 0.5931817 0.0661734 0.0597628
21 0.2773312 0.5931817 0.0279964 0.0154940
13 0.4911222 0.7127075 0.0279964 0.0154941
31 0.7049132 0.7127075 0.0279964 0.0154941
23 0.4198586 0.7127075 0.0279964 0.0154941
26 0.4198586 0.5334189 0.0279964 0.0154940
31 0.3485949 0.4138932 0.0279964 0.0154941
20 0.3485949 0.4736560 0.0279964 0.0154941
5 0.5623859 0.4736560 0.0279964 0.0154941
30 0.6336496 0.6529446 0.0279964 0.0154940
5 0.6336496 0.4138932 0.0279964 0.0154941
31 0.2773312 0.6529446 0.0279964 0.0154940
17 0.4911222 0.6529446 0.0279964 0.0154940
2 0.3485949 0.5931817 0.0279964 0.0154940
23 0.7049132 0.4736560 0.0279964 0.0154941
16 0.4911222 0.5334189 0.0279964 0.0154940
29 0.3485949 0.7127075 0.0279964 0.0154941
13 0.7049132 0.6529446 0.0279964 0.0154940
26 0.2773312 0.7127075 0.0279964 0.0154941
18 0.4198586 0.4736560 0.0279964 0.0154941
13 0.2773312 0.4736560 0.0279964 0.0154941
17 0.2773312 0.4138932 0.0279964 0.0154941
2 0.4911222 0.5931817 0.0279964 0.0154940
7 0.5623859 0.5334189 0.0279964 0.0154940
13 0.7049132 0.5931817 0.0279964 0.0154940
14 0.5623859 0.7127075 0.0279964 0.0154941
23 0.5623859 0.5931817 0.0279964 0.0154940
28 0.7049132 0.4138932 0.0279964 0.0154941
14 0.4198586 0.5931817 0.0279964 0.0154940
6 0.3485949 0.5334189 0.0279964 0.0154940
26 0.4911222 0.4138932 0.0279964 0.0154941
3 0.4198586 0.6529446 0.0279964 0.0154940
27 0.5623859 0.4138932 0.0279964 0.0154941
23 0.2773312 0.5334189 0.0279964 0.0154940
18 0.6336496 0.7127075 0.0279964 0.0154941
25 0.3485949 0.6529446 0.0279964 0.0154940
24 0.4911222 0.4736560 0.0279964 0.0154941
24 0.6336496 0.5334189 0.0279964 0.0154940
25 0.6336496 0.5931817 0.0279964 0.0154940
6 0.7049132 0.5334189 0.0279964 0.0154940
