8 0.4499947 0.6031831 0.0273188 0.0150618
11 0.1023011 0.3708013 0.0273188 0.0150618
32 0.3065711 0.4568686 0.5029139 0.4131233
20 0.3109172 0.3127058 0.0273188 0.0150618
33 0.2413785 0.4869922 0.0645716 0.0580954
22 0.2413785 0.4869922 0.0273188 0.0150618
26 0.5195333 0.4288967 0.0273188 0.0150618
8 0.2413785 0.6031831 0.0273188 0.0150618
16 0.4499947 0.4869922 0.0273188 0.0150618
21 0.4499947 0.5450877 0.0273188 0.0150618
3 0.1718398 0.3708013 0.0273188 0.0150618
10 0.4499947 0.3127058 0.0273188 0.0150618
11 0.3804559 0.5450877 0.0273188 0.0150618
28 0.1023011 0.4288967 0.0273188 0.0150618
2 0.1023011 0.3127058 0.0273188 0.0150618
15 0.3804559 0.3127058 0.0273188 0.0150618
6 0.2413785 0.3127058 0.0273188 0.0150618
8 0.4499947 0.4288967 0.0273188 0.0150618
16 0.1718398 0.4869922 0.0273188 0.0150618
26 0.5195333 0.6031831 0.0273188 0.0150618
20 0.2413785 0.5450877 0.0273188 0.0150618
20 0.5195333 0.3708013 0.0273188 0.0150618
30 0.1718398 0.4288967 0.0273188 0.0150618
26 0.1718398 0.5450877 0.0273188 0.0150618
18 0.1718398 0.6031831 0.0273188 0.0150618
29 0.1718398 0.3127058 0.0273188 0.0150618
10 0.3109172 0.6031831 0.0273188 0.0150618
30 0.3804559 0.4869922 0.0273188 0.0150618
11 0.4499947 0.3708013 0.0273188 0.0150618
15 0.3804559 0.6031831 0.0273188 0.0150618
25 0.3109172 0.5450877 0.0273188 0.0150618
9 0.2413785 0.3708013 0.0273188 0.0150618
20 0.3109172 0.4869922 0.0273188 0.0150618
31 0.2413785 0.4288967 0.0273188 0.0150618
26 0.1023011 0.4869922 0.0273188 0.0150618
4 0.3804559 0.3708013 0.0273188 0.0150618
25 0.5195333 0.5450877 0.0273188 0.0150618
15 0.3804559 0.4288967 0.0273188 0.0150618
6 0.5195333 0.3127058 0.0273188 0.0150618
12 0.1023011 0.5450877 0.0273188 0.0150618
1 0.3109172 0.3708013 0.0273188 0.0150618
14 0.3109172 0.4288967 0.0273188 0.0150618
21 0.5195333 0.4869922 0.0273188 0.0150618
22 0.1023011 0.6031831 0.0273188 0.0150618
