10 0.5690851 0.4838704 0.0281886 0.0158935
28 0.4973322 0.7290839 0.0281887 0.0158935
32 0.6363535 0.5746902 0.5189276 0.4359351
33 0.6408380 0.4838703 0.0666277 0.0613034
29 0.6408380 0.4838704 0.0281887 0.0158935
23 0.8560969 0.6064771 0.0281886 0.0158934
21 0.4255792 0.6677805 0.0281887 0.0158935
14 0.8560969 0.4225670 0.0281886 0.0158935
17 0.4255792 0.4838704 0.0281887 0.0158935
21 0.7125910 0.4838704 0.0281886 0.0158935
8 0.7843439 0.5451737 0.0281886 0.0158934
30 0.5690851 0.4225670 0.0281886 0.0158935
5 0.7843439 0.6677805 0.0281886 0.0158935
16 0.7125910 0.7290839 0.0281886 0.0158935
27 0.7125910 0.5451737 0.0281886 0.0158934
22 0.8560969 0.7290839 0.0281886 0.0158935
20 0.8560969 0.6677805 0.0281886 0.0158935
29 0.5690851 0.6064771 0.0281886 0.0158934
24 0.4973322 0.6064771 0.0281887 0.0158934
19 0.8560969 0.4838704 0.0281886 0.0158935
14 0.5690851 0.5451737 0.0281886 0.0158934
8 0.4255792 0.4225670 0.0281887 0.0158935
20 0.4973322 0.4838704 0.0281887 0.0158935
28 0.4973322 0.4225670 0.0281887 0.0158935
25 0.4255792 0.6064771 0.0281887 0.0158934
10 0.6408380 0.4225670 0.0281887 0.0158935
28 0.6408380 0.5451737 0.0281887 0.0158934
27 0.4255792 0.7290839 0.0281887 0.0158935
19 0.5690851 0.7290839 0.0281886 0.0158935
5 0.7843439 0.7290839 0.0281886 0.0158935
23 0.8560969 0.5451737 0.0281886 0.0158934
4 0.6408380 0.6064771 0.0281887 0.0158934
23 0.6408380 0.6677805 0.0281887 0.0158935
24 0.7125910 0.4225670 0.0281886 0.0158935
17 0.7125910 0.6677805 0.0281886 0.0158935
28 0.7125910 0.6064771 0.0281886 0.0158934
21 0.5690851 0.6677805 0.0281886 0.0158935
4 0.4973322 0.5451737 0.0281887 0.0158934
22 0.7843439 0.4838704 0.0281886 0.0158935
10 0.4973322 0.6677805 0.0281887 0.0158935
5 0.7843439 0.4225670 0.0281886 0.0158935
1 0.4255792 0.5451737 0.0281887 0.0158934
8 0.7843439 0.6064771 0.0281886 0.0158934
3 0.6408380 0.7290839 0.0281887 0.0158935
