4 0.5504195 0.4495540 0.0267509 0.0162960
12 0.8227918 0.5752659 0.0267509 0.0162960
32 0.6142567 0.6055299 0.4924588 0.4469755
33 0.7546988 0.6381219 0.0632293 0.0628559
16 0.7546988 0.6381219 0.0267509 0.0162960
8 0.4823264 0.6381219 0.0267509 0.0162960
1 0.7546988 0.5752659 0.0267509 0.0162960
15 0.4823264 0.4495540 0.0267509 0.0162960
13 0.6866057 0.5124100 0.0267508 0.0162960
18 0.6185126 0.6381219 0.0267508 0.0162960
5 0.5504195 0.7638338 0.0267509 0.0162960
17 0.4142334 0.6381219 0.0267509 0.0162960
2 0.4142334 0.7638338 0.0267509 0.0162960
9 0.7546988 0.7009778 0.0267509 0.0162960
21 0.4142334 0.5752659 0.0267509 0.0162960
5 0.8227918 0.7009778 0.0267509 0.0162960
21 0.7546988 0.5124100 0.0267509 0.0162960
11 0.8227918 0.4495540 0.0267509 0.0162960
2 0.4142334 0.7009778 0.0267509 0.0162960
17 0.6185126 0.7009778 0.0267508 0.0162960
31 0.6866057 0.7009778 0.0267508 0.0162960
16 0.6866057 0.5752659 0.0267508 0.0162960
3 0.5504195 0.5124100 0.0267509 0.0162960
30 0.4823264 0.7638338 0.0267509 0.0162960
15 0.4823264 0.5124100 0.0267509 0.0162960
21 0.5504195 0.7009778 0.0267509 0.0162960
25 0.8227918 0.7638338 0.0267509 0.0162960
12 0.8227918 0.5124100 0.0267509 0.0162960
19 0.4823264 0.5752659 0.0267509 0.0162960
25 0.4142334 0.5124100 0.0267509 0.0162960
22 0.6185126 0.4495540 0.0267508 0.0162960
6 0.4823264 0.7009778 0.0267509 0.0162960
29 0.4142334 0.4495540 0.0267509 0.0162960
4 0.8227918 0.6381219 0.0267509 0.0162960
16 0.6185126 0.5752659 0.0267508 0.0162960
12 0.7546988 0.7638338 0.0267509 0.0162960
25 0.5504195 0.6381219 0.0267509 0.0162960
5 0.6185126 0.7638338 0.0267508 0.0162960
17 0.6866057 0.4495540 0.0267508 0.0162960
21 0.6866057 0.7638338 0.0267508 0.0162960
12 0.6866057 0.6381219 0.0267508 0.0162960
18 0.6185126 0.5124100 0.0267508 0.0162960
13 0.7546988 0.4495540 0.0267509 0.0162960
9 0.5504195 0.5752659 0.0267509 0.0162960
