4 0.1737794 0.5671715 0.0274981 0.0160605
3 0.4537597 0.6910667 0.0274981 0.0160605
32 0.3093949 0.5969982 0.5062143 0.4405161
33 0.1037844 0.5052240 0.0649954 0.0619476
11 0.1037844 0.5052240 0.0274981 0.0160605
14 0.1737794 0.6910667 0.0274981 0.0160605
14 0.4537597 0.7530143 0.0274981 0.0160605
17 0.4537597 0.5052240 0.0274981 0.0160605
31 0.1037844 0.4432764 0.0274981 0.0160605
13 0.3137696 0.4432764 0.0274981 0.0160605
31 0.3137696 0.5671715 0.0274981 0.0160605
17 0.5237547 0.6910667 0.0274981 0.0160605
28 0.3137696 0.6910667 0.0274981 0.0160605
7 0.3137696 0.7530143 0.0274981 0.0160605
14 0.1737794 0.7530143 0.0274981 0.0160605
2 0.4537597 0.5671715 0.0274981 0.0160605
4 0.1737794 0.6291191 0.0274981 0.0160605
29 0.5237547 0.7530143 0.0274981 0.0160605
27 0.3837646 0.6291191 0.0274981 0.0160605
15 0.3137696 0.6291191 0.0274981 0.0160605
3 0.3137696 0.5052240 0.0274981 0.0160605
1 0.1037844 0.6291191 0.0274981 0.0160605
25 0.5237547 0.5052240 0.0274981 0.0160605
23 0.3837646 0.5671715 0.0274981 0.0160605
25 0.2437745 0.4432764 0.0274981 0.0160605
16 0.3837646 0.6910667 0.0274981 0.0160605
24 0.1037844 0.5671715 0.0274981 0.0160605
4 0.2437745 0.6910667 0.0274981 0.0160605
28 0.3837646 0.7530143 0.0274981 0.0160605
5 0.1737794 0.5052240 0.0274981 0.0160605
13 0.2437745 0.5671715 0.0274981 0.0160605
7 0.1737794 0.4432764 0.0274981 0.0160605
31 0.2437745 0.6291191 0.0274981 0.0160605
17 0.3837646 0.4432764 0.0274981 0.0160605
7 0.1037844 0.7530143 0.0274981 0.0160605
19 0.2437745 0.5052240 0.0274981 0.0160605
3 0.2437745 0.7530143 0.0274981 0.0160605
24 0.5237547 0.4432764 0.0274981 0.0160605
15 0.5237547 0.6291191 0.0274981 0.0160605
16 0.3837646 0.5052240 0.0274981 0.0160605
26 0.4537597 0.6291191 0.0274981 0.0160605
18 0.5237547 0.5671715 0.0274981 0.0160605
16 0.4537597 0.4432764 0.0274981 0.0160605
5 0.1037844 0.6910667 0.0274981 0.0160605
