1 0.6651717 0.4796062 0.0277362 0.0148220
2 0.5945704 0.3652656 0.0277362 0.0148219
32 0.5901578 0.3356217 0.5105981 0.4065445
33 0.7357729 0.4224359 0.0655582 0.0571703
15 0.7357729 0.4224359 0.0277362 0.0148219
11 0.5945704 0.4796062 0.0277362 0.0148220
28 0.5239691 0.3080953 0.0277362 0.0148220
27 0.5945704 0.2509249 0.0277362 0.0148219
20 0.5945704 0.3080953 0.0277362 0.0148220
22 0.7357729 0.3652656 0.0277362 0.0148219
6 0.5239691 0.4796062 0.0277362 0.0148220
26 0.5239691 0.3652656 0.0277362 0.0148219
27 0.4533679 0.4224359 0.0277362 0.0148219
10 0.7357729 0.3080953 0.0277362 0.0148220
6 0.5239691 0.1937546 0.0277362 0.0148219
29 0.6651717 0.3080953 0.0277362 0.0148220
26 0.4533679 0.2509249 0.0277362 0.0148219
5 0.8063741 0.2509249 0.0277362 0.0148219
10 0.6651717 0.4224359 0.0277362 0.0148219
28 0.7357729 0.1937546 0.0277362 0.0148219
22 0.4533679 0.4796062 0.0277362 0.0148220
26 0.5239691 0.4224359 0.0277362 0.0148219
5 0.6651717 0.3652656 0.0277362 0.0148219
14 0.4533679 0.3080953 0.0277362 0.0148220
30 0.8063741 0.3652656 0.0277362 0.0148219
24 0.3827667 0.1937546 0.0277362 0.0148219
17 0.8063741 0.1937546 0.0277362 0.0148219
30 0.6651717 0.2509249 0.0277362 0.0148219
2 0.3827667 0.4796062 0.0277362 0.0148220
29 0.7357729 0.2509249 0.0277362 0.0148219
20 0.6651717 0.1937546 0.0277362 0.0148219
3 0.5945704 0.1937546 0.0277362 0.0148219
20 0.5945704 0.4224359 0.0277362 0.0148219
17 0.4533679 0.1937546 0.0277362 0.0148219
3 0.3827667 0.4224359 0.0277362 0.0148219
12 0.3827667 0.3080953 0.0277362 0.0148220
27 0.8063741 0.4796062 0.0277362 0.0148220
6 0.7357729 0.4796062 0.0277362 0.0148220
19 0.3827667 0.3652656 0.0277362 0.0148219
13 0.8063741 0.3080953 0.0277362 0.0148220
12 0.4533679 0.3652656 0.0277362 0.0148219
5 0.3827667 0.2509249 0.0277362 0.0148219
21 0.8063741 0.4224359 0.0277362 0.0148219
30 0.5239691 0.2509249 0.0277362 0.0148219
