7 0.4124167 0.5237391 0.0282146 0.0152028
18 0.1969598 0.4650997 0.0282146 0.0152028
32 0.3361090 0.3760546 0.5194049 0.4169917
33 0.1969598 0.3478207 0.0666890 0.0586394
14 0.1969598 0.3478207 0.0282146 0.0152028
13 0.1969598 0.2891812 0.0282146 0.0152028
26 0.5560546 0.4064602 0.0282146 0.0152028
7 0.1969598 0.5237391 0.0282146 0.0152028
14 0.5560546 0.5237391 0.0282146 0.0152028
4 0.5560546 0.3478207 0.0282146 0.0152028
15 0.4124167 0.2891812 0.0282146 0.0152028
1 0.1251409 0.2305418 0.0282146 0.0152028
8 0.2687788 0.3478207 0.0282146 0.0152028
8 0.3405978 0.2305418 0.0282146 0.0152028
19 0.1251409 0.2891812 0.0282146 0.0152028
11 0.1251409 0.5237391 0.0282146 0.0152028
9 0.2687788 0.4650997 0.0282146 0.0152028
29 0.1251409 0.3478207 0.0282146 0.0152028
13 0.2687788 0.5237391 0.0282146 0.0152028
30 0.4842356 0.5237391 0.0282146 0.0152028
11 0.1969598 0.2305418 0.0282146 0.0152028
28 0.3405978 0.4064602 0.0282146 0.0152028
29 0.5560546 0.2891812 0.0282146 0.0152028
26 0.4842356 0.4064602 0.0282146 0.0152028
15 0.4842356 0.2891812 0.0282146 0.0152028
22 0.3405978 0.2891812 0.0282146 0.0152028
8 0.4842356 0.2305418 0.0282146 0.0152028
20 0.5560546 0.4650997 0.0282146 0.0152028
3 0.3405978 0.5237391 0.0282146 0.0152028
13 0.2687788 0.4064602 0.0282146 0.0152028
9 0.1251409 0.4064602 0.0282146 0.0152028
26 0.4842356 0.3478207 0.0282146 0.0152028
5 0.4124167 0.4650997 0.0282146 0.0152028
7 0.1251409 0.4650997 0.0282146 0.0152028
21 0.4842356 0.4650997 0.0282146 0.0152028
24 0.3405978 0.3478207 0.0282146 0.0152028
24 0.4124167 0.4064602 0.0282146 0.0152028
11 0.2687788 0.2305418 0.0282146 0.0152028
11 0.5560546 0.2305418 0.0282146 0.0152028
25 0.3405978 0.4650997 0.0282146 0.0152028
29 0.2687788 0.2891812 0.0282146 0.0152028
28 0.4124167 0.3478207 0.0282146 0.0152028
16 0.1969598 0.4064602 0.0282146 0.0152028
7 0.4124167 0.2305418 0.0282146 0.0152028
