4 0.5775384 0.5867114 0.0274189 0.0166143
11 0.2983645 0.6459690 0.0274189 0.0155067
32 0.5083681 0.4909025 0.5047564 0.4253251
33 0.3681580 0.3469122 0.0648082 0.0598113
22 0.3681580 0.3474660 0.0274189 0.0166143
10 0.5775384 0.4067236 0.0274189 0.0155066
14 0.4379515 0.6459690 0.0274189 0.0155067
23 0.4379515 0.3474660 0.0274189 0.0166143
29 0.2983645 0.4067236 0.0274189 0.0155066
1 0.6473319 0.6459690 0.0274189 0.0155067
24 0.6473319 0.4067236 0.0274189 0.0155066
5 0.6473319 0.3474660 0.0274189 0.0166143
10 0.5077449 0.6459690 0.0274189 0.0155067
7 0.4379515 0.5269001 0.0274189 0.0166142
28 0.3681580 0.4670887 0.0274189 0.0166142
21 0.3681580 0.5867114 0.0274189 0.0166143
31 0.6473319 0.5269001 0.0274189 0.0166142
31 0.5775384 0.3474660 0.0274189 0.0166143
22 0.5775384 0.4670887 0.0274189 0.0166142
26 0.4379515 0.5867114 0.0274189 0.0166143
3 0.7171254 0.3474660 0.0274188 0.0166143
14 0.2983645 0.4670887 0.0274189 0.0166142
6 0.7171254 0.4670887 0.0274188 0.0166142
15 0.3681580 0.6459690 0.0274189 0.0155067
17 0.6473319 0.5867114 0.0274189 0.0166143
18 0.7171254 0.4067236 0.0274188 0.0155066
29 0.5077449 0.4067236 0.0274189 0.0155066
5 0.2983645 0.5867114 0.0274189 0.0166143
31 0.5077449 0.3474660 0.0274189 0.0166143
21 0.2983645 0.3474660 0.0274189 0.0166143
13 0.4379515 0.4067236 0.0274189 0.0155066
26 0.7171254 0.6459690 0.0274188 0.0155067
26 0.2983645 0.5269001 0.0274189 0.0166142
27 0.5077449 0.5269001 0.0274189 0.0166142
8 0.7171254 0.5867114 0.0274188 0.0166143
15 0.5077449 0.4670887 0.0274189 0.0166142
23 0.6473319 0.4670887 0.0274189 0.0166142
15 0.4379515 0.4670887 0.0274189 0.0166142
27 0.7171254 0.5269001 0.0274188 0.0166142
12 0.3681580 0.4067236 0.0274189 0.0155066
30 0.5077449 0.5867114 0.0274189 0.0166143
5 0.3681580 0.5269001 0.0274189 0.0166142
13 0.5775384 0.6459690 0.0274189 0.0155067
11 0.5775384 0.5269001 0.0274189 0.0166142
