11 0.8079591 0.7774708 0.0274315 0.0153588
14 0.4588315 0.7187781 0.0274314 0.0164559
32 0.5991059 0.6238824 0.5049882 0.4212711
33 0.4588315 0.6589883 0.0648380 0.0592413
9 0.4588315 0.6595368 0.0274314 0.0164560
30 0.6683080 0.4818131 0.0274315 0.0164559
28 0.5984825 0.7774708 0.0274314 0.0153588
5 0.5286570 0.6595368 0.0274314 0.0164560
25 0.6683080 0.6595368 0.0274315 0.0164560
11 0.5286570 0.6002956 0.0274314 0.0164559
25 0.5984825 0.4818131 0.0274314 0.0164559
10 0.3890059 0.7774708 0.0274315 0.0153588
5 0.7381335 0.5405058 0.0274314 0.0153588
31 0.8079591 0.7187781 0.0274315 0.0164559
11 0.3890059 0.4818131 0.0274315 0.0164559
19 0.6683080 0.6002956 0.0274315 0.0164559
19 0.8079591 0.4818131 0.0274315 0.0164559
7 0.6683080 0.7774708 0.0274315 0.0153588
28 0.5286570 0.7187781 0.0274314 0.0164559
5 0.7381335 0.6595368 0.0274314 0.0164560
16 0.3890059 0.6595368 0.0274315 0.0164560
25 0.5286570 0.7774708 0.0274314 0.0153588
21 0.7381335 0.7187781 0.0274314 0.0164559
16 0.3890059 0.6002956 0.0274315 0.0164559
22 0.5984825 0.6595368 0.0274314 0.0164560
20 0.4588315 0.6002956 0.0274314 0.0164559
15 0.5984825 0.5405058 0.0274314 0.0153588
30 0.4588315 0.5405058 0.0274314 0.0153588
25 0.5984825 0.7187781 0.0274314 0.0164559
22 0.3890059 0.5405058 0.0274315 0.0153588
18 0.6683080 0.5405058 0.0274315 0.0153588
7 0.5286570 0.4818131 0.0274314 0.0164559
3 0.4588315 0.7774708 0.0274314 0.0153588
4 0.8079591 0.6595368 0.0274315 0.0164560
9 0.8079591 0.6002956 0.0274315 0.0164559
30 0.5984825 0.6002956 0.0274314 0.0164559
1 0.7381335 0.7774708 0.0274314 0.0153588
24 0.6683080 0.7187781 0.0274315 0.0164559
26 0.5286570 0.5405058 0.0274314 0.0153588
27 0.3890059 0.7187781 0.0274315 0.0164559
31 0.7381335 0.6002956 0.0274314 0.0164559
16 0.4588315 0.4818131 0.0274314 0.0164559
9 0.7381335 0.4818131 0.0274314 0.0164559
16 0.8079591 0.5405058 0.0274315 0.0153588
