16 0.3302660 0.4844635 0.0268740 0.0153402
4 0.3986724 0.5436329 0.0268739 0.0153402
32 0.5312099 0.6312913 0.4947253 0.4207602
33 0.7407047 0.5436329 0.0635203 0.0591694
8 0.7407047 0.5436329 0.0268739 0.0153402
6 0.6038918 0.6619717 0.0268739 0.0153402
25 0.7407047 0.6619717 0.0268739 0.0153402
7 0.5354853 0.6028023 0.0268739 0.0153402
2 0.7407047 0.7211412 0.0268739 0.0153403
30 0.3302660 0.7803106 0.0268740 0.0153402
2 0.3302660 0.7211412 0.0268740 0.0153403
3 0.6722982 0.7803106 0.0268739 0.0153402
21 0.4670789 0.5436329 0.0268739 0.0153402
17 0.5354853 0.7803106 0.0268739 0.0153402
10 0.3302660 0.6619717 0.0268740 0.0153402
24 0.5354853 0.4844635 0.0268739 0.0153402
22 0.3986724 0.6028023 0.0268739 0.0153402
23 0.6722982 0.7211412 0.0268739 0.0153403
4 0.3986724 0.7211412 0.0268739 0.0153403
28 0.6722982 0.6028023 0.0268739 0.0153402
13 0.5354853 0.5436329 0.0268739 0.0153402
6 0.3302660 0.6028023 0.0268740 0.0153402
27 0.6038918 0.7803106 0.0268739 0.0153402
30 0.6722982 0.5436329 0.0268739 0.0153402
22 0.6038918 0.6028023 0.0268739 0.0153402
1 0.4670789 0.7211412 0.0268739 0.0153403
27 0.7407047 0.7803106 0.0268739 0.0153402
17 0.3986724 0.6619717 0.0268739 0.0153402
6 0.7407047 0.6028023 0.0268739 0.0153402
26 0.6038918 0.4844635 0.0268739 0.0153402
7 0.5354853 0.7211412 0.0268739 0.0153403
25 0.3302660 0.5436329 0.0268740 0.0153402
5 0.4670789 0.6619717 0.0268739 0.0153402
8 0.6038918 0.5436329 0.0268739 0.0153402
22 0.6722982 0.4844635 0.0268739 0.0153402
24 0.6038918 0.7211412 0.0268739 0.0153403
7 0.4670789 0.6028023 0.0268739 0.0153402
29 0.7407047 0.4844635 0.0268739 0.0153402
29 0.6722982 0.6619717 0.0268739 0.0153402
4 0.3986724 0.7803106 0.0268739 0.0153402
8 0.3986724 0.4844635 0.0268739 0.0153402
29 0.5354853 0.6619717 0.0268739 0.0153402
25 0.4670789 0.4844635 0.0268739 0.0153402
16 0.4670789 0.7803106 0.0268739 0.0153402
