1 0.6559883 0.5443361 0.0281673 0.0161889
8 0.2974962 0.6067792 0.0281672 0.0161889
32 0.4364120 0.5119582 0.5185332 0.4440399
33 0.3691946 0.5443361 0.0665771 0.0624431
6 0.3691946 0.5443361 0.0281672 0.0161889
25 0.3691946 0.3570068 0.0281672 0.0161889
18 0.6559883 0.6692223 0.0281673 0.0161890
7 0.5125915 0.5443361 0.0281672 0.0161889
3 0.2974962 0.4818930 0.0281672 0.0161889
17 0.4408931 0.3570068 0.0281672 0.0161889
15 0.5842899 0.3570068 0.0281672 0.0161889
28 0.5842899 0.6692223 0.0281672 0.0161890
14 0.4408931 0.4818930 0.0281672 0.0161889
23 0.6559883 0.6067792 0.0281673 0.0161889
21 0.5125915 0.6067792 0.0281672 0.0161889
21 0.5842899 0.6067792 0.0281672 0.0161889
21 0.3691946 0.6692223 0.0281672 0.0161890
9 0.3691946 0.6067792 0.0281672 0.0161889
24 0.2257978 0.6692223 0.0281672 0.0161890
14 0.6559883 0.4818930 0.0281673 0.0161889
24 0.2257978 0.4818930 0.0281672 0.0161889
5 0.5842899 0.4818930 0.0281672 0.0161889
16 0.3691946 0.4194499 0.0281672 0.0161889
18 0.4408931 0.5443361 0.0281672 0.0161889
19 0.5125915 0.3570068 0.0281672 0.0161889
15 0.5125915 0.4194499 0.0281672 0.0161889
5 0.2257978 0.6067792 0.0281672 0.0161889
27 0.4408931 0.4194499 0.0281672 0.0161889
2 0.5842899 0.5443361 0.0281672 0.0161889
9 0.2974962 0.6692223 0.0281672 0.0161890
19 0.2974962 0.5443361 0.0281672 0.0161889
1 0.2974962 0.3570068 0.0281672 0.0161889
30 0.6559883 0.4194499 0.0281673 0.0161889
5 0.2257978 0.4194499 0.0281672 0.0161889
10 0.3691946 0.4818930 0.0281672 0.0161889
15 0.2257978 0.3570068 0.0281672 0.0161889
19 0.5125915 0.6692223 0.0281672 0.0161890
17 0.6559883 0.3570068 0.0281673 0.0161889
21 0.2257978 0.5443361 0.0281672 0.0161889
7 0.4408931 0.6067792 0.0281672 0.0161889
28 0.4408931 0.6692223 0.0281672 0.0161890
17 0.5842899 0.4194499 0.0281672 0.0161889
24 0.2974962 0.4194499 0.0281672 0.0161889
6 0.5125915 0.4818930 0.0281672 0.0161889
