25 0.5971818 0.4598566 0.0264750 0.0161257
25 0.4623999 0.5759619 0.0264750 0.0161257
32 0.5977835 0.5990755 0.4873809 0.4128191
33 0.5297908 0.5173717 0.0625773 0.0580527
31 0.5297908 0.5173717 0.0264750 0.0150507
31 0.5297908 0.7495825 0.0264750 0.0150507
28 0.6645728 0.5759619 0.0264750 0.0161257
27 0.5971818 0.5759619 0.0264750 0.0161257
29 0.6645728 0.5173717 0.0264750 0.0150507
15 0.6645728 0.7495825 0.0264750 0.0150507
8 0.7993546 0.6340146 0.0264750 0.0161258
26 0.7993546 0.6920673 0.0264750 0.0161258
11 0.5297908 0.5759619 0.0264750 0.0161257
18 0.5297908 0.6920673 0.0264750 0.0161258
28 0.3950090 0.4598566 0.0264750 0.0161257
23 0.6645728 0.6340146 0.0264750 0.0161258
6 0.4623999 0.5173717 0.0264750 0.0150507
16 0.3950090 0.7495825 0.0264750 0.0150507
27 0.7993546 0.7495825 0.0264750 0.0150507
17 0.4623999 0.4598566 0.0264750 0.0161257
3 0.7993546 0.4598566 0.0264750 0.0161257
26 0.7319637 0.4598566 0.0264750 0.0161257
29 0.4623999 0.6920673 0.0264750 0.0161258
28 0.7319637 0.6340146 0.0264750 0.0161258
22 0.7993546 0.5759619 0.0264750 0.0161257
30 0.7319637 0.7495825 0.0264750 0.0150507
1 0.4623999 0.6340146 0.0264750 0.0161258
9 0.5297908 0.6340146 0.0264750 0.0161258
4 0.7993546 0.5173717 0.0264750 0.0150507
30 0.4623999 0.7495825 0.0264750 0.0150507
24 0.7319637 0.5173717 0.0264750 0.0150507
11 0.6645728 0.6920673 0.0264750 0.0161258
5 0.5971818 0.6920673 0.0264750 0.0161258
19 0.6645728 0.4598566 0.0264750 0.0161257
27 0.5297908 0.4598566 0.0264750 0.0161257
29 0.3950090 0.5759619 0.0264750 0.0161257
1 0.5971818 0.6340146 0.0264750 0.0161258
5 0.7319637 0.5759619 0.0264750 0.0161257
9 0.3950090 0.5173717 0.0264750 0.0150507
2 0.7319637 0.6920673 0.0264750 0.0161258
13 0.5971818 0.7495825 0.0264750 0.0150507
15 0.3950090 0.6920673 0.0264750 0.0161258
14 0.3950090 0.6340146 0.0264750 0.0161258
12 0.5971818 0.5173717 0.0264750 0.0150507
