30 0.3497683 0.4875945 0.0288508 0.0152432
17 0.4232067 0.4293436 0.0288508 0.0163320
32 0.2769856 0.3351624 0.5311170 0.4180994
33 0.4232067 0.4875945 0.0681928 0.0587952
18 0.4232067 0.4875945 0.0288508 0.0152432
29 0.1294531 0.2524136 0.0288508 0.0152432
9 0.2028915 0.4293436 0.0288508 0.0163320
25 0.1294531 0.4875945 0.0288508 0.0152432
4 0.3497683 0.4293436 0.0288508 0.0163320
22 0.2028915 0.4875945 0.0288508 0.0152432
26 0.4966451 0.4875945 0.0288508 0.0152432
3 0.3497683 0.1941627 0.0288508 0.0163320
3 0.2028915 0.1941627 0.0288508 0.0163320
7 0.3497683 0.3705484 0.0288508 0.0163320
15 0.2028915 0.3705484 0.0288508 0.0163320
31 0.4966451 0.3117532 0.0288508 0.0163320
22 0.1294531 0.3117532 0.0288508 0.0163320
20 0.4966451 0.1941627 0.0288508 0.0163320
27 0.0560148 0.3117532 0.0288508 0.0163320
10 0.3497683 0.3117532 0.0288508 0.0163320
4 0.1294531 0.1941627 0.0288508 0.0163320
18 0.4966451 0.2524136 0.0288508 0.0152432
8 0.2028915 0.3117532 0.0288508 0.0163320
11 0.4232067 0.3117532 0.0288508 0.0163320
1 0.0560148 0.1941627 0.0288508 0.0163320
3 0.0560148 0.4875945 0.0288508 0.0152432
13 0.4966451 0.4293436 0.0288508 0.0163320
16 0.2763300 0.4293436 0.0288508 0.0163320
7 0.2763300 0.4875945 0.0288508 0.0152432
30 0.2028915 0.2524136 0.0288508 0.0152432
22 0.0560148 0.3705484 0.0288508 0.0163320
20 0.3497683 0.2524136 0.0288508 0.0152432
30 0.1294531 0.4293436 0.0288508 0.0163320
26 0.4966451 0.3705484 0.0288508 0.0163320
19 0.0560148 0.2524136 0.0288508 0.0152432
30 0.0560148 0.4293436 0.0288508 0.0163320
11 0.4232067 0.2524136 0.0288508 0.0152432
25 0.1294531 0.3705484 0.0288508 0.0163320
13 0.2763300 0.3705484 0.0288508 0.0163320
3 0.2763300 0.1941627 0.0288508 0.0163320
22 0.2763300 0.2524136 0.0288508 0.0152432
28 0.4232067 0.1941627 0.0288508 0.0163320
13 0.2763300 0.3117532 0.0288508 0.0163320
17 0.4232067 0.3705484 0.0288508 0.0163320
