13 0.1813745 0.3763352 0.0271551 0.0159432
15 0.1122525 0.6838109 0.0271551 0.0159432
32 0.3152985 0.5289342 0.4999004 0.4372988
33 0.2504966 0.5608206 0.0641847 0.0614951
9 0.2504966 0.5608206 0.0271551 0.0159432
15 0.1813745 0.5608206 0.0271551 0.0159432
18 0.5269847 0.6223157 0.0271551 0.0159432
28 0.1122525 0.4993254 0.0271551 0.0159432
5 0.3887406 0.6838109 0.0271551 0.0159432
26 0.2504966 0.3763352 0.0271551 0.0159432
30 0.5269847 0.3763352 0.0271551 0.0159432
24 0.3887406 0.6223157 0.0271551 0.0159432
20 0.1122525 0.3763352 0.0271551 0.0159432
3 0.3196186 0.6838109 0.0271551 0.0159432
2 0.1122525 0.4378303 0.0271551 0.0159432
18 0.3196186 0.4993254 0.0271551 0.0159432
17 0.4578627 0.6838109 0.0271551 0.0159432
19 0.2504966 0.6838109 0.0271551 0.0159432
17 0.1122525 0.6223157 0.0271551 0.0159432
29 0.2504966 0.6223157 0.0271551 0.0159432
18 0.4578627 0.4378303 0.0271551 0.0159432
20 0.3196186 0.6223157 0.0271551 0.0159432
6 0.1122525 0.5608206 0.0271551 0.0159432
25 0.5269847 0.4378303 0.0271551 0.0159432
30 0.5269847 0.6838109 0.0271551 0.0159432
31 0.1813745 0.4993254 0.0271551 0.0159432
24 0.1813745 0.4378303 0.0271551 0.0159432
26 0.4578627 0.6223157 0.0271551 0.0159432
31 0.2504966 0.4378303 0.0271551 0.0159432
15 0.5269847 0.5608206 0.0271551 0.0159432
15 0.5269847 0.4993254 0.0271551 0.0159432
15 0.3887406 0.3763352 0.0271551 0.0159432
30 0.2504966 0.4993254 0.0271551 0.0159432
1 0.3196186 0.4378303 0.0271551 0.0159432
4 0.3196186 0.3763352 0.0271551 0.0159432
29 0.1813745 0.6838109 0.0271551 0.0159432
4 0.3887406 0.4378303 0.0271551 0.0159432
16 0.4578627 0.5608206 0.0271551 0.0159432
18 0.3196186 0.5608206 0.0271551 0.0159432
30 0.4578627 0.4993254 0.0271551 0.0159432
29 0.4578627 0.3763352 0.0271551 0.0159432
30 0.3887406 0.5608206 0.0271551 0.0159432
16 0.1813745 0.6223157 0.0271551 0.0159432
31 0.3887406 0.4993254 0.0271551 0.0159432
