23 0.6047729 0.5783492 0.0286342 0.0161637
29 0.3861117 0.5165806 0.0286342 0.0173183
32 0.6054237 0.4167118 0.5271298 0.4433484
33 0.7505472 0.5160033 0.0676809 0.0623459
16 0.7505472 0.5165806 0.0286343 0.0173183
14 0.4589988 0.5165806 0.0286342 0.0173183
26 0.6776601 0.2671971 0.0286342 0.0173183
7 0.8234342 0.5165806 0.0286342 0.0173183
22 0.7505472 0.4542347 0.0286343 0.0173183
21 0.6776601 0.3289657 0.0286342 0.0161638
14 0.6047729 0.4542347 0.0286342 0.0173183
29 0.4589988 0.3289657 0.0286342 0.0161638
21 0.6047729 0.2671971 0.0286342 0.0173183
30 0.7505472 0.5783492 0.0286343 0.0161637
18 0.3861117 0.3289657 0.0286342 0.0161638
6 0.5318859 0.3289657 0.0286342 0.0161638
18 0.6047729 0.3289657 0.0286342 0.0161638
25 0.6776601 0.5783492 0.0286342 0.0161637
1 0.3861117 0.5783492 0.0286342 0.0161637
13 0.3861117 0.3918889 0.0286342 0.0173183
28 0.8234342 0.3289657 0.0286342 0.0161638
1 0.3861117 0.2671971 0.0286342 0.0173183
20 0.6776601 0.5165806 0.0286342 0.0173183
24 0.6776601 0.4542347 0.0286342 0.0173183
10 0.8234342 0.3918889 0.0286342 0.0173183
24 0.7505472 0.3289657 0.0286343 0.0161638
4 0.8234342 0.4542347 0.0286342 0.0173183
21 0.8234342 0.2671971 0.0286342 0.0173183
26 0.6776601 0.3918889 0.0286342 0.0173183
23 0.6047729 0.3918889 0.0286342 0.0173183
19 0.3861117 0.4542347 0.0286342 0.0173183
4 0.7505472 0.3918889 0.0286343 0.0173183
8 0.4589988 0.5783492 0.0286342 0.0161637
26 0.5318859 0.3918889 0.0286342 0.0173183
30 0.5318859 0.2671971 0.0286342 0.0173183
20 0.4589988 0.4542347 0.0286342 0.0173183
13 0.4589988 0.2671971 0.0286342 0.0173183
18 0.7505472 0.2671971 0.0286343 0.0173183
26 0.5318859 0.5783492 0.0286342 0.0161637
5 0.5318859 0.5165806 0.0286342 0.0173183
18 0.4589988 0.3918889 0.0286342 0.0173183
20 0.6047729 0.5165806 0.0286342 0.0173183
21 0.5318859 0.4542347 0.0286342 0.0173183
5 0.8234342 0.5783492 0.0286342 0.0161637
