23 0.5713072 0.5890514 0.0267149 0.0157284
20 0.7753117 0.4070515 0.0267149 0.0157284
32 0.5670571 0.5575946 0.4917965 0.4314072
33 0.3673027 0.6497180 0.0631442 0.0606666
12 0.3673027 0.6497180 0.0267149 0.0157284
27 0.5713072 0.5283847 0.0267149 0.0157284
13 0.5713072 0.4677181 0.0267149 0.0157284
29 0.4353042 0.7103847 0.0267149 0.0157284
18 0.4353042 0.5283847 0.0267149 0.0157284
7 0.3673027 0.5890514 0.0267149 0.0157284
26 0.5033057 0.4677181 0.0267149 0.0157284
31 0.7073102 0.4070515 0.0267148 0.0157284
24 0.7753117 0.6497180 0.0267149 0.0157284
27 0.5033057 0.5890514 0.0267149 0.0157284
25 0.3673027 0.4677181 0.0267149 0.0157284
13 0.7073102 0.5890514 0.0267148 0.0157284
30 0.4353042 0.6497180 0.0267149 0.0157284
3 0.6393087 0.4677181 0.0267149 0.0157284
24 0.6393087 0.5890514 0.0267149 0.0157284
1 0.3673027 0.5283847 0.0267149 0.0157284
3 0.5713072 0.7103847 0.0267149 0.0157284
15 0.6393087 0.7103847 0.0267149 0.0157284
23 0.6393087 0.4070515 0.0267149 0.0157284
26 0.4353042 0.4070515 0.0267149 0.0157284
29 0.7073102 0.4677181 0.0267148 0.0157284
15 0.5033057 0.4070515 0.0267149 0.0157284
6 0.7753117 0.4677181 0.0267149 0.0157284
1 0.5713072 0.6497180 0.0267149 0.0157284
6 0.5033057 0.7103847 0.0267149 0.0157284
13 0.3673027 0.4070515 0.0267149 0.0157284
23 0.7753117 0.7103847 0.0267149 0.0157284
15 0.7073102 0.6497180 0.0267148 0.0157284
28 0.6393087 0.5283847 0.0267149 0.0157284
24 0.5033057 0.6497180 0.0267149 0.0157284
21 0.7753117 0.5890514 0.0267149 0.0157284
2 0.7073102 0.7103847 0.0267148 0.0157284
6 0.6393087 0.6497180 0.0267149 0.0157284
6 0.5033057 0.5283847 0.0267149 0.0157284
23 0.5713072 0.4070515 0.0267149 0.0157284
16 0.7753117 0.5283847 0.0267149 0.0157284
28 0.7073102 0.5283847 0.0267148 0.0157284
28 0.3673027 0.7103847 0.0267149 0.0157284
30 0.4353042 0.4677181 0.0267149 0.0157284
15 0.4353042 0.5890514 0.0267149 0.0157284
