25 0.2671041 0.4694710 0.0275336 0.0158244
19 0.5474461 0.5305079 0.0275336 0.0158244
32 0.4028947 0.4378221 0.5068683 0.4340408
33 0.3371896 0.2863600 0.0650794 0.0610370
2 0.3371896 0.2863600 0.0275336 0.0158244
27 0.5474461 0.4694710 0.0275336 0.0158244
19 0.1970186 0.2863600 0.0275336 0.0158244
2 0.5474461 0.5915449 0.0275336 0.0158244
29 0.6175316 0.2863600 0.0275336 0.0158244
13 0.1970186 0.4694710 0.0275336 0.0158244
15 0.6175316 0.4084340 0.0275336 0.0158244
26 0.6175316 0.4694710 0.0275336 0.0158244
16 0.1970186 0.5305079 0.0275336 0.0158244
7 0.4773606 0.4694710 0.0275336 0.0158244
2 0.4072751 0.3473970 0.0275336 0.0158244
26 0.2671041 0.3473970 0.0275336 0.0158244
21 0.2671041 0.4084340 0.0275336 0.0158244
31 0.6175316 0.3473970 0.0275336 0.0158244
21 0.4773606 0.2863600 0.0275336 0.0158244
4 0.4072751 0.4694710 0.0275336 0.0158244
17 0.1970186 0.3473970 0.0275336 0.0158244
31 0.4072751 0.5305079 0.0275336 0.0158244
31 0.2671041 0.2863600 0.0275336 0.0158244
23 0.3371896 0.4084340 0.0275336 0.0158244
28 0.4072751 0.4084340 0.0275336 0.0158244
27 0.4773606 0.3473970 0.0275336 0.0158244
13 0.6175316 0.5915449 0.0275336 0.0158244
14 0.5474461 0.2863600 0.0275336 0.0158244
21 0.1970186 0.5915449 0.0275336 0.0158244
17 0.3371896 0.4694710 0.0275336 0.0158244
4 0.1970186 0.4084340 0.0275336 0.0158244
31 0.4072751 0.2863600 0.0275336 0.0158244
15 0.4773606 0.5305079 0.0275336 0.0158244
20 0.6175316 0.5305079 0.0275336 0.0158244
21 0.5474461 0.4084340 0.0275336 0.0158244
4 0.3371896 0.3473970 0.0275336 0.0158244
4 0.4072751 0.5915449 0.0275336 0.0158244
26 0.2671041 0.5915449 0.0275336 0.0158244
30 0.2671041 0.5305079 0.0275336 0.0158244
16 0.3371896 0.5915449 0.0275336 0.0158244
15 0.4773606 0.4084340 0.0275336 0.0158244
5 0.5474461 0.3473970 0.0275336 0.0158244
19 0.3371896 0.5305079 0.0275336 0.0158244
5 0.4773606 0.5915449 0.0275336 0.0158244
