10 0.3294052 0.2939950 0.0261996 0.0160926
26 0.3294052 0.3566414 0.0261996 0.0172422
32 0.3300006 0.3813552 0.4823105 0.4413990
33 0.1293356 0.5422819 0.0619263 0.0620717
2 0.1293356 0.5422819 0.0261996 0.0160927
30 0.2627153 0.2939950 0.0261996 0.0160926
31 0.2627153 0.3566414 0.0261996 0.0172422
27 0.5294748 0.5422819 0.0261996 0.0160927
20 0.3294052 0.4807849 0.0261996 0.0172422
20 0.4627849 0.3566414 0.0261996 0.0172422
11 0.2627153 0.5422819 0.0261996 0.0160927
29 0.1960255 0.5422819 0.0261996 0.0160927
27 0.3960950 0.4187132 0.0261996 0.0172422
31 0.3960950 0.2324980 0.0261996 0.0172421
5 0.1960255 0.3566414 0.0261996 0.0172422
3 0.4627849 0.4807849 0.0261996 0.0172422
19 0.3294052 0.4187132 0.0261996 0.0172422
12 0.1293356 0.2324980 0.0261996 0.0172421
15 0.2627153 0.2324980 0.0261996 0.0172421
25 0.1293356 0.2939950 0.0261996 0.0160926
3 0.4627849 0.2324980 0.0261996 0.0172421
27 0.1960255 0.2939950 0.0261996 0.0160926
4 0.4627849 0.2939950 0.0261996 0.0160926
16 0.3960950 0.3566414 0.0261996 0.0172422
29 0.3960950 0.4807849 0.0261996 0.0172422
28 0.3294052 0.5422819 0.0261996 0.0160927
6 0.1293356 0.4807849 0.0261996 0.0172422
12 0.5294748 0.2939950 0.0261996 0.0160926
26 0.1960255 0.4187132 0.0261996 0.0172422
27 0.3294052 0.2324980 0.0261996 0.0172421
14 0.1960255 0.2324980 0.0261996 0.0172421
20 0.5294748 0.4187132 0.0261996 0.0172422
3 0.1293356 0.3566414 0.0261996 0.0172422
23 0.1960255 0.4807849 0.0261996 0.0172422
15 0.3960950 0.5422819 0.0261996 0.0160927
5 0.3960950 0.2939950 0.0261996 0.0160926
1 0.5294748 0.2324980 0.0261996 0.0172421
15 0.1293356 0.4187132 0.0261996 0.0172422
11 0.4627849 0.4187132 0.0261996 0.0172422
21 0.5294748 0.4807849 0.0261996 0.0172422
20 0.4627849 0.5422819 0.0261996 0.0160927
20 0.2627153 0.4187132 0.0261996 0.0172422
7 0.2627153 0.4807849 0.0261996 0.0172422
20 0.5294748 0.3566414 0.0261996 0.0172422
