7 0.1870680 0.6129654 0.0273545 0.0163207
26 0.3263276 0.4870633 0.0273546 0.0163207
32 0.3916055 0.4544219 0.5035726 0.4476523
33 0.5352170 0.2982099 0.0646563 0.0629511
14 0.5352170 0.2982099 0.0273545 0.0163206
26 0.3959574 0.4870633 0.0273545 0.0163207
22 0.6048467 0.6129654 0.0273545 0.0163207
9 0.4655872 0.4870633 0.0273546 0.0163207
26 0.3263276 0.4241121 0.0273546 0.0163207
14 0.2566978 0.2982099 0.0273546 0.0163206
11 0.6048467 0.4241121 0.0273545 0.0163207
9 0.5352170 0.6129654 0.0273545 0.0163207
14 0.3263276 0.6129654 0.0273546 0.0163207
31 0.6048467 0.4870633 0.0273545 0.0163207
19 0.3959574 0.3611610 0.0273545 0.0163207
13 0.4655872 0.4241121 0.0273546 0.0163207
28 0.3959574 0.2982099 0.0273545 0.0163206
3 0.5352170 0.4870633 0.0273545 0.0163207
16 0.6048467 0.5500143 0.0273545 0.0163207
8 0.3959574 0.4241121 0.0273545 0.0163207
1 0.1870680 0.3611610 0.0273545 0.0163207
1 0.2566978 0.6129654 0.0273546 0.0163207
10 0.2566978 0.5500143 0.0273546 0.0163207
7 0.4655872 0.2982099 0.0273546 0.0163206
22 0.1870680 0.2982099 0.0273545 0.0163206
8 0.5352170 0.5500143 0.0273545 0.0163207
3 0.5352170 0.3611610 0.0273545 0.0163207
31 0.3959574 0.5500143 0.0273545 0.0163207
22 0.4655872 0.5500143 0.0273546 0.0163207
6 0.1870680 0.4241121 0.0273545 0.0163207
28 0.4655872 0.3611610 0.0273546 0.0163207
7 0.6048467 0.3611610 0.0273545 0.0163207
14 0.3959574 0.6129654 0.0273545 0.0163207
22 0.4655872 0.6129654 0.0273546 0.0163207
12 0.2566978 0.3611610 0.0273546 0.0163207
11 0.1870680 0.5500143 0.0273545 0.0163207
29 0.2566978 0.4241121 0.0273546 0.0163207
7 0.2566978 0.4870633 0.0273546 0.0163207
22 0.6048467 0.2982099 0.0273545 0.0163206
28 0.3263276 0.5500143 0.0273546 0.0163207
4 0.5352170 0.4241121 0.0273545 0.0163207
4 0.3263276 0.2982099 0.0273546 0.0163206
15 0.1870680 0.4870633 0.0273545 0.0163207
17 0.3263276 0.3611610 0.0273546 0.0163207
